0,1,2,3,4,5,6,7,8,9,10,11,12,13,14,15,16,17,18,19,20,21,22,23,24,25,26,27,28,29,30,31,32,33,34,35,36,37,38,39,40,41,42,43,44,45,46,47,48,49,50,51,52,53,54,55,56,57,58,59,60,61,62,63,64,65,66,67,68,69,70,71,72,73,74,75,76,77,78,79,80,81,82,83,84,85,86,87,88,89,90,91,92,93,94,95,96,97,98,99,100,101,102,103,104,105,106,107,108,109,110,111,112,113,114,115,116,117,118,119,120,121,122,123,124,125,126,127,128,129,130,131,132,133,134,135,136,137,138,139,140,141,142,143,144,145,146,147,148,149,150,151,152,153,154,155,156,157,158,159,160,161,162,163,164,165,166,167,168,169,170,171,172,173,174,175,176,177,178,179,180,181,182,183,184,185,186,187,188,189,190,191,192,193
0,2.2810192,2.7498448,7.570013,13.902908,14.424066,9.169957,5.845251,7.0759373,10.553481,10.864666,6.593657,4.128298,6.02761,9.201655,8.990239,14.907998,14.318642,19.748543,13.142038,14.675115,15.863433,21.566334,14.563584,8.067906,7.3874235,8.982097,13.995013,13.137772,13.188069,9.518614,7.840536,5.0074835,7.1327386,12.99533,12.127851,15.795965,41.276104,53.731586,29.063614,111.961624,118.28206,57.444767,46.83621,19.158775,7.872016,14.212718,10.130459,10.051858,8.609057,8.742727,9.890897,16.061506,20.022596,26.097485,27.624277,21.718382,25.042257,24.470953,8.098008,9.95764,22.885386,18.73922,15.856381,25.66565,16.351744,7.2371616,9.08035,14.478828,15.752413,17.291592,10.040592,11.923877,26.240076,25.617092,25.08922,35.302883,69.02274,57.963448,30.400524,48.964134,64.544525,74.55422,41.692413,26.166542,18.117044,25.463068,20.694649,15.055683,14.195634,10.900328,15.154225,27.841658,23.196383,24.957952,15.955538,6.8042984,20.954578,31.243633,18.133926,16.330338,20.419832,12.346498,20.49606,22.028862,12.333287,3.1977236,6.4888096,5.9602823,2.3858738,1.7660398,3.0671673,6.3407364,5.101844,6.9859805,10.862861,24.465467,36.654186,34.136536,23.94486,27.020386,39.782764,33.544884,29.5722,23.971918,16.466707,25.750097,16.116385,3.0816097,3.0777931,4.9745207,7.846288,11.73374,7.253255,12.705541,16.000881,13.977676,32.601257,30.664204,8.105982,5.078839,8.723997,18.486206,14.42363,10.715094,19.829206,18.724571,14.589144,15.918032,20.796225,10.840906,10.082621,10.358445,15.419586,20.872448,16.826036,20.060898,24.630901,20.046991,10.712171,9.64171,18.377909,11.239672,10.319012,14.670388,17.085264,9.614267,19.207762,21.514294,7.7461243,2.8349211,1.9962803,2.9700615,4.038073,7.703085,8.432456,11.377136,21.299654,13.916124,12.352456,8.832935,5.182371,7.7075505,9.335949,5.34074,5.4471416,10.987275,10.7788925,12.765787,13.244157,9.409697,7.6238866,7.6699376,12.514486
0,2.1433055,4.3418527,11.675145,15.599277,10.620737,14.309515,15.709171,14.873628,6.1593103,15.040921,15.696017,4.5490055,8.996283,12.5107975,21.374388,33.404827,16.149424,6.4615884,12.64044,21.161707,16.839802,14.491897,13.728408,5.8627586,16.240784,19.569757,24.981071,52.694996,39.29043,21.20604,27.27718,36.795036,28.883896,14.52697,18.236935,13.393627,23.636948,31.969147,13.079958,4.479406,2.9819832,7.4655848,17.348068,24.689676,25.34826,16.977205,29.574148,28.712898,32.107655,47.71203,32.459133,27.42214,31.007208,29.174395,21.548439,30.759083,43.46867,20.663414,12.086447,11.481617,14.510371,30.001541,23.006456,13.988283,23.00548,27.619112,21.856236,10.143388,12.561443,13.262309,16.463459,19.834219,13.837272,8.734329,11.975914,20.791935,27.945452,19.575531,16.73677,32.62129,35.20698,28.078003,18.475298,23.327513,13.199479,4.9357853,11.990692,27.635597,20.28333,11.337915,5.738216,13.711507,13.102873,11.26228,9.148392,4.625034,15.416653,21.089727,18.09277,15.337921,12.599949,12.911818,23.027424,21.747114,19.614105,17.827124,15.703565,9.934575,8.453298,15.0697365,15.520595,19.138674,19.738039,6.2059894,8.821186,9.187322,8.189759,8.834936,11.47656,10.0699415,3.2617073,3.5190659,3.137145,2.7060754,14.592039,45.827496,35.570606,14.102092,11.461723,6.88114,24.531229,34.015663,22.524738,11.553631,4.48116,6.6445427,6.3782177,7.102977,6.6339283,3.8919187,1.6843654,1.4754697,1.8392792,2.354102,5.9298987,4.90916,1.8230182,3.3987734,12.993005,11.859527,3.3131032,2.8199048,2.265062,6.0382805,10.479468,12.530348,21.186733,22.257156,5.512618,0.839925,1.653962,2.1483822,2.013488,5.2660513,5.0209746,3.0256166,2.8702326,12.922338,13.326894,7.2172966,6.5789485,10.51819,11.664644,8.850876,9.622662,7.915145,5.0740066,1.8736346,1.1049259,3.0272663,7.6547766,15.441668,10.859159,6.258349,3.8925517,4.3157425,12.607736,14.368973,10.392928,7.401878,6.95075,8.3771305,10.84565
0,0.32373473,0.93507177,8.071879,12.292085,13.316754,9.745774,6.630108,5.4960575,9.857522,6.6292577,18.354534,31.704926,21.423803,19.186316,21.182323,23.267664,11.840119,17.825752,23.078274,7.5777287,4.5588965,38.101738,58.73315,49.747467,30.705399,13.205187,10.921798,12.565219,20.314287,25.159058,26.382694,13.7816,38.567383,49.011497,15.844237,4.481499,2.2050552,14.757711,35.991894,22.87475,12.162395,15.676089,6.530829,7.2541766,14.807088,23.23436,14.950284,9.19488,6.9426517,10.064583,19.147942,27.133581,31.311543,21.09788,65.469925,64.08321,27.084991,15.538118,8.345162,8.069473,14.768496,16.05181,11.4745245,11.506772,22.508844,27.39004,22.060339,16.034496,29.497507,16.939405,4.477355,13.101358,31.746696,22.828978,21.569244,36.22721,54.429066,42.816437,25.203783,16.715607,10.819492,15.485195,18.913597,8.37069,8.979383,7.764699,22.874065,57.65867,37.091118,28.83866,45.01266,20.252136,13.236173,13.556628,6.416617,12.484802,10.432166,5.303006,9.468673,37.29973,37.769367,27.114315,10.5596695,18.835709,20.419624,16.229198,22.357481,17.832644,21.280666,34.764072,42.033817,30.82849,20.428238,37.79755,21.990772,12.872719,13.660771,8.7500105,7.402382,14.566674,21.458805,14.750649,15.352866,16.958378,17.2555,8.184029,7.8327107,17.375935,30.329626,24.015919,18.319544,16.761892,25.550714,19.46953,15.384068,13.970172,5.3270297,1.4210023,14.0253315,24.162994,14.167274,17.439472,18.782444,8.216077,17.759806,17.986853,14.726382,5.1348476,7.0247116,11.495045,16.368279,20.885315,12.819555,12.28199,20.075108,8.625592,2.390221,5.28813,9.495249,6.6212573,11.262995,16.35985,20.11912,12.164119,5.522756,3.7218204,7.837685,14.967285,14.170739,3.5610945,5.0564785,4.8745337,4.439735,5.0110583,10.470654,16.014387,20.218523,22.060299,16.698755,16.073496,16.774698,6.4531775,14.88164,23.834557,30.463533,16.38229,11.38051,11.136431,13.350869,19.902292,14.788362,5.8235455,6.1414332
0,6.0091577,3.8881218,3.37723,5.9433284,7.3728633,5.7591157,8.0721855,10.842619,13.328428,12.277003,9.462419,5.4118123,7.2952957,12.833911,37.336823,51.54972,26.000563,10.259663,8.680713,11.905695,10.33786,10.329204,14.518302,21.643217,27.502483,27.226498,12.167696,20.273817,53.622086,90.75747,124.66568,74.576866,49.278576,47.295574,41.63163,34.265068,14.260599,9.034812,30.657309,42.501328,33.11671,17.531778,16.237165,35.467907,40.376728,32.693348,33.447018,24.001326,21.720947,22.286005,16.274717,15.9338665,23.072996,39.13073,41.719593,31.758781,22.943354,28.233538,53.126205,43.360027,63.81293,71.87311,41.907616,76.98303,60.701668,29.57462,28.681536,36.299362,58.042328,46.661907,33.18782,30.518993,22.159689,35.233433,31.681545,34.5058,33.363155,30.79134,34.336414,19.712618,12.415404,17.697544,19.88194,28.023214,22.10078,22.863207,26.33828,27.47994,39.72177,28.886806,39.933918,36.9229,39.022957,53.682262,35.87676,30.752867,28.191935,29.843164,40.52369,34.37969,35.697685,26.651918,28.80622,44.30332,38.2033,34.291245,20.695213,23.67177,28.879766,22.32353,17.606014,17.684008,16.94439,24.479563,19.074078,14.935803,15.96028,18.904543,24.822874,24.047829,17.165653,13.944308,27.450634,35.99998,27.947994,13.776302,13.697268,19.643133,36.78778,44.892227,33.531967,28.140213,28.867355,37.87791,31.044949,26.571714,12.609007,19.173119,27.81631,21.707586,12.603472,7.110184,9.863545,23.146862,25.464008,11.692172,10.913785,17.917183,19.304497,20.082289,16.284876,13.903653,15.695419,22.019892,20.621588,11.594916,10.71878,12.645952,25.36743,23.50702,26.15793,26.400032,18.41943,28.842453,27.25636,16.308266,12.89027,12.525733,16.851871,13.885383,10.845164,9.510564,11.909526,12.330645,11.336969,14.898196,15.596371,12.837344,14.923654,14.561379,9.653734,8.297815,10.849604,10.560394,11.197919,6.133198,6.6002965,9.688186,11.930228,15.124392,25.754332,30.55086,19.445135
0,0.2259656,0.45471907,5.363654,16.157223,11.611542,1.882911,7.7519903,7.8455224,2.9477992,28.45841,40.55559,13.822786,5.8864555,11.870993,6.1123962,7.9839096,24.87081,18.303547,3.6911583,17.265938,17.850927,3.7906935,1.1731317,1.5350178,0.763461,49.056404,103.28211,54.308567,4.2207813,13.389852,10.116244,7.364872,40.403862,42.743896,10.194646,51.045826,76.22429,27.554054,6.884845,14.341868,7.7325926,3.187032,10.539765,8.184057,6.0618954,34.887245,37.755817,8.660289,4.0644064,6.020638,2.296219,21.882664,48.536198,26.8281,1.8423601,5.9615593,4.802638,6.0905004,36.944565,40.88665,10.413446,59.613014,93.327194,35.72092,3.2775822,6.1587925,3.5047574,4.8231134,17.048624,13.755073,5.9511547,36.07078,40.861214,10.076597,11.036359,17.556982,6.914454,5.548254,12.96936,7.576947,7.237253,26.472313,21.840403,3.7388709,15.802633,18.278904,5.0291944,37.742558,61.97928,25.084173,1.7754958,3.4323955,2.1575632,6.861744,25.959957,21.904701,6.7172885,41.590206,49.303963,13.027312,9.337126,15.479712,6.4493365,4.496065,11.078584,6.788082,7.674389,30.008432,25.910736,4.2344646,13.285057,16.07115,4.4379654,15.088796,26.003614,11.118787,4.225245,10.673526,6.71743,6.6910276,27.140934,23.957756,5.895599,35.164486,43.63299,12.327502,7.9025903,13.742514,6.0705004,10.340195,27.000837,17.2533,6.3905654,26.446012,23.89869,4.23031,13.601341,17.230534,5.033649,0.6802604,0.8841006,0.41738236,2.0474238,5.499424,3.639437,3.9419208,17.192188,15.879111,2.9481375,9.331078,12.118309,3.6527708,7.0262966,13.0066805,6.0536027,8.699404,24.060534,16.11348,3.993695,17.206217,16.269287,3.034336,8.002474,10.609588,3.3023908,10.608275,20.15396,9.573476,0.4997697,1.3906858,1.0103263,2.3877175,11.246894,10.872168,2.0489652,1.9520168,2.6160874,0.8417951,4.075095,7.9476733,3.8914287,4.386525,12.868124,9.030769,0.98879534,2.9412193,2.9092314,0.59607035,1.9865247,2.7613866,0.91376007,16.612932,33.22182
0,0.6997797,4.113714,13.55137,10.716439,10.41633,12.230625,12.786864,22.588999,10.842808,9.822515,8.4667,27.422697,29.935703,10.420286,13.179692,5.4543343,0.3067839,0.49289724,2.3731182,2.5530567,13.771466,21.186644,8.006752,2.188611,16.42464,72.46194,67.40282,14.118237,11.438895,20.425852,44.745926,25.034103,11.795903,10.289577,18.226173,23.728016,7.9819508,7.3868074,22.97853,78.34505,62.294186,39.439346,46.488388,13.184055,7.1237392,5.778724,14.475798,10.626841,6.5435333,7.1621766,1.8480467,1.2337043,8.4650135,23.394505,17.485992,39.39492,40.317486,8.663293,3.597958,11.917372,29.687624,18.504108,10.539866,10.817742,51.7263,74.46706,32.620255,44.924747,27.413902,42.13849,36.7473,10.226415,11.479236,6.7719903,12.022146,6.2367167,1.1501832,1.2145103,6.12971,7.5017786,14.20202,26.575003,13.430433,14.3272295,10.625303,1.4018822,1.0209136,2.7526002,4.7681484,5.9190745,15.793121,10.858275,6.7644815,7.310481,42.711796,68.0635,26.631557,3.485216,2.8067725,9.075708,8.847118,17.979294,26.199755,11.608447,15.965157,14.738314,46.64196,41.336304,7.2583747,4.504293,4.649411,9.338582,5.055594,4.380593,3.6339705,4.542995,5.6089306,1.8029455,1.6733541,7.5944004,24.314909,18.35791,9.587388,10.807675,9.880555,16.743835,8.763976,14.042503,9.837235,8.4200115,8.880089,7.874009,12.426793,12.124499,29.022083,19.051582,20.44827,19.921404,5.1899886,5.1936502,5.681606,12.609407,7.565014,6.308143,5.8172507,12.690945,17.338726,8.837686,14.513174,8.433267,11.552057,9.597393,2.360281,2.5101616,6.9388638,13.564316,6.6672525,0.47069624,2.7572074,18.691732,21.782345,5.8823924,3.1538146,5.2020464,14.867807,10.687324,12.71982,13.652202,7.3126264,10.997751,5.557827,8.933368,5.828143,3.4846084,3.5048678,9.046297,13.655122,5.321896,4.0697727,2.4301941,0.42465273,1.1414366,11.854098,16.523085,5.957477,4.9846506,4.1302476,11.6188965,10.164286,21.974487,28.140171,9.027453,7.1039786
0,0.10480056,0.25854272,7.7637463,13.596791,5.945899,8.182394,12.587851,4.7970037,7.811097,10.605144,3.3933814,0.4649809,0.905378,5.5551696,31.111273,33.05558,7.346934,1.002303,0.42704955,0.9628575,3.5281665,2.9413257,1.8268484,5.54015,4.1366267,10.719311,28.582241,18.575132,5.7228003,12.825244,7.334109,14.440807,28.880188,14.491632,46.599056,81.53793,35.551476,33.68009,51.818134,19.457237,8.501004,11.462631,4.4949756,18.473713,22.17545,5.9836354,3.117829,3.424082,8.576253,38.51922,36.247555,6.5962095,4.4586916,3.6534445,1.0300897,2.7632294,2.062828,5.572307,14.856085,9.663341,8.687478,19.955256,11.399831,10.011398,19.993708,10.044705,26.7693,46.838375,20.40251,13.532366,20.843967,8.787217,41.530552,56.352783,18.03394,1.8500111,1.4798939,3.5375302,19.68657,20.913668,4.686868,2.5241687,2.4316006,7.263475,26.932215,22.445557,12.653277,38.19628,28.148336,4.199171,8.218137,5.341963,2.9601376,6.7640033,3.8664567,3.168698,6.3292046,3.1839223,12.330491,21.576824,9.501378,21.638424,33.282043,13.174579,40.355007,54.781128,17.560595,10.073815,11.938041,3.2239954,0.53986907,0.47048262,0.9407907,4.2017493,3.954996,0.9672448,2.4199095,2.0185213,1.1318834,3.4415808,2.6043308,11.502377,30.655294,19.925018,4.2999935,9.39449,5.371282,0.36412573,0.6448703,0.48786235,11.98899,20.981535,9.122378,4.026742,6.1754327,2.36358,4.4129214,5.9990187,3.6048706,21.961973,26.350502,7.5444593,13.791501,14.652295,3.389293,4.5050745,4.239574,3.534086,12.872672,10.722958,1.9089415,3.708782,2.7368603,3.9682648,10.549567,6.857403,1.033232,2.1654239,1.2353086,5.362866,10.721695,5.362566,0.73224443,1.2862831,0.7127984,7.020697,10.801879,4.0493107,0.4164986,0.5171094,1.3327076,9.624051,11.548713,3.2104027,4.6902027,4.984315,4.704274,20.495295,19.295149,3.4969516,2.5081909,2.0549283,2.4173334,7.520876,5.538416,1.5560238,3.8540344,2.5060062,1.6917666,3.8696396,2.2109227,6.829205,13.65527
0,13.076229,17.057594,14.150659,13.793434,14.003886,13.0066,15.414206,17.547743,20.011473,32.124844,44.892803,38.821762,18.98095,13.192366,17.418112,13.571352,9.78634,15.832089,15.414142,9.959605,18.97016,24.02636,28.670013,21.351254,27.747757,28.025682,23.51661,30.60156,67.24063,60.395306,30.047276,22.489159,22.140892,18.086405,19.968357,17.228474,15.420603,20.790321,52.897152,50.944862,28.284344,18.954714,13.442033,18.582914,22.18276,21.243732,11.747826,15.855859,30.631708,32.781223,23.911398,23.327852,30.77679,28.598066,20.927021,22.512415,48.500187,51.302917,39.722042,51.177097,37.37719,34.101933,35.325214,34.80445,19.74917,11.544877,29.042404,57.015045,36.608047,14.875493,22.989386,23.536623,15.596147,14.262879,30.221542,29.577486,19.815912,15.685246,18.4882,22.108553,16.61366,12.897674,19.319092,20.107218,18.212828,26.97583,22.693598,27.061388,22.450928,19.08651,24.680807,27.680313,25.26292,23.780792,23.478846,41.207184,38.33474,24.261347,16.539404,20.676956,23.118866,16.411036,16.148148,16.243296,17.270468,12.795606,11.636418,13.449078,18.02744,15.353181,9.444345,13.247279,17.961372,14.420179,18.724047,29.321985,28.027918,19.031128,26.138845,18.861267,13.867886,9.476705,15.563961,23.758963,21.403753,19.071642,19.443356,17.01585,15.881126,14.767324,18.58868,15.188985,10.87426,14.703121,20.776579,12.4463825,15.953205,16.245564,9.647581,7.118586,8.111369,7.9687557,6.0086465,13.794524,23.259628,13.624859,8.794508,11.773717,13.884051,8.818166,7.1242924,6.023485,10.754247,21.493307,22.187267,18.783028,15.071981,11.476408,9.768826,8.956111,9.954899,10.949396,10.725209,9.707834,7.88289,6.5889363,6.276523,5.435178,5.153708,7.6412973,9.625972,7.238317,5.793866,10.065377,10.226311,6.7849655,7.0935845,11.2718315,7.164112,8.432964,10.239847,8.071698,12.037078,9.390191,4.0274153,7.113655,9.242175,7.538118,10.419041,14.324939,6.3841248,10.869327,17.30112
0,8.042881,9.039374,7.437543,5.2448044,7.6690016,6.1766706,11.549116,15.042436,7.451297,10.192691,10.970816,9.791098,29.737265,31.202066,49.796364,44.398365,16.981436,12.635143,11.080011,7.2694697,7.3750186,17.04657,16.328297,27.745796,20.331917,12.756672,34.543922,71.73272,77.76075,40.547348,12.271961,7.350667,20.859913,27.804028,17.386534,7.852977,9.299207,13.7599745,17.683823,15.209883,23.285149,52.457245,47.990887,21.997866,9.629062,22.680794,22.34968,17.103775,22.581636,12.713231,10.858775,14.189381,25.277065,24.61285,48.932858,63.049797,33.00817,32.01421,19.16002,28.156097,25.538002,19.150263,41.635143,38.233757,41.159084,40.995956,23.528553,11.510664,33.57687,67.79077,40.36417,8.471556,12.957567,20.159796,21.193071,13.611079,15.87936,10.630554,19.265238,25.11597,10.55454,21.63721,27.818121,23.705772,21.910013,15.081404,11.743137,37.80989,33.898506,17.677887,31.658401,27.097103,22.576977,31.144936,17.596107,17.575949,36.808,27.192808,11.119718,14.743206,22.230888,27.824598,38.21865,25.182564,22.302286,21.635302,16.221933,8.791278,8.418639,6.203762,16.403185,18.088854,13.798046,10.100218,17.966635,16.631363,21.293983,27.453917,15.058368,11.953473,24.815144,19.10121,15.685537,21.698772,16.727453,8.151057,11.668401,17.326275,22.698723,22.061644,7.9629445,21.033926,26.600172,19.391449,16.65379,12.378431,7.8998117,9.686589,13.06658,11.9641905,7.2027273,11.106259,14.3387375,14.429875,11.509907,14.81576,10.1451435,14.961766,15.066548,6.1753283,8.448929,12.286763,8.533707,9.053923,11.122271,6.626627,13.636009,15.762146,12.987923,21.36811,19.460083,14.649077,9.651286,5.5609818,4.1309342,2.9028227,5.833037,7.667181,12.779143,6.4644766,4.7070775,7.8116984,4.398246,10.477204,16.576944,12.081762,5.024839,5.835319,6.182833,4.308383,4.051045,6.251585,14.5469055,12.263262,2.2670808,2.8166816,7.349083,12.127625,15.133149,14.795454,8.39542,8.588254,8.900706
0,6.95808,7.710172,13.476204,9.494138,4.4014087,8.403818,13.423464,9.571574,12.783506,11.623298,15.960516,10.341019,12.512802,27.671284,47.969765,48.029667,37.21202,19.971598,11.326051,8.23825,10.589905,9.188277,11.470627,14.684501,15.445313,12.63541,13.584346,16.935282,67.25826,118.999756,59.254414,13.6683855,19.798897,23.32074,18.350716,20.904308,18.047413,10.055121,14.998182,19.450518,23.044462,13.806625,36.820217,71.87551,55.345394,34.228848,22.968557,14.167482,8.871335,9.174096,10.36752,11.8956,13.659704,20.332565,21.622482,10.071131,15.405211,47.73649,79.42498,49.715405,21.272165,28.011549,33.955395,20.272778,20.234646,16.685,14.611459,27.374414,22.703802,23.084703,20.574488,44.02685,78.2477,53.99397,47.831852,43.919754,27.42298,17.10138,12.174758,17.70142,19.396826,23.856947,18.120852,17.936485,12.188341,14.856693,27.47674,34.500195,28.152899,20.31033,32.753654,31.892271,17.640757,17.90622,15.487747,22.440798,37.109173,27.824047,33.33351,32.33788,35.361156,52.58496,28.276945,26.1386,30.08029,26.711708,16.92482,13.187293,17.94747,16.034306,25.433096,18.850279,15.261014,15.359026,16.893814,21.112022,22.46226,23.207436,14.735383,19.134659,13.282203,11.677485,9.7065735,11.640872,19.324545,34.1339,25.04671,25.723204,28.781647,18.170536,27.834057,20.183739,21.46627,33.962032,29.907497,17.427404,15.574983,13.411852,17.159029,28.678404,20.893332,16.507309,21.344296,15.8098135,11.788965,13.163421,17.050367,17.631802,18.442701,9.505359,4.7943234,6.431405,10.776682,16.033228,23.484072,18.6444,16.83658,15.203288,6.400117,8.494931,6.807517,10.431793,19.995375,16.739494,8.349401,10.842232,12.709841,18.374414,20.810408,13.287227,14.77563,16.958397,12.2962675,10.879618,5.973552,5.367123,10.038253,11.0292845,5.5920734,5.4258623,5.7130413,7.297028,15.170541,19.277428,21.282202,12.260024,12.760197,16.088213,15.201764,9.361294,10.27656,13.20434,16.201422
0,10.727758,11.992968,10.434301,10.727341,11.515339,7.2603474,13.328124,11.659126,10.929556,30.481934,38.42864,13.146153,11.975153,13.911746,10.470872,9.33152,22.23042,18.283573,12.288179,23.47313,28.172165,29.925507,22.745968,23.93558,25.634861,44.680588,79.365,52.270115,37.412125,34.34026,22.239084,21.370787,17.450481,29.549896,35.485912,44.37768,48.739147,27.151463,16.254234,12.238019,16.959156,15.88445,17.21734,14.855882,17.018772,20.463749,17.114492,20.224361,20.11395,27.201582,35.77651,33.33888,50.494686,45.109543,37.938156,30.718658,29.783354,20.924011,24.297783,33.74542,44.863327,36.07857,40.92681,39.67252,27.99217,12.869175,14.725999,11.4937315,12.239961,12.491552,18.851898,16.45749,13.94203,13.888848,12.522063,21.18649,21.702822,14.141672,26.912416,48.072994,40.58189,15.832328,15.81234,19.854528,23.671288,33.001232,38.4719,29.849419,33.23703,45.634613,33.680172,19.205473,15.854032,9.979807,8.240697,11.794617,14.103888,12.162964,9.359002,22.638481,23.827316,16.218203,14.841045,14.141484,12.719138,21.871626,23.51487,12.600414,14.36233,20.370872,20.884903,26.463303,43.69706,39.615692,18.875187,27.303051,26.716022,13.912984,13.739187,17.1851,22.625822,19.138086,20.942532,12.207286,3.1306858,12.269572,14.906542,8.794993,12.247606,11.274401,12.101843,13.6268215,13.218718,9.343796,13.514544,13.489139,8.271997,15.406633,25.824326,25.876015,26.102186,25.130604,25.557297,14.287455,12.727556,10.72309,12.618287,13.169696,13.416243,12.217888,10.201731,9.436454,12.968287,11.23884,11.074341,12.88357,17.484077,13.430706,13.23836,10.518217,6.475543,8.758889,12.441886,15.463599,15.881622,16.453857,15.854477,14.419154,18.912552,15.672465,11.190636,10.993187,13.578495,9.656365,10.47801,11.630698,12.193854,8.405072,13.96462,11.489476,9.354651,8.457146,12.79097,8.415359,6.345135,9.069568,11.4684105,11.091652,9.24832,10.357811,12.656637,17.198242,25.912504
0,5.4788327,6.0047154,7.2852626,6.3719406,8.748844,17.858307,14.238608,7.442944,6.649529,12.556742,34.289227,39.75396,25.198652,12.259087,13.430216,15.725163,12.982838,17.400585,21.350763,16.923214,35.370094,30.11327,17.84139,14.39477,17.147488,36.17829,31.945425,16.698765,12.622575,19.156467,28.460644,29.905354,31.975885,28.566256,29.59387,29.732756,27.248505,15.628391,12.32838,14.499759,18.419523,26.87896,22.788343,28.223381,24.85416,24.065838,19.508158,9.277133,12.372858,17.092554,22.685915,28.709997,13.752976,15.270833,49.69408,54.59508,27.112862,34.031616,33.009163,20.614462,24.75496,34.10645,19.857546,24.299002,26.321983,37.350563,32.671837,21.503946,26.266687,21.031004,11.18149,15.472933,17.531775,14.926429,18.19955,19.442257,24.243053,27.007038,22.27919,16.195847,17.116003,21.89775,15.621412,26.229876,37.131405,17.630388,13.753753,19.179611,31.993742,31.866417,28.312422,27.233072,13.210853,12.618165,28.410288,28.226599,20.388126,21.014782,24.414854,12.817292,9.672167,13.855944,19.540527,33.248875,35.313244,16.906734,13.624755,14.134351,29.573587,36.98675,16.26455,19.746048,19.085455,9.122121,11.468378,14.251127,8.136146,8.351862,17.036566,17.625086,26.46884,33.38565,24.361917,15.40654,15.051418,9.856253,11.843834,13.675763,12.638863,21.630602,11.252997,9.486995,12.353122,9.483663,14.130561,14.835685,4.6230955,1.657504,11.37409,16.761171,9.466399,16.019478,20.000378,17.027376,18.894245,20.07443,13.630755,9.655259,7.5930166,9.623874,7.4159336,5.483606,12.687941,14.675387,14.258226,17.193151,14.196495,10.733895,13.502308,11.438594,8.219333,7.735624,12.254214,10.246383,11.664095,8.471767,9.528435,10.567066,9.3371725,9.992894,7.761847,8.838019,10.092731,10.935666,11.853227,12.002587,8.797867,6.070741,14.94702,15.72823,14.45732,12.174011,5.917087,4.3013,11.440747,17.460344,15.692503,10.913757,8.836285,8.421696,9.638384,9.691589,13.719976
0,0.3702096,1.116543,4.549951,9.300436,10.767051,7.08525,4.6895185,9.0827675,15.239259,14.513194,8.404639,25.045914,26.684048,6.8095837,8.708624,8.373471,2.3440807,3.8520613,13.370085,16.996449,22.971926,19.0975,35.16778,47.07827,35.444252,54.10835,41.395634,22.236673,29.26805,46.139935,27.732712,37.73219,53.825283,31.700619,34.243935,30.16981,34.14484,31.101469,29.637016,32.64119,26.592682,23.563154,6.9539695,5.3065844,3.9140155,6.8353024,9.862681,8.503796,5.5599575,14.906463,34.05497,32.63301,39.01858,24.56506,23.561897,29.488426,22.995256,33.084152,48.303307,24.422142,41.855328,66.22609,48.567093,26.77334,20.45918,21.839897,27.580183,23.603407,16.20302,18.254686,19.254896,14.159386,21.504854,20.367613,10.722681,6.929582,13.714568,12.411608,19.755146,16.847433,10.711916,19.79775,29.532928,29.007679,41.551704,25.157755,28.316233,26.931467,28.426785,12.732846,26.722874,34.721348,16.554794,11.833988,19.228807,24.575804,21.30692,26.512482,28.038956,14.352908,8.406557,14.379723,12.518388,14.726788,11.083998,8.277456,5.682497,7.6616664,12.047636,14.073811,27.183128,25.139755,18.41504,19.927982,17.33977,6.5810933,8.662429,11.731479,17.931746,30.108936,26.019382,16.497177,30.041534,29.602774,18.768854,18.647081,25.230541,19.920652,7.48124,7.3645353,15.187001,13.771195,9.697354,6.0229278,4.502716,8.374283,11.58847,16.781782,8.736005,6.2627115,6.238643,8.544576,13.306505,8.928736,7.4912696,11.289232,10.884596,10.704219,22.68002,26.51473,15.526686,12.207585,9.793108,9.182267,8.864802,5.1267924,3.1597607,3.4120479,7.426199,6.833616,5.3797894,6.1294746,5.338298,5.302043,5.9296446,4.997361,4.7018094,5.779755,6.9576674,9.15786,6.3586497,9.292071,9.184802,11.312978,14.350369,8.207679,8.475673,8.978529,6.1935787,2.3533068,6.4947176,7.028904,13.8405905,13.773669,8.059201,6.7483296,5.5046024,5.6670885,10.7415905,8.312373,6.032179,6.380021,4.76898
0,0.53831565,3.0652795,4.618696,8.84998,11.681551,23.335114,19.687798,21.131083,11.245316,10.26933,38.328686,37.908375,26.659754,17.860296,5.235704,2.9749017,3.7302523,13.316661,12.731718,7.0019517,4.554115,3.687789,28.9463,37.756737,26.749702,38.254864,83.34313,70.666855,83.055084,87.34468,99.672646,47.42684,42.003487,64.21216,41.236385,12.684584,13.792574,24.711744,78.316536,69.33451,30.89184,29.167871,38.86505,36.326797,39.136047,10.786046,2.9190946,4.644204,7.7941933,12.369399,19.374598,21.89082,5.8098025,13.667129,32.386692,59.661583,92.00432,90.19379,95.04754,34.20232,26.121164,38.337955,32.153446,38.07226,54.83252,59.020176,18.153177,29.753748,63.543045,70.529785,94.40825,35.41681,2.1795309,1.2064154,3.0428948,6.346713,3.7793734,3.526003,14.896904,16.06569,9.679204,9.411262,13.967902,46.72945,67.73398,29.376776,21.518175,39.352634,29.174322,9.407104,22.237925,31.45805,24.239883,34.008694,78.3141,66.152916,71.05208,38.312172,22.674301,47.823856,47.903076,33.641315,23.183775,8.872563,17.324566,23.049332,17.782011,19.584572,34.231636,23.958035,10.118436,25.560171,35.664917,57.35033,53.020206,10.449671,10.432048,18.349066,8.595063,3.7559123,13.621269,22.428314,50.065315,34.14033,18.640081,39.397938,49.63663,44.810673,38.392536,8.876625,4.727687,4.55614,15.385048,20.530554,33.226818,28.729712,6.818497,16.364595,27.246616,12.667978,7.4124994,13.91361,12.091563,6.687646,7.408092,10.675724,15.55923,17.500788,6.2979712,7.450025,15.297884,33.44626,52.143078,31.301292,27.04789,7.0526958,13.418359,30.597687,17.805496,5.5906463,5.407326,9.287833,26.219505,29.379152,46.055843,28.823673,20.785192,9.473159,6.894872,12.771142,12.281187,15.804866,8.66488,4.560536,22.423706,24.027218,10.900551,8.335322,8.8797035,16.443995,23.170265,10.313974,9.542091,22.171408,18.500143,18.277061,9.840337,4.7737446,12.557004,12.773329,6.416714,28.7537,56.79075
0,9.255943,11.709483,14.124252,16.413818,14.88328,14.30425,16.578932,31.79324,17.727777,5.698229,3.392204,11.599661,26.326221,25.597574,20.95034,19.114515,14.550931,14.336209,22.234991,21.648508,25.725296,24.498737,46.900757,48.346916,47.536087,38.156715,67.81894,56.03175,79.4872,50.130356,12.584073,15.424425,11.357657,5.3466,17.406597,42.883266,28.69168,14.02315,21.09394,25.364508,43.3796,46.35504,49.703148,34.534435,19.574121,44.941444,41.408978,20.78727,12.552534,32.64101,24.088507,18.496578,16.483091,19.69804,19.922298,15.496238,37.937397,55.439655,38.18572,27.057291,21.412556,10.213259,23.51905,33.49862,23.413773,8.83318,7.2703466,15.283981,49.93713,46.891876,42.933628,62.83745,59.57486,33.06789,5.489743,10.202649,23.868607,29.442408,25.518074,19.033857,14.605909,27.4183,25.055647,29.507933,28.657906,14.010734,15.721573,22.783516,18.76445,11.665448,30.619986,55.135674,49.503227,19.009148,16.17384,28.766779,30.48255,30.065912,63.469307,64.8067,27.76178,10.985946,8.908563,22.78246,30.250225,21.893316,16.774557,21.73071,18.252392,14.988999,14.901604,17.30186,17.94568,24.033695,26.268333,24.787811,28.347593,29.82783,29.155716,16.392702,13.2656355,15.2976265,20.071777,15.633151,20.824596,28.297329,38.025116,38.605835,22.748657,26.811909,18.730215,16.157444,5.7015233,11.05744,16.110262,12.447319,13.642839,16.86406,20.397055,30.17087,25.22337,21.477736,17.102522,12.604753,10.899669,7.706983,7.4149137,10.269015,10.726077,14.6225815,21.822905,20.037819,13.954008,18.145658,7.0271707,8.43489,17.84824,20.550701,14.4469385,15.871002,6.8597283,8.492979,12.07301,10.538095,16.349052,14.269296,16.677652,22.811008,11.711229,20.228945,30.341505,18.20139,10.052861,15.333845,15.646116,8.02444,10.386522,13.215812,14.174324,11.273647,10.674221,10.772113,16.029182,10.683703,14.601345,10.040566,13.03814,9.676569,8.555621,11.410893,21.945837,19.629284,11.974427
0,0.2053124,1.1547748,3.8130982,3.3934467,11.888216,14.081255,4.245303,3.8838248,4.5125375,12.473205,9.405517,16.68045,18.183935,9.324623,14.077301,16.423412,41.909462,27.686777,8.732629,8.646268,6.864677,10.208601,6.0820475,11.730398,8.380162,19.284037,17.978292,18.699278,26.198814,8.874309,1.0509784,4.9068065,19.026756,16.379492,14.310581,18.46024,19.23411,37.339344,20.035995,21.10267,16.985294,24.629543,29.579859,8.428505,5.2374496,6.151706,17.37314,12.778489,9.394734,10.404269,31.74699,53.953133,23.217268,11.200335,7.6508913,8.217831,8.405481,2.1912544,2.143301,10.591902,26.451763,17.624424,29.468977,27.900309,29.269659,41.669,15.178386,10.658719,11.503048,39.41977,34.37845,5.3997407,1.9617289,5.2950134,10.915251,5.930006,6.53857,5.469388,12.059377,14.736593,4.4541426,3.522253,6.098086,18.556177,13.77986,6.5273304,7.2222548,4.121217,6.52589,11.651689,31.93733,21.831947,8.675338,8.896013,9.14326,14.276492,8.3887415,15.812299,13.794239,44.21824,42.472744,8.859256,5.878743,2.1127665,0.9173857,1.5535648,5.9859858,5.800491,22.622566,30.486658,10.573025,8.807896,6.239626,15.307928,12.557607,10.058693,12.36178,3.66883,2.4174514,14.805984,47.608555,35.872646,4.5302405,2.9348738,3.8223798,6.6293106,3.6180751,6.3126736,5.349618,16.883747,17.84789,12.239648,18.896263,14.464069,32.448826,20.779095,7.350087,7.061641,1.8473611,1.8533916,4.2632604,9.937822,6.0501623,7.168052,6.487988,7.7346,10.525469,3.901586,3.9766836,4.302809,13.722531,11.517268,12.413461,15.536427,4.6652765,2.4959,1.3872082,2.285959,2.680535,13.707218,15.970324,4.9946675,5.2393775,9.677801,27.668848,19.52713,2.8644998,2.476864,3.5581894,5.8189025,7.665023,19.35795,13.11498,19.45331,19.299881,5.7287054,6.4458346,3.755723,7.1046453,5.376179,14.519324,13.290944,3.2235153,3.289436,8.5912285,18.702057,10.422837,7.2493334,6.118521,1.2444264,1.1365277,7.218481,14.407562
0,0.47151288,4.4436545,11.720427,9.45761,21.12643,17.689133,8.3647375,8.866441,25.590488,34.598026,11.836716,7.6012244,5.0422707,8.733183,11.72956,33.02939,24.34959,3.0500355,5.3859763,37.296196,44.782646,43.731735,64.91773,26.396986,20.028284,12.523263,20.428713,15.666481,30.33751,25.897408,30.640999,32.32637,12.507985,13.825709,36.713394,63.879013,29.921106,24.908062,18.184504,34.96439,29.31582,64.60095,61.514267,76.581024,91.39524,94.01463,139.22159,61.48408,66.22162,36.838497,44.347103,28.9088,5.9744697,10.486733,52.540405,55.82906,15.749875,13.075165,8.29492,12.424938,15.409315,33.38037,24.959236,51.08642,39.161217,47.14143,45.062115,69.40225,82.88338,47.301872,64.61163,27.782984,26.790154,13.508387,4.45796,3.253801,5.5797644,11.51394,59.156143,62.872173,19.54331,18.411438,14.949354,24.18535,23.813179,48.896774,31.859095,47.111916,38.868515,81.23445,77.138145,70.51778,82.886406,31.44953,33.73731,13.20712,7.2350993,5.138343,9.872744,10.752562,31.80585,27.52088,40.382545,42.680557,9.49816,1.6369412,30.887259,54.065464,74.11288,161.07263,92.128525,10.779483,14.655383,56.86292,53.57273,23.275139,25.649817,11.299424,13.889188,12.591171,23.044706,11.658127,5.1659265,4.478662,10.868468,9.128877,5.9349437,6.5048647,20.828379,28.180738,9.199269,3.073198,10.017233,22.800463,13.563339,12.245468,9.057937,3.841058,5.07811,27.179068,32.610126,10.684075,9.573749,11.045255,20.838467,10.523975,4.3320484,3.4999917,7.6261296,6.36585,2.566698,4.2655582,35.25938,47.876854,31.442146,47.77014,22.972261,23.138144,13.763887,11.825243,12.974458,43.982292,41.44135,12.516163,12.07026,4.25246,4.137498,21.8759,43.681053,22.240927,10.599708,6.9706707,3.8404505,4.6724567,19.57177,20.797993,5.420004,3.9803486,11.9953785,20.90041,9.190875,3.3585646,17.935637,55.833015,42.064598,37.59315,35.328655,25.805029,29.982174,33.386433,50.009422,34.117764,56.60877
0,0.05216287,0.12361092,2.4316068,4.002866,1.6960039,5.006693,6.849524,3.368498,16.632475,18.928875,4.7095594,0.99235505,1.0849547,7.7869654,26.985706,21.441772,3.1622474,4.664288,3.0864518,7.0663285,15.469307,8.459672,10.058144,18.023909,8.08857,14.108158,20.90987,7.59171,10.776677,13.42677,13.009122,66.05924,68.21997,36.755547,132.92986,114.40017,32.5818,83.16309,59.739693,13.7413435,30.466421,18.12024,20.131853,39.38042,19.24782,1.6413127,2.6575239,2.677828,23.507605,31.43159,10.087626,12.328676,13.738802,3.6917307,7.055558,6.601471,4.9071774,16.11628,12.600191,17.176975,45.49624,29.453735,1.9675992,1.2946895,2.079011,63.950848,112.12361,48.8725,3.287104,4.8277636,13.250154,97.22524,117.54843,32.44816,30.543282,30.624405,8.242726,20.751245,17.473936,7.1872063,19.704838,13.865992,7.7536445,17.970423,10.471802,11.549848,22.067078,10.614048,17.703304,27.925137,10.781595,3.2737834,4.253186,3.490622,19.358383,21.169052,5.4485083,9.633923,8.876465,14.814614,48.251987,36.832275,33.19895,85.15302,54.015507,35.15529,73.361534,38.33936,5.2935762,9.073105,3.9280267,7.7786183,11.067476,4.0384912,10.76597,12.747596,3.388034,2.1481009,2.1272895,3.603721,13.187109,10.905518,5.3469195,14.656779,10.104868,2.701436,5.937091,3.3883908,7.107444,13.296275,6.213056,1.599041,2.4580324,1.0392119,2.4873838,3.792271,14.135068,80.47559,86.28769,19.665344,13.053093,11.460919,6.0887203,18.308954,13.739029,16.950943,42.721214,26.525103,3.144839,5.729363,2.9748244,11.214846,18.842186,7.856294,6.1435595,8.552247,2.962212,5.5920825,6.494854,1.6873714,1.2665833,1.3535675,6.227365,22.198566,17.996328,5.237373,13.013043,8.786302,8.315628,18.570395,10.373027,29.449362,53.92326,24.619678,0.5443334,0.5261408,2.079902,16.84101,21.2266,8.404079,32.11817,33.735783,8.207216,14.20366,12.476363,8.647018,26.07081,19.102495,2.974108,5.6237574,3.4193742,2.9960475,5.984214
0,4.569409,6.9534397,7.2762237,6.7941546,10.083062,6.877196,9.800618,11.574628,6.7698746,4.6298676,4.5368643,12.206986,13.666205,10.011291,8.838414,23.320402,33.263016,38.14928,24.44794,25.763044,20.372879,17.213633,14.461597,14.5899105,15.444125,15.886738,26.996449,14.815986,4.889917,21.14901,39.481888,57.46471,73.516975,74.492485,74.73071,92.0782,68.75061,78.11864,51.919716,17.335417,14.915521,13.162848,13.104697,20.452175,22.97326,30.184326,27.02314,20.385424,39.885475,33.550983,35.231987,38.26506,22.673443,39.07569,59.96907,39.875423,17.875586,13.482892,18.393208,19.376778,24.120237,18.376041,14.076365,16.03617,38.685886,56.46974,34.512863,70.29798,69.616554,47.511414,33.45491,54.149925,58.604725,31.016006,35.410046,16.853228,15.9306,28.99586,34.284367,19.49147,24.149313,33.512497,33.793034,39.204327,59.19986,58.390697,40.192734,18.91379,17.494173,15.932085,9.636808,17.879442,29.345772,19.512482,10.857537,7.4897404,13.923926,17.327309,9.652347,20.211004,43.73978,36.06168,19.979202,27.199707,35.164406,25.006075,25.207998,27.701796,30.674,20.943895,33.193153,23.59091,20.992504,22.96663,22.008165,27.297178,29.467901,42.935944,36.804478,16.316158,21.919727,29.161695,28.282547,25.1282,22.775501,24.70439,21.00775,10.769041,10.242045,15.339989,14.317901,13.542947,8.806674,16.793497,15.993436,15.980299,14.407765,15.652812,15.334218,17.74576,13.683838,12.092513,17.160349,22.77459,21.484816,38.334854,34.81759,22.731304,17.501291,27.588629,20.1169,13.726412,15.835383,11.957243,6.7788076,8.24161,12.188736,21.393875,22.94149,12.737794,7.441615,19.079628,24.743143,17.796232,12.477332,8.9827385,4.975599,5.9502783,12.147117,9.913987,10.087313,8.549205,10.284389,16.218367,10.468824,4.4198956,8.196787,11.346673,12.863036,11.853038,10.70844,15.324269,13.739238,5.602012,8.0344095,7.9946465,8.161581,9.427765,10.005956,12.222326,8.7859125,9.72551,10.859045
0,7.350534,7.5033712,3.8784845,4.66532,9.850425,9.1310835,9.838498,11.50718,10.346606,5.854806,5.988809,5.31579,5.791426,9.792682,9.106786,7.178973,10.766192,15.47561,12.813301,19.082989,16.602203,7.998408,4.031441,9.584803,12.771141,7.3033915,6.6803656,6.401968,9.486511,10.046964,11.749271,20.311718,14.185991,10.456991,22.630617,40.493668,76.5382,69.8006,77.45758,67.72147,78.66225,68.52231,33.197002,19.351896,22.61889,11.767559,9.828287,10.155253,11.099333,17.988121,17.009771,15.980194,14.991008,15.022142,18.436724,28.901646,26.032553,22.103354,14.064475,14.977617,21.989714,16.834938,14.21038,12.160542,10.400857,14.393574,9.428104,5.9354076,8.208301,7.946746,17.793085,32.447132,35.87307,57.27298,54.25617,55.317024,26.922373,26.729174,40.602615,40.943302,43.544594,46.64135,40.512985,20.197731,16.245556,19.634571,23.202961,21.44965,19.81535,19.726141,27.323298,21.269125,32.079113,29.556808,24.209543,18.539276,16.24256,14.164005,10.982249,14.797137,17.587223,22.367308,14.923051,14.145636,11.968586,9.768291,10.257605,16.001167,19.354935,31.427505,35.2861,29.504065,26.2916,14.992817,15.599036,29.285595,23.097464,14.164836,21.798395,31.763353,30.04844,21.509241,22.172752,15.37224,27.024263,30.391178,25.03473,15.524265,19.596668,23.666254,19.671515,17.86259,19.371876,13.95603,10.750978,13.258804,8.23224,11.864064,12.197178,9.65345,7.5734515,7.4337807,7.677153,10.997859,10.820197,15.385762,24.379213,14.755902,11.802982,9.082464,11.273246,11.258952,16.444635,12.933573,11.331863,15.281901,11.544294,14.51458,13.9150715,11.0455475,18.853848,18.511673,19.962973,21.672832,15.564303,19.29709,16.990385,10.388128,5.3605347,4.836886,9.055966,13.1220045,10.737507,6.3738704,5.946279,6.750174,8.389003,7.355243,9.802493,10.246677,11.907128,9.56594,8.302647,12.428023,18.363802,17.34543,12.117096,8.92296,6.0978,4.214563,7.662401,11.311523,8.377197
0,14.988905,13.468559,10.296652,13.199767,14.331117,14.326992,15.338486,15.410651,10.900933,10.206866,11.588644,8.689784,9.398276,11.171516,16.823454,31.068941,30.468596,13.87616,9.150208,7.205433,9.539554,15.250249,15.278209,14.212756,17.344439,15.831173,15.000722,13.845582,9.959484,18.266823,46.46786,101.14578,105.92609,87.69441,45.79228,59.829494,60.730797,26.711685,34.92172,30.39229,20.591742,17.344429,24.407118,20.99011,11.9667425,16.436161,24.543476,35.75513,27.204262,26.956182,23.612194,18.891376,17.472921,15.752256,21.816668,15.178591,12.012813,15.975397,27.786428,20.721752,17.082077,26.17741,69.40762,73.65145,64.52932,55.556637,29.180784,38.018818,62.58055,51.09888,24.22131,16.282337,22.066545,20.04266,14.335173,11.867741,7.5001087,19.37243,34.683697,29.871677,27.968836,19.690056,13.021638,14.3596525,27.710472,40.230507,29.445534,18.733515,18.864544,19.484934,22.815405,25.263823,23.615093,29.123465,44.771606,43.4446,43.612324,28.029104,21.652939,26.148643,34.72709,40.669403,32.904716,35.467026,33.249466,25.337095,15.47104,11.827102,15.031987,22.141493,23.78767,22.839458,17.820807,15.4166155,16.863665,17.59208,16.928707,22.501163,29.043081,23.109997,23.639168,23.814627,19.491903,24.5411,16.18226,23.48887,43.988037,42.482048,26.168768,22.470129,22.110796,31.711266,26.433022,17.248573,17.812,16.933044,25.682684,17.046324,9.0046015,10.595512,17.829525,23.769361,23.771156,14.958301,12.523928,10.697503,17.097498,18.994415,14.541628,11.102339,10.984525,10.060033,16.015015,25.210737,24.685644,12.869732,11.900972,20.93908,22.458296,20.51848,21.488358,19.107895,22.369932,18.90021,16.249292,15.93845,7.7900915,6.267714,13.882563,15.242512,10.569034,9.048945,9.301032,13.442924,13.489677,15.621494,21.201769,17.427969,13.951839,11.656968,12.151925,8.159444,5.744739,7.162051,14.55107,14.162599,14.424772,16.4346,19.038277,21.587559,17.142803,22.075838,24.372887
0,0.026898922,0.79877657,1.655694,11.836504,25.191914,13.571755,4.3212304,2.4105577,1.00819,11.199613,26.345917,18.97933,27.51199,16.719816,5.7502165,7.094019,15.969404,10.182194,1.1032585,9.940462,27.807768,21.936415,33.438766,25.834045,33.184963,27.177767,42.355076,31.334982,7.513645,11.29099,33.883884,26.69344,13.9083395,10.954262,2.56908,1.817815,0.7777723,3.4446888,13.549714,13.585411,27.340405,25.318264,26.723326,24.420467,5.38333,3.3066633,1.061976,2.600715,12.527123,12.62574,4.748298,4.19655,0.9840853,1.8115104,10.484612,12.377,28.966505,32.54731,20.625137,22.479069,24.566574,28.741198,30.673782,36.375065,19.217312,21.080778,30.22249,38.563717,43.63886,56.42161,19.738974,11.947317,3.9162116,0.77839303,0.33560666,0.6901878,8.972286,13.503814,22.662664,34.271076,15.885983,14.527727,12.061695,17.571115,13.7665615,19.843937,30.891544,51.6345,44.37994,69.24974,31.391958,10.574234,21.680494,40.226086,19.22089,3.0563796,8.160278,16.268143,24.450151,48.107414,34.44742,51.431206,29.955929,24.335056,13.5580435,0.87093335,3.2197006,7.6080923,10.7884445,24.171425,14.972257,7.2567277,25.050083,65.28254,42.32824,6.1839714,8.029046,20.368187,14.112212,5.346351,6.6483088,17.12062,12.489191,3.6727645,2.6274583,0.8384881,2.0721223,6.847707,6.8156023,15.118222,12.671897,10.793329,9.125173,7.685751,6.559781,1.1399428,2.414725,10.094034,11.091648,28.368103,26.709053,13.4811325,12.845898,18.552576,18.400517,13.370173,13.206672,3.9888093,3.5126762,9.568876,10.305265,2.8157253,2.0642266,6.850257,7.9623585,10.643221,13.158922,37.10128,44.75147,12.686721,4.6480317,13.103647,16.73984,6.844359,6.1889567,2.3393538,2.554411,20.629389,28.779556,10.098564,4.6799603,10.7192,15.720433,9.478584,11.578644,12.705431,18.683336,17.995222,26.791544,15.274896,18.068676,21.428396,34.60368,16.237492,11.918232,7.968497,11.049445,11.59465,19.545444,10.705889,10.900031,7.287689,9.942349
0,9.091598,10.135035,8.072856,13.290083,13.255708,15.034902,15.451807,6.5074687,3.3537498,6.7307916,16.580843,33.45056,32.07005,17.92606,16.405807,22.270521,24.064957,14.065072,9.689485,12.838559,16.426401,19.155367,27.32914,35.194534,52.349598,58.743805,37.093403,25.31394,20.170967,19.752045,19.621597,26.112259,28.957006,21.709198,28.134031,29.87718,36.44229,20.520056,19.13196,26.593708,27.006104,17.788515,25.878326,19.919035,19.257645,22.705719,24.373974,35.023388,24.843922,33.39983,43.613686,22.234251,22.848013,25.264778,23.138266,34.86516,38.7713,28.55993,51.02297,39.752357,24.99428,14.774913,19.80981,17.228916,26.10916,26.757406,18.082762,35.965977,43.751747,30.25957,31.301334,26.808657,21.54646,16.349161,20.179682,19.374075,13.099803,19.409437,37.091373,35.132614,15.042583,14.433572,16.106825,32.23546,36.849052,18.614645,20.456434,11.532776,12.407089,28.731213,35.11285,24.579561,20.05725,18.110638,19.755419,16.739777,13.400753,16.314684,22.244255,18.68259,14.785901,16.032623,27.38575,18.463675,15.797544,15.92717,19.741114,16.6216,20.170717,14.560766,5.299239,8.703323,16.898567,25.257774,27.752674,16.49741,9.617869,11.412557,9.5892725,7.5793624,13.354503,11.693019,11.786663,24.966291,18.310572,28.934439,38.520092,18.527681,12.430002,8.721604,9.446489,15.524652,16.663149,17.258972,11.523194,9.299229,14.529666,24.658932,25.830118,17.72434,10.735395,6.0024457,6.160282,9.459091,10.161687,10.518945,11.986997,14.706697,20.906542,12.3425,10.151992,16.64953,16.131962,10.245707,6.3958597,7.807934,15.846914,18.98143,12.478878,9.40008,12.888522,13.441484,12.356374,8.692858,6.926534,5.8852224,7.176418,4.823043,6.582764,6.727915,10.47035,11.645733,9.399608,10.979164,8.894063,12.996072,19.720934,13.094181,9.312384,11.604998,13.495818,11.060465,9.16137,9.000545,11.767182,4.686341,5.298483,12.491554,15.170391,8.844719,10.10316,15.906367,10.310634
0,0.020674217,0.03351421,0.13651837,2.3794298,3.7785494,1.467149,0.24251089,1.9506093,2.4816425,0.7368878,0.7326681,3.8249886,3.9264793,0.9675721,4.597056,16.937048,14.047513,1.922819,3.3379767,9.154528,6.0990567,0.44242042,2.0408347,4.3181562,2.33751,1.7971313,43.104782,72.35848,30.030773,2.8004746,25.001081,33.572586,10.671261,6.4016976,36.754604,39.827015,9.138566,1.3281157,2.476182,2.1741698,1.3317463,17.337309,51.102505,36.00218,3.1338005,2.9209363,6.4172716,3.6153734,0.13848537,2.2229006,3.9617703,1.7863574,2.0013583,22.990896,32.638992,11.095812,5.552307,35.809105,40.902416,10.419938,14.103047,61.10782,56.420815,9.69271,3.7069945,10.805255,8.030905,1.0367042,16.37544,39.464104,23.506586,1.0364629,23.474041,44.24428,20.830406,1.8855795,26.071384,39.10306,14.230071,1.8875867,12.062996,14.558888,4.0044613,5.4954586,26.172243,25.4748,4.9244876,7.7108445,26.13541,20.54692,2.5498157,14.741905,37.912712,23.89806,1.3492904,4.279817,8.558231,4.2843757,1.6142374,28.628077,45.40445,17.68181,3.5830555,28.916557,36.808243,10.789774,1.2062178,3.116115,3.196545,0.70931727,2.2114265,8.148965,6.7561355,1.0129616,6.4619637,17.75461,11.838232,0.84922147,7.355748,15.635463,8.2939,0.2324636,4.7374115,7.9555054,3.309194,1.4451256,14.011977,18.819109,5.997731,4.3453774,25.032574,27.13361,6.299094,9.268957,37.004593,32.369873,5.0071797,5.7076,16.589613,11.6933975,1.055905,10.283864,23.241676,13.072278,0.40253192,6.3543377,11.300145,4.9961495,0.43185276,4.7544556,6.7494287,2.2923138,0.9969337,6.4107604,7.3237705,1.8325974,0.34970564,1.2016621,1.1220379,0.8424834,9.56607,30.289104,22.541128,2.320712,0.63949984,1.0849674,0.6480982,0.10098127,6.3761535,12.019181,5.6546865,0.32714096,4.4697886,6.703359,2.4471896,1.0474235,7.5791197,9.137216,2.5452557,3.9140704,18.602663,18.112411,3.4700665,3.2817452,11.026106,8.667545,1.0448126,3.2274294,8.292605,5.227022,0.29553556,1.9435399,3.8796227
0,0.4085785,2.073999,7.60466,6.4763374,7.852915,10.757259,3.7305336,2.7940493,6.926214,32.20608,31.42088,12.963966,18.677256,10.815408,22.301054,15.385048,7.048846,7.8432145,9.882476,18.383766,11.194394,24.230288,20.99136,71.90952,94.423256,32.986916,36.39865,20.828695,20.774837,19.25889,3.5022624,2.1998672,27.351763,73.36662,48.373707,42.380703,45.5793,19.54966,29.567686,16.059666,30.443043,23.20585,10.920591,13.231261,22.455942,46.695183,26.062737,32.901684,29.081184,14.52484,20.155838,16.4509,37.276836,23.146612,4.935091,4.9989004,23.156845,39.365307,27.296917,66.8247,48.47708,22.988617,26.726097,25.657417,49.513218,25.087204,16.600117,14.502904,44.252907,61.158245,20.04628,2.695321,10.159697,48.328903,47.16216,18.206593,25.364578,10.897547,12.347997,8.513109,4.7341046,5.297382,21.307495,40.21805,19.23982,9.5784025,8.151036,26.623728,34.978848,12.338049,14.035643,12.984524,46.183464,42.892017,14.974791,20.08052,20.282469,50.36622,32.9554,14.762217,15.765767,8.140243,13.029927,8.032798,17.786093,14.25262,34.580723,43.16794,13.23545,10.598756,9.309135,30.142782,26.628916,4.3008456,1.6865327,6.5850224,16.553371,10.681286,16.24111,16.66178,12.670173,20.659573,11.091664,21.339987,15.470265,6.8111634,7.886318,12.627508,24.83991,15.037024,31.391155,26.543583,34.02203,46.81844,18.49665,24.124937,14.215874,5.291012,5.1354165,2.1671329,3.15156,4.4551306,12.262805,8.434357,1.1965567,1.1241264,11.661182,22.070889,10.611004,6.2932687,5.1075907,7.2540054,9.495061,3.8775246,5.8651457,7.872758,31.427544,29.179453,5.1894517,1.9347558,0.71024215,0.25393966,0.5017186,2.7579215,2.9796078,7.98609,14.257231,6.394849,2.3902655,3.0052319,19.167326,23.954891,7.7475333,7.893543,4.1988525,2.2630146,2.251639,12.951123,18.824663,7.5126443,8.920196,5.79961,9.579275,9.814557,2.0597749,0.56644493,5.732005,17.476162,12.652925,5.03584,5.8411026,4.1977367,7.7673063
0,3.071558,3.33867,2.453569,2.6731677,4.5896163,7.1559396,6.19695,9.2586355,8.239064,10.455444,12.389423,9.714854,10.7276,26.942617,29.486206,9.579273,13.335118,14.191508,4.6207576,2.1257954,4.0572295,3.636221,1.5309786,6.574236,21.944939,27.006147,49.174988,96.780365,75.46215,41.533012,28.829044,14.982197,9.5130825,4.1774893,3.9990342,4.1313014,7.388777,21.942303,43.86701,47.50361,42.610355,65.54666,38.652676,32.582993,16.940426,10.839256,14.925169,9.89326,5.653691,10.219181,12.063706,7.9679856,10.444436,24.70548,33.681477,25.896841,40.847572,41.374306,18.659895,17.84442,11.359776,10.060693,8.175069,15.842392,31.606455,67.728485,64.78573,39.44853,38.996277,49.4033,50.043026,28.032854,18.553518,31.09852,18.335155,6.0334687,6.798935,8.451023,16.119915,32.08779,30.141897,20.934677,12.993638,16.852188,15.173472,22.340448,22.763685,14.264429,17.431103,18.049387,21.845112,22.534231,39.19945,38.75892,16.594065,18.24105,28.130377,35.124786,30.364098,31.832102,28.511473,13.350311,8.319442,24.810068,27.793756,23.48746,34.985264,28.916386,15.310705,20.498022,22.999044,17.996029,18.900263,12.3785925,12.399536,17.473534,8.778252,7.1404657,15.426341,19.96265,10.355324,7.023225,10.728224,14.876053,5.7597146,5.4917064,20.002432,24.872528,18.950005,21.337599,20.561285,26.13779,23.815714,27.070934,20.017714,11.627764,20.121454,19.359941,13.8043785,27.282568,23.758688,9.211278,8.444799,9.243747,17.1541,20.180038,12.805868,5.7465444,6.963893,8.161405,5.348953,2.2620966,2.7026317,4.811565,8.926115,11.650015,20.60761,18.629456,18.8201,14.226042,15.646095,6.8639894,4.4309483,8.391699,10.773466,12.717436,14.971198,12.892309,5.686815,2.8601196,4.953961,19.194632,20.091589,10.963457,12.673751,8.434749,6.560335,8.794181,6.221326,6.0373516,12.342148,9.792616,7.6142116,9.189667,19.505527,17.402548,17.988482,10.587423,5.1538467,9.601487,10.575588,15.147644,15.439859
0,0.08553635,0.17191918,0.4938773,3.3940039,13.940919,12.427392,3.189219,3.068039,13.139983,20.452488,10.720419,15.7397995,16.183838,41.384274,30.960293,44.198425,41.152477,7.4307466,2.49202,4.9834957,8.069563,4.4678903,6.717514,4.068511,5.287583,5.8977027,21.404167,22.545523,76.726326,98.88373,38.084187,40.888615,18.732002,16.638464,9.78955,5.6098475,5.1536665,14.786653,15.1884,16.211899,21.551764,30.61896,54.04271,31.534893,49.131897,30.065472,6.7857738,5.731863,11.285877,12.074437,3.3424141,2.8199534,5.953603,11.157113,10.681989,24.568115,22.337278,61.576366,52.924713,43.190357,47.610386,16.75801,18.286163,10.923965,17.614176,10.734099,17.363525,12.969283,23.796062,21.361504,20.553785,24.097134,50.486332,77.99274,29.719976,1.7140183,1.525374,4.1666446,2.9587698,1.541973,2.258821,13.591443,16.717745,8.14618,11.031581,7.901064,14.647711,16.718472,45.707493,33.821938,4.6796155,3.3936763,9.565576,12.307863,3.7905807,1.7084454,3.699789,8.539994,5.202058,5.429646,10.8382225,52.14721,53.362526,12.4737,7.6234903,4.228981,6.1739264,2.906422,2.1787257,3.2931323,10.7546,8.737745,1.4676638,1.4162228,11.488086,16.274609,14.329294,25.014782,12.062067,5.913767,5.0344815,12.909515,11.001761,2.9841828,2.826112,0.6982083,0.2118764,4.713992,9.4952135,18.186453,49.0242,33.237854,15.19852,13.364443,5.9563203,6.581117,5.5854616,8.315579,4.345414,6.346879,3.3502493,0.6964833,0.74039876,2.377725,3.2262268,18.084118,22.245914,6.221994,0.7146859,1.8772256,4.1231165,3.5970619,8.658468,6.4229746,2.6086078,2.515704,3.9561496,5.0816884,11.847592,20.224495,10.302731,13.01715,7.598276,2.2605639,2.3578157,8.450427,8.648627,2.0423708,1.2966279,1.5734737,2.7526393,2.3124952,4.806818,5.3319597,15.838292,12.873729,3.868538,3.7767024,2.5719187,3.452603,8.195447,15.388723,7.338807,2.1157885,1.5077853,2.5776649,2.776306,10.923424,12.27423,8.203545,11.308891,6.682811,10.716762
0,0.06763,0.14743893,4.3799825,10.157476,5.8534822,3.2624042,8.845488,5.845764,1.6704787,5.2106433,3.9466538,3.5950143,13.880254,11.945182,5.0930347,22.867186,22.37944,6.4828496,29.410631,32.769566,8.051614,15.570016,19.699501,5.9128594,18.304934,26.466589,9.232715,18.44724,30.527964,12.492676,3.6992004,6.9525895,3.3316169,5.223357,11.498216,7.262019,68.48317,176.47911,111.467125,8.441432,17.36378,12.4894905,5.56607,19.724579,16.257406,2.6679037,6.7595205,6.469464,10.1236515,56.66491,60.45882,13.654048,16.12334,19.463146,6.863803,46.896595,64.906,21.329908,2.3842497,2.6523223,1.0614165,8.198621,14.918828,6.759217,29.999207,63.000813,33.048008,6.7789435,16.5452,9.988448,9.085333,26.042414,18.161804,22.782864,78.04483,61.51667,9.783639,26.098808,23.459303,5.7640715,22.776562,23.264235,4.8872766,5.544539,6.4302096,3.7290015,31.490067,41.730583,13.066277,30.724316,46.446533,17.118324,44.147846,76.55175,32.980213,7.781707,15.390473,7.7224436,23.381674,54.28852,31.279346,8.40583,22.643166,14.968486,7.5953584,24.249336,18.300428,6.8569126,25.455782,21.936693,8.376556,37.414112,36.59776,11.22317,53.077034,59.133865,14.299119,16.925905,21.325804,6.2433066,7.0255113,10.109051,3.5276747,6.4988437,10.751404,4.404167,23.274708,44.353355,21.140692,28.30079,62.446716,34.345795,1.2884135,2.7280073,1.8810791,10.228777,31.121881,22.476154,3.0533636,7.9339027,6.5379095,3.3926399,14.597347,13.688175,2.5850801,5.251414,5.584725,2.2331622,13.646867,16.570385,5.2921863,28.169542,39.012505,12.815346,6.0916934,9.489301,3.6992238,17.279022,31.401648,14.2344265,11.569785,24.271133,12.744877,7.0279937,17.171976,10.423686,13.963189,40.148754,27.732729,4.9112253,14.833794,11.697907,2.0283687,5.9982615,5.386639,1.3260761,5.216269,5.3505073,4.312224,28.004538,32.57195,8.390677,7.9988146,10.507134,3.2996523,8.318244,12.572174,4.6384373,13.408794,23.251377,10.018551,5.332773,10.630496
0,2.35771,4.22994,8.589876,8.916773,3.4951496,6.9644,8.557188,12.758997,15.820842,13.352475,15.362027,11.541979,5.8045177,8.614939,15.277453,10.794761,15.049872,20.154032,11.154433,31.121592,24.742199,11.213362,18.831924,9.422549,22.360014,22.139923,7.191299,8.123338,12.966035,24.538994,31.653965,29.88343,14.14402,24.482508,24.506372,7.5545006,12.859172,9.063553,5.609914,3.9737165,4.521937,12.849866,10.09939,5.556704,9.995272,21.373493,15.139274,17.184374,22.702034,23.455418,19.35952,12.395749,21.83259,33.600002,13.797098,16.729921,15.691274,7.5267696,5.861983,16.322485,24.791061,25.512928,16.546114,9.5624,5.462512,4.4394965,5.8042717,9.782404,23.073868,31.033102,32.125977,25.457426,29.087626,23.416723,14.9657345,8.760984,17.007996,16.457214,11.976799,10.256434,21.798532,44.052902,30.95327,12.45897,9.015906,17.858744,10.138701,11.181204,18.227354,23.056334,13.458232,13.96777,33.471157,45.35396,16.93189,12.002454,15.621909,18.78517,20.624008,12.33139,6.0703893,9.628391,15.166855,13.984047,18.480053,17.132048,12.538066,8.878744,6.293193,8.136544,11.277413,14.018192,14.328453,13.629105,13.038656,15.267709,20.716686,19.668169,19.086966,16.482388,8.994313,5.757638,15.951065,15.67278,9.320434,4.4151993,7.706258,16.210947,16.86476,4.087437,2.67203,8.179859,8.182441,6.460545,9.260591,6.1032906,5.6685715,11.461413,16.946842,7.477895,7.7780647,20.7303,28.56642,20.932674,14.414474,16.017673,16.074589,7.9676976,18.710617,23.0027,21.327099,14.380946,7.434872,3.1831245,2.524204,5.960229,9.393244,7.752489,16.439852,16.253592,9.897098,17.743544,13.278031,7.5693784,8.935777,17.022175,16.94932,10.845717,4.7201166,6.1525,2.8885682,6.836071,7.614334,6.2502217,2.79494,4.6479235,3.318557,2.723491,5.987187,10.439467,6.3752494,3.7724721,12.62618,23.49093,19.492777,11.821449,2.6614485,3.6127803,2.6621788,6.980303,7.2926946,9.271529,15.526151
0,0.064456835,0.9242686,1.6234611,3.1371493,4.5964217,2.3395348,2.305097,5.8143954,6.6338115,2.1450903,2.9685075,10.783762,12.975048,29.855537,30.024738,53.189278,36.482807,17.768911,20.100376,35.22741,17.971113,3.8965676,19.675821,30.026842,20.950104,25.833715,73.05162,85.47233,75.143036,74.25017,38.953808,32.244183,13.969352,16.863722,38.057114,27.563784,21.683205,26.395466,47.322895,34.02495,41.85521,20.562605,14.518507,37.885685,50.597286,26.703173,25.949917,30.00336,30.461807,15.710624,13.301131,9.2824135,8.222845,11.374305,40.445866,96.80278,58.380795,3.3081667,4.2545342,7.3809037,19.94655,30.910213,17.926006,18.763008,21.611551,25.748192,38.63636,44.34415,82.43312,76.63672,52.11291,42.865543,42.480583,36.397606,53.148903,33.036755,13.530093,12.268647,18.433971,16.99987,23.365482,10.742923,8.467123,26.880598,32.87387,29.0526,29.586454,21.05444,22.511087,45.94871,37.49478,11.784645,25.177153,60.72926,43.32529,45.412342,25.69411,15.426432,33.931072,53.372112,24.455397,17.858335,26.523535,31.97641,18.228281,17.080235,4.671259,9.282296,32.865753,27.11278,3.6687384,1.9381459,4.6966205,8.371353,17.217623,13.99688,19.736622,15.671585,20.822048,18.555258,23.906536,29.147154,35.77175,44.2323,47.164776,24.79406,21.444407,13.284584,14.879542,32.523,23.775143,2.3969648,0.5969343,0.38148695,3.6194391,7.062139,37.477562,61.95279,25.539558,4.421477,10.186404,12.710058,6.07295,7.0861173,22.194336,21.673454,13.220956,16.322865,39.263912,29.271372,8.339253,13.437311,28.204664,18.630756,18.717924,9.533867,5.1372633,13.226769,19.225313,15.279415,17.490023,7.5518007,12.218383,51.330116,50.6954,29.060488,23.834007,8.911253,7.6799216,12.232024,8.009005,0.83996,7.6609945,15.078739,9.981147,11.518459,12.899472,17.936146,19.545073,23.85482,8.696233,5.71365,1.5439266,1.0449859,3.2663174,3.0904288,3.8967433,5.107315,11.373061,7.781506,4.2150836,29.122955,58.00796
0,3.0494206,3.4344862,2.7608826,4.3183484,8.46656,10.509672,11.251677,8.161501,14.054298,18.869785,8.393699,9.073814,15.906674,10.979019,20.312706,38.42044,52.307106,60.326313,25.888123,19.966173,16.754396,22.867666,20.558409,8.875814,16.343891,24.184982,16.158169,11.680433,24.281122,30.335423,46.34151,76.01442,95.59618,88.94294,28.589655,24.81337,36.867294,36.4267,62.211464,73.24182,41.397614,39.62203,25.927898,34.603897,36.48764,13.963677,13.792746,30.832203,32.35341,25.010338,24.969929,13.169612,9.322147,38.266064,47.960136,37.097122,46.896294,39.227726,10.101609,24.216139,26.948544,18.724033,37.809834,36.59342,48.726154,50.31983,29.094316,23.02297,31.75066,76.37321,67.309,34.002304,31.544767,72.70286,66.41833,36.51538,31.21128,21.36367,14.654999,24.624063,15.812637,10.904398,11.244987,7.2326665,5.6460752,24.827791,53.70448,32.87511,15.730553,15.012437,14.902618,26.031332,19.082289,12.369188,19.802599,11.175914,14.901495,25.223965,14.254285,12.931145,24.038822,48.866436,54.07476,39.922085,30.853088,30.412935,54.792305,50.388664,24.937965,25.020678,23.572987,24.833042,19.43089,17.159807,14.939363,10.082378,19.18082,34.734467,34.235275,19.709839,19.440407,25.162725,14.5147915,16.665424,21.443748,10.751352,9.312883,9.637801,15.185428,17.336807,4.8903394,2.2098835,8.186542,25.678097,28.245922,9.749742,19.181515,25.407288,22.156015,28.898582,27.03467,10.262662,31.801184,32.993702,21.302807,33.223484,28.222141,15.184169,13.688092,9.142209,7.696687,6.4695783,13.917898,20.0836,15.86426,10.431953,25.75427,22.739397,9.567597,16.10567,18.397482,11.567118,7.8575487,13.124118,17.403845,17.75179,12.992105,9.412948,13.196052,11.621416,11.048677,22.684849,23.895697,18.647757,25.882805,29.896921,21.168833,21.708488,15.119726,8.495517,15.38678,9.5143175,4.6155586,5.181495,10.077751,14.0734415,9.40399,10.935635,7.3522887,4.4435434,11.667365,22.808811,26.751644
0,0.0,3.6587296e-15,1.4219553,2.8439107,1.4219553,6.3175974,12.635195,6.3175974,22.59015,45.1803,22.59015,2.2182407,4.4364815,2.2182407,13.629199,27.258398,13.629199,12.006553,24.013105,12.006553,42.37616,84.75232,42.37616,6.023222,12.046444,6.023222,16.88763,33.77526,16.88763,9.879676,19.759352,9.879676,63.429115,126.85823,63.429115,69.2686,138.5372,69.2686,42.9349,85.8698,42.9349,8.067675,16.13535,8.067675,51.43999,102.87998,51.43999,3.538396,7.076792,3.538396,9.0382805,18.076561,9.0382805,48.207233,96.41447,48.207233,17.785606,35.571213,17.785606,11.473343,22.946686,11.473343,18.84865,37.6973,18.84865,5.236535,10.47307,5.236535,62.42908,124.85816,62.42908,0.87658864,1.7531773,0.87658864,49.968052,99.936104,49.968052,41.129284,82.25857,41.129284,59.76512,119.53024,59.76512,1.4694837,2.9389675,1.4694837,7.406692,14.813384,7.406692,7.407343,14.814686,7.407343,1.2863257,2.5726514,1.2863257,0.9789997,1.9579993,0.9789997,45.747803,91.495605,45.747803,23.228916,46.457832,23.228916,4.9064937,9.812987,4.9064937,34.822044,69.64409,34.822044,55.633377,111.266754,55.633377,38.69602,77.39204,38.69602,6.1869416,12.373883,6.1869416,51.760574,103.52115,51.760574,23.138355,46.27671,23.138355,16.387766,32.77553,16.387766,7.467724,14.935448,7.467724,32.079002,64.158005,32.079002,12.236157,24.472315,12.236157,6.3215194,12.643039,6.3215194,21.649813,43.299625,21.649813,15.633973,31.267946,15.633973,15.507855,31.01571,15.507855,2.514742,5.029484,2.514742,7.8174777,15.634955,7.8174777,21.09978,42.19956,21.09978,13.833634,27.667269,13.833634,38.85777,77.71554,38.85777,4.6454597,9.290919,4.6454597,23.263195,46.52639,23.263195,0.23260577,0.46521154,0.23260577,3.5636246,7.1272492,3.5636246,9.220025,18.44005,9.220025,5.880995,11.76199,5.880995,18.096415,36.19283,18.096415,13.575588,27.151176,13.575588,25.341928,50.683857,25.341928,37.598503,75.19701
0,5.520903,13.038004,25.542301,37.89801,18.179733,9.513404,9.356161,9.480649,8.645723,8.124646,6.5860853,5.603063,13.776405,25.799166,14.923123,12.018334,16.06286,7.5316553,18.224836,28.878008,36.620655,24.907175,13.177531,24.218763,15.614168,25.33496,47.5415,35.911404,31.052757,31.506632,27.04786,69.59014,96.575134,50.81267,27.740486,17.390108,30.923979,26.074673,22.32052,18.430262,11.51189,7.56528,7.2207923,16.811413,21.072014,30.865883,54.75765,44.480564,38.67367,49.184124,31.614075,17.815617,15.396675,40.431435,38.11441,22.578283,15.277828,19.563576,23.825607,9.671313,27.478407,34.780132,28.246506,32.162712,57.54762,93.40783,44.407974,8.372514,17.198606,45.826046,34.817554,19.252537,48.81788,70.40797,75.77349,33.871292,15.499197,32.515095,60.830173,30.018831,22.225395,32.994373,22.24951,14.494541,6.7765646,4.908594,21.004124,24.442125,6.9816837,8.266612,12.000613,16.872244,19.241928,20.452557,21.635983,13.888084,25.318739,32.23888,12.174759,34.40011,47.034714,56.35191,35.16159,21.002918,21.060997,26.405954,21.335867,10.299494,30.13785,35.916946,39.824112,34.207565,30.929438,28.891766,22.042835,11.462611,8.530722,15.009541,12.929459,24.574339,35.57452,25.132965,23.661575,25.10636,25.245096,31.856955,36.415874,39.062653,33.12576,26.77757,15.565957,16.467278,20.152138,24.663591,18.559444,18.793633,19.47688,7.513811,10.75004,11.657212,6.3683023,25.206179,28.146864,25.226274,11.6486225,6.1717324,16.863407,44.982384,37.147476,25.840864,18.209969,26.016407,27.004509,8.845252,4.781887,4.3442698,5.1541195,7.322569,11.957289,17.149899,20.719736,14.544061,8.702997,17.231146,10.405192,7.425914,15.099582,13.031857,10.570497,6.9232993,11.174175,9.06482,16.610043,48.01725,35.410755,14.730269,7.093605,13.297692,23.882675,39.169037,26.233654,17.537552,11.068386,10.674309,11.499447,12.961095,13.121792,9.682223,5.7867446,2.5301383,7.9303007,18.053698,31.892744
0,1.5258789e-05,7.6293945e-06,4.3617315,8.723463,4.3617315,2.1972983,4.3945966,2.1972983,0.6476074,1.2952148,0.6476074,0.47875956,0.9575191,0.47875956,0.67932546,1.3586509,0.67932546,1.0337611,2.0675223,1.0337611,3.8044806,7.608961,3.8044806,2.8634784,5.726957,2.8634784,20.72901,41.45802,20.72901,96.81326,193.62653,96.81326,23.06543,46.13086,23.06543,7.878518,15.757036,7.878518,0.16662128,0.33324257,0.16662128,1.0869472,2.1738944,1.0869472,8.729104,17.458208,8.729104,2.8123746,5.624749,2.8123746,10.707553,21.415106,10.707553,15.09902,30.19804,15.09902,45.087128,90.174255,45.087128,67.68545,135.3709,67.68545,25.403662,50.807323,25.403662,12.14041,24.28082,12.14041,3.4687245,6.937449,3.4687245,0.19491702,0.38983405,0.19491702,16.022045,32.04409,16.022045,8.447484,16.894968,8.447484,13.7059355,27.411871,13.7059355,18.044342,36.088684,18.044342,59.453117,118.906235,59.453117,31.805792,63.611584,31.805792,16.652563,33.305126,16.652563,13.37565,26.7513,13.37565,3.1154304,6.2308607,3.1154304,3.93902,7.87804,3.93902,17.06288,34.12576,17.06288,11.323355,22.64671,11.323355,11.684851,23.369701,11.684851,10.431858,20.863716,10.431858,58.91356,117.82712,58.91356,6.434811,12.869622,6.434811,15.276976,30.553951,15.276976,8.805004,17.610008,8.805004,1.7713654,3.5427308,1.7713654,9.695873,19.391747,9.695873,9.675163,19.350327,9.675163,4.8553944,9.710789,4.8553944,7.4165688,14.8331375,7.4165688,6.359072,12.718144,6.359072,41.120903,82.241806,41.120903,13.230572,26.461143,13.230572,4.6813054,9.362611,4.6813054,3.3492954,6.6985908,3.3492954,0.34686813,0.69373626,0.34686813,14.263561,28.527122,14.263561,2.5206912,5.0413823,2.5206912,4.0488095,8.097619,4.0488095,0.064243175,0.12848635,0.064243175,17.579983,35.159966,17.579983,14.052684,28.105368,14.052684,21.429295,42.85859,21.429295,0.45636255,0.9127251,0.45636255,3.3904712,6.7809424,3.3904712,0.7877292,1.5754584,0.7877292,21.983093,43.966187
0,0.43117556,5.2037163,8.94216,17.964157,25.177603,19.424189,21.324883,15.251143,14.62249,3.4499192,12.509208,40.54405,31.043652,11.06762,20.292938,41.930195,22.896639,1.3176093,10.203306,16.014011,23.15598,30.143162,40.71735,46.569416,63.01972,65.67246,103.72692,84.88759,15.142937,26.251812,60.725853,36.112133,4.3182297,17.158827,28.826487,29.704922,40.17141,80.58021,96.86544,42.147575,34.266785,22.112656,18.50144,3.2676048,5.819404,15.1178665,9.955885,4.3796477,22.403872,40.949066,51.96766,74.92349,37.778652,33.86385,40.6784,44.963074,36.786835,37.142044,56.91013,55.650658,88.29028,62.7833,28.12462,22.219887,30.28009,23.016548,29.466043,19.958158,22.692598,12.393054,11.943601,8.011042,8.178196,12.241472,23.340153,67.8309,58.460167,72.30401,46.51197,4.464833,31.344658,57.35931,37.23025,41.392456,19.05223,14.567942,24.732948,30.002338,56.162327,53.574463,10.148064,14.336879,41.56592,29.202753,6.328645,26.863846,53.2776,36.057446,41.009605,69.94301,96.71149,33.689926,9.300282,21.232323,22.234444,16.030794,21.312643,53.778263,41.376076,20.101147,16.094019,21.301073,15.191412,18.264505,35.08605,52.716805,23.24233,16.052801,6.846061,8.021177,28.196535,27.092855,5.0752807,0.976831,1.2194343,29.878973,71.711395,43.39468,16.074224,7.9979553,2.100145,22.805027,32.595814,13.145059,11.093577,38.33952,40.41491,28.188488,24.387009,16.714472,12.992272,11.282668,8.260856,8.518714,11.823149,19.872261,24.380537,35.29237,23.147858,24.800861,8.6268835,6.0170484,19.229593,18.48228,4.19625,2.1932619,2.0318975,1.8582052,2.875788,24.830906,49.503437,26.274672,15.310241,20.221684,27.347387,9.73307,4.418195,15.172033,15.88299,8.572414,9.757581,22.44331,19.714315,26.833536,21.099262,26.115131,14.243777,1.0120579,1.8701032,2.857082,3.9529862,5.667856,16.851772,18.853464,4.765086,10.846813,39.327457,32.31283,4.427749,2.6059475,5.7381544,12.827985,24.799929
0,0.07971484,0.16459826,3.1965117,8.031647,4.9964647,3.7788734,12.28476,9.342705,2.3739502,9.452778,8.79101,4.418815,26.39895,29.772228,7.3668365,12.188924,16.709545,5.5556054,24.38725,41.255547,17.266912,3.0799332,6.35939,3.4561744,16.726437,44.515247,28.88899,18.726168,64.394135,51.241924,18.549341,82.8594,80.14898,15.551619,24.411398,28.710104,7.8641844,26.498583,38.149574,13.190134,8.7582,15.463175,6.860623,31.949883,70.62572,38.905632,4.4912896,12.4437475,8.508917,11.741523,43.237587,35.89446,4.9159346,2.4765708,2.4383662,3.6981955,28.353443,34.905113,10.930711,67.77845,102.1518,37.347706,10.125691,18.27329,8.4949875,8.2359915,19.143429,11.08625,8.511105,25.359713,18.025406,11.371554,44.281948,38.47815,12.289676,60.50961,63.872074,14.384073,24.485567,31.491005,9.3847065,5.870539,9.172535,3.546562,13.8866005,27.10563,13.221944,3.743449,9.192272,5.6902003,15.651393,49.41832,36.71755,3.8239377,3.339271,3.116239,6.1668353,37.18844,41.031242,9.728325,8.059161,10.696118,3.8711987,39.50371,65.28177,26.612337,16.613956,33.947304,17.396559,7.792312,20.168516,12.791922,6.7126145,22.369047,17.394173,9.586837,42.468468,40.210197,7.350839,6.7568865,7.7298465,2.445994,16.716785,23.534351,7.90124,7.7268953,13.317905,5.735802,16.880339,36.37301,19.559435,0.6877011,1.6460488,1.8758237,15.345284,54.851265,44.534172,5.777911,1.4243244,1.0991995,2.0216942,14.695212,17.701298,4.808071,5.520801,8.079756,2.9369848,24.565691,44.60576,20.176266,0.5947483,0.92596114,0.55433303,2.838377,8.205742,5.718492,3.194803,12.0727625,10.283709,5.400621,27.727472,28.64169,6.0976114,3.8176477,4.7322826,1.7547446,17.554502,27.062218,10.174454,3.1235654,5.873158,2.8259482,13.337942,31.86346,18.841179,1.6676024,4.6083155,3.4405715,7.572166,30.863684,27.368137,4.3641634,3.6781027,3.8898056,0.9538325,3.1859832,4.184422,1.2868891,0.30646113,0.45369047,0.18140127,16.804726,33.61184
0,0.91476494,3.6231818,4.9183707,6.8557334,5.066154,1.8015658,10.082277,11.217338,6.607003,11.770982,17.904207,15.277198,19.94704,36.392326,27.096178,23.609776,18.57011,14.904106,4.678205,6.378797,7.8394346,4.1807976,4.753585,9.222199,38.915516,50.68976,72.13251,62.295475,60.300957,35.52043,26.89405,21.98776,24.143194,31.125027,23.978745,26.773909,42.8624,60.589386,77.08955,25.830374,13.590298,26.7218,15.300677,9.651322,18.076445,13.883943,4.4212313,25.699818,30.056997,25.114124,17.59051,9.299382,20.70206,23.7647,30.276886,30.456753,36.111935,32.88167,28.936115,17.237633,22.002964,28.020283,31.703226,27.903843,24.104565,30.21139,37.449493,53.629128,39.378834,9.174423,47.616238,55.220024,52.6896,47.674805,53.348507,25.501448,16.068935,17.325262,26.584085,35.477497,16.914888,13.096552,16.72201,9.276694,4.0127096,9.772753,21.523174,38.52493,20.65136,13.994235,27.220707,19.574526,5.8426967,29.653223,31.191349,7.4644732,19.104189,32.064476,59.755665,55.72941,10.443508,12.724408,17.950554,17.52218,27.740046,49.86031,26.02194,4.100404,7.1712756,5.9276085,4.467869,12.610501,18.626465,35.994846,27.099916,18.790606,29.071653,28.704779,6.7339225,2.5600312,2.2017803,4.1473484,3.9642358,2.9995089,2.1091714,11.89916,43.74391,37.01269,16.641209,21.434227,24.232164,13.913558,10.220582,8.088515,14.867246,17.516548,21.367079,19.07756,20.47337,10.388547,8.649606,14.305091,19.193245,24.83511,10.538279,7.4118147,10.73468,5.8550096,3.894267,12.984518,13.674194,17.685057,26.408009,29.579683,14.542149,9.745528,7.038589,18.546091,19.491974,8.648733,7.126786,8.272655,13.006662,21.561134,42.190636,25.92283,11.60569,5.440558,3.4709277,2.074196,1.4400754,1.33823,1.6891919,5.1092644,9.207603,6.113759,5.4845724,6.5732417,10.969615,16.67565,7.1690063,6.2496104,14.916211,23.095812,31.628714,11.71664,5.018907,9.885596,13.237461,17.253672,23.093046,18.914015,6.572627
0,10.6324215,11.374246,7.7739067,9.185107,9.690041,14.215948,19.092611,14.674931,15.987034,11.80955,15.973825,30.862247,34.25841,27.366453,21.217913,20.562202,22.152012,15.010153,13.952027,28.02948,28.381962,19.73453,18.165337,30.575592,32.933945,52.869186,54.519566,39.27604,30.481947,19.60052,17.604584,13.561012,9.60231,23.905256,28.1672,17.444231,37.80795,66.33086,54.878555,46.67147,45.883408,24.380512,12.815478,20.43697,16.545408,25.861889,41.377438,30.647577,21.062704,28.130362,16.79487,21.248497,35.47551,31.0842,34.183804,52.200096,46.12358,25.210402,32.221798,20.318344,13.347519,17.900896,40.83341,68.62719,58.63867,23.219856,30.635122,49.59145,38.665028,15.239654,27.640566,33.695534,31.898123,41.066803,40.11176,24.099863,17.057953,11.134373,11.861668,13.78161,18.733408,15.354188,17.51734,27.19711,33.06964,24.436525,50.018986,36.690086,37.536224,38.623558,23.137953,32.925205,45.71003,36.520733,30.317564,34.850594,23.534286,22.18834,19.714033,13.872601,23.233597,22.512281,28.350113,15.042465,8.3460245,17.253778,22.894463,19.976048,15.548092,9.692939,15.942631,25.196455,26.883413,19.515894,15.982403,7.5363965,9.834249,29.262512,27.08115,16.783941,11.702347,11.642508,14.367897,24.578672,15.908382,16.283722,23.24265,14.815854,19.222967,24.631763,14.624192,17.810913,23.142914,14.5555,7.9254966,12.044574,16.079557,12.583848,17.962536,20.840069,17.551504,23.821735,22.624567,14.30222,20.590067,12.549533,17.950542,16.033844,14.762729,14.737659,16.29537,20.21795,18.147516,14.551983,22.737589,17.705378,11.53932,17.305199,12.780357,14.278215,17.654894,15.471473,11.391259,7.060329,14.34284,11.985638,10.719995,7.0822234,7.880919,12.069323,8.895727,11.459849,12.547095,6.6125507,9.628403,11.801599,8.19483,11.093746,15.368353,14.881835,9.023757,8.538941,6.227686,4.434872,13.705178,15.372092,15.783524,13.576692,9.024117,9.840071,11.7160845,9.757008,8.806314
0,1.4980597,8.144363,11.421314,8.526731,7.3101215,2.257441,10.762199,19.025455,9.1987095,4.9451942,7.7711816,7.0044165,6.080766,8.70209,12.85661,18.621307,19.898088,9.290595,12.316994,22.355162,13.212233,9.357149,16.601713,16.04626,4.435816,4.5816197,7.9940796,24.57751,35.551212,72.100586,71.71428,83.916595,95.35424,133.49858,66.66999,45.385853,25.988,22.774931,28.00159,17.996817,14.697596,19.835352,19.499182,4.0771656,5.0119405,9.584846,11.596477,16.368624,38.21706,35.256958,15.73711,14.709696,19.661877,10.603419,7.944404,5.324797,17.891333,39.674957,46.41294,61.913357,34.398586,30.359129,44.806686,51.354176,78.74936,53.599846,53.084408,84.34866,78.70497,16.900494,10.197173,14.302648,14.030034,18.264238,37.794895,32.269207,13.110661,14.528283,20.48384,31.916716,33.95296,13.252249,8.65239,5.488076,14.668275,20.426037,8.159883,10.006245,25.525522,17.64695,7.033058,34.22157,44.519855,45.102818,38.35223,13.193066,8.135435,10.320888,57.22682,66.4286,53.455334,40.700813,11.476169,18.263315,25.562355,9.205535,10.552686,30.947865,22.168308,7.16553,4.6087804,5.9151917,18.269424,18.408323,20.874762,14.533119,10.538269,5.397064,3.685402,2.1975543,13.668018,30.793531,20.311531,16.00412,11.145773,9.951251,2.314831,15.683897,31.328424,16.014275,12.878772,55.650772,53.0101,19.404879,16.076807,20.69955,18.674957,20.254227,12.894186,11.468234,14.038179,8.4463,3.5360677,7.050714,7.8304033,6.5501676,13.841625,27.136925,14.175885,3.6952345,16.177357,17.27239,19.125732,17.360552,21.74947,10.765525,5.35741,6.667269,5.8697133,3.1184797,13.199553,21.468203,9.895623,7.0798917,15.498668,13.294055,11.828228,9.91564,11.588999,15.800238,15.615948,3.5800385,1.2489676,0.66200197,2.984541,3.9909205,3.7643902,3.8014493,5.188672,7.962933,12.617949,16.275965,18.247353,7.988208,5.5224304,3.2680697,10.154206,15.465669,16.556301,16.488554,3.733815,1.6479473,2.8078816
0,5.4085975,7.5164146,8.422372,6.1028094,11.274487,12.5274,11.598938,8.13702,5.2081447,4.4277363,4.0280557,10.781892,9.853133,11.7541065,13.557368,8.740769,13.354972,17.540749,22.53558,17.75463,6.205689,3.0353131,6.0719256,9.179791,15.213417,13.277152,5.552349,6.796027,7.266799,20.676512,26.74457,23.439457,20.958214,29.31711,50.55946,111.62399,158.66885,58.70455,31.313808,23.296204,5.7958674,10.534994,11.371237,4.683863,3.1311646,11.4407,11.395328,7.154042,5.8121853,9.738371,10.418363,16.792803,19.119349,13.945852,22.541872,17.12476,12.951711,11.158223,7.049843,7.6090446,14.562764,15.316761,15.777475,13.863315,8.365702,28.385305,29.61461,32.757244,33.48154,53.81434,73.49127,91.88111,91.16606,36.217922,57.415173,37.87621,21.435297,19.593449,11.416088,6.063829,12.653877,18.3434,11.006638,3.7195134,2.9827676,8.325259,14.6502075,17.421127,20.542595,23.153238,22.244698,19.30946,10.925451,6.8795505,8.332637,8.048225,8.472931,12.411543,20.969927,21.290964,15.677621,22.486267,18.859142,25.462774,31.56497,55.142166,62.793564,44.47963,36.44539,31.821922,41.63841,22.819149,22.001345,17.894207,6.709319,7.13116,12.899369,20.970242,11.504234,8.025864,3.7699513,9.317921,19.94044,19.858013,17.783628,14.750138,15.429898,14.221031,3.4977572,6.3714128,14.015511,11.529844,9.878052,23.375433,28.984917,22.142872,17.555834,9.153814,10.085096,24.846415,27.687885,41.595585,35.435173,10.418981,15.692754,19.43857,25.086872,12.396033,10.000795,9.174185,9.593491,14.592787,11.046245,13.132162,16.531347,14.119923,6.3722277,13.056602,22.72094,14.33032,8.625292,6.9598584,12.237569,10.1413,2.755728,5.3814054,10.963868,10.409271,7.4748645,22.218077,23.452766,12.863525,14.056276,13.152322,8.337862,19.382845,18.237085,19.708693,16.50395,16.63262,10.935314,11.043179,11.126684,8.593965,8.297525,6.4277678,10.177708,10.586255,4.159944,10.491083,22.611868,15.67966,3.531738
0,5.3242393,4.9951353,10.230159,13.121108,10.224551,16.894156,17.394703,12.447043,6.3536134,19.987215,32.167717,26.00312,30.598118,24.834284,24.24776,31.270021,19.499266,17.244196,13.510099,14.519606,10.273399,22.434074,39.22905,37.243137,40.122208,61.699295,45.5763,42.678085,33.773212,33.755337,32.251633,19.242092,7.5664053,14.8306055,55.456657,70.91517,40.32616,40.542538,31.780058,26.151297,49.178394,57.173676,23.045141,2.9598298,7.0744796,18.795885,18.979918,9.097009,8.094257,16.336178,15.273496,23.36675,40.10519,43.816128,43.484135,47.39557,43.09408,47.47432,52.43825,44.045033,36.13343,55.414303,40.45335,13.248998,11.663172,26.666916,43.668255,39.82113,19.40504,17.872875,35.265556,53.380028,32.59652,16.140257,7.1007643,4.371598,10.492016,24.287422,27.564217,22.69018,22.978956,21.183874,29.286747,50.037407,48.47864,21.852102,16.696798,32.664917,40.084576,26.324867,11.049067,27.891102,31.907219,39.342594,45.94965,48.971138,39.429672,17.629547,7.8664775,11.186988,15.626188,22.883001,23.365484,16.333738,17.755701,13.647631,23.647879,28.842882,10.754745,17.385017,21.957952,13.604687,8.148085,7.378748,8.694375,16.42784,19.582489,31.848015,57.631954,41.58853,13.082113,9.146949,5.9076624,9.701358,13.304522,18.301544,28.323833,25.50057,36.511555,31.983692,14.605141,19.116179,20.485806,13.649368,8.513128,3.07076,2.359109,2.1676202,3.6639547,7.916373,26.927938,26.362572,12.690049,8.342544,9.946014,9.785152,22.663767,32.058147,24.181782,14.1970415,17.57998,12.151554,18.158344,31.786167,18.575062,11.194037,17.27697,13.423272,8.225382,13.4920435,9.104933,8.847922,11.63825,13.792805,12.328406,15.2567,18.59278,18.548414,14.327433,7.7181883,13.219603,17.745289,17.481201,14.451394,10.481511,17.604303,12.3169565,15.07766,15.37489,9.946944,13.625017,23.588753,20.323359,14.528336,11.302969,13.76554,8.242249,7.1889477,6.628089,16.519558,20.716162,12.234318,5.242222
0,0.2897565,1.3257076,5.9042277,6.2621684,5.856718,7.356717,5.665651,6.505772,4.183416,2.70287,6.6910043,12.70571,11.377675,12.009281,15.488602,7.662113,5.36651,18.761583,26.391031,25.519417,19.072254,18.664034,7.672522,4.879973,8.97835,9.535696,13.608637,11.897602,10.958879,13.280584,29.428198,30.982546,16.913462,27.633446,56.70173,85.96237,180.15167,130.8299,51.598835,53.02776,51.502476,42.023483,21.615643,26.376886,12.668134,4.94659,14.7122,23.39313,20.155163,27.492338,23.749659,16.109772,21.662409,32.133186,31.280712,36.076912,21.78352,17.381292,18.418097,11.810103,24.357647,15.414451,6.4537635,9.89271,23.158096,35.59056,37.57717,47.574963,27.794275,20.23128,50.933327,83.89361,76.245766,62.398563,32.669975,47.829857,63.566185,64.29994,34.361637,50.123062,28.058126,10.76521,20.536634,37.65771,31.230606,37.71173,34.49204,18.417015,29.928614,46.65765,26.486778,23.519897,22.074791,15.368129,27.539507,20.58042,22.792765,20.391611,17.105114,20.643341,19.182728,32.177826,26.742126,24.98452,21.522062,18.504408,13.826793,33.87589,35.867935,23.035427,14.792546,13.502672,20.89062,28.872643,32.82449,54.71346,40.1991,18.324633,28.998331,36.3753,30.936932,22.531548,27.523384,12.860099,17.636177,24.726187,15.186022,9.360388,8.8845005,12.194006,22.708883,26.49003,16.543892,19.505163,30.502375,36.167107,19.126144,15.372204,18.35983,14.029874,11.024264,10.628327,7.9122763,11.278301,15.050121,12.87781,12.5431,13.982431,10.565461,12.056246,21.743061,30.469498,26.74505,15.651853,25.207144,25.513954,18.845493,9.481394,13.408912,9.781548,10.499507,11.366589,5.547681,4.337828,8.057883,16.896343,21.378292,15.909564,10.737549,15.082676,25.823076,27.480396,21.590475,10.166216,4.835729,13.727498,17.119923,10.951107,6.5378523,9.726081,12.1271305,10.150866,12.235512,14.946183,18.841213,12.343108,10.651161,7.736436,6.5358667,7.0918784,12.342768,12.998879,10.148519
0,1.509105,6.98044,12.699283,34.650417,30.811552,15.177998,13.985017,16.68235,6.635949,18.612091,50.32982,33.401352,6.819102,31.622717,36.01175,16.082825,22.510628,39.799694,41.14152,48.48329,53.593456,44.57354,8.574686,31.487503,46.725693,33.590332,28.72348,7.5971847,24.620493,41.844196,46.43927,48.086388,12.280586,36.744396,71.51977,52.55449,51.006084,40.810513,35.605247,33.29745,18.798952,5.803145,14.024357,14.199949,11.356629,10.652954,13.552083,16.535257,24.572573,54.94384,41.026367,15.343418,37.233524,49.683002,69.25636,59.4708,36.659996,29.338732,30.986021,11.134013,16.114117,41.232754,28.876806,20.556288,26.937756,31.954647,47.571728,38.097492,31.327806,33.94054,38.577507,25.76793,31.94349,55.56102,36.872047,29.5025,17.46534,15.893616,21.191193,14.202096,9.237244,22.192343,30.768702,60.576954,44.102467,13.448607,16.00103,22.69115,49.215824,43.45853,35.710125,49.231,63.66039,22.414585,8.454153,13.321629,9.497053,7.7291784,4.3561945,7.228407,19.241762,29.476664,48.300255,37.676445,36.841824,11.07616,14.880339,30.931292,33.84086,41.21493,25.783733,21.173594,15.214319,9.786341,6.400646,13.965703,15.088077,12.512187,21.050856,35.216213,30.896517,33.78918,41.72401,33.99455,19.466454,27.664242,36.34338,37.681423,32.81137,6.3387604,2.7312682,4.4193225,18.772964,19.63195,7.402154,10.650747,18.137838,30.977589,36.009445,22.453035,22.288214,31.880787,19.676756,16.554668,35.05841,32.82661,23.134045,13.792436,4.391001,5.515966,6.488915,10.047372,9.138741,11.103594,20.259275,25.635286,38.05307,33.47037,32.528053,19.260979,14.345317,25.303528,23.647614,18.79906,14.724303,15.13926,12.065838,11.710887,11.754225,8.816794,7.663659,19.065102,23.171682,26.534391,28.678078,41.3331,24.756418,17.899761,17.633533,17.06269,19.89806,14.66358,13.573007,5.151407,6.42238,17.348003,13.437347,11.774787,13.65038,16.56233,26.197754,26.740385,35.734352
0,1.7607639,2.9487188,4.013462,7.4788384,8.96396,5.6833415,2.2608712,1.8654759,2.8192453,3.5713508,5.459397,23.384117,25.291998,7.8380013,3.6711943,7.086469,8.623535,10.6617985,11.849083,7.249515,6.410279,10.050716,38.198975,60.494213,39.475014,24.412407,21.216349,26.411848,18.221798,17.623657,18.75578,14.471031,17.459782,25.387302,47.87206,42.882553,18.706179,24.325294,17.546932,11.634519,5.5317736,3.167465,5.3137593,5.336301,4.8481374,3.9322414,8.82837,10.244211,11.99002,22.217138,24.467026,20.0335,28.726376,20.54348,13.723444,23.574541,28.232021,22.143608,16.6101,20.47812,32.92162,48.94571,26.028503,16.733824,10.319243,6.614215,12.355399,23.18923,22.463182,11.519951,15.061241,23.57488,12.171624,3.3620734,8.138355,16.028048,12.050775,5.226073,4.864509,11.6005335,13.935532,15.670239,19.588306,24.248867,31.935944,25.596933,25.437988,8.740137,7.0707393,9.957531,17.950424,16.820038,14.375447,28.671589,28.099417,17.8347,11.625374,11.347272,16.441298,9.422401,5.7131405,5.6288404,11.082261,10.03029,6.688674,9.543312,10.788945,5.1588397,8.884741,13.090766,7.797083,9.217334,11.696824,15.308851,11.051624,13.551557,27.525846,20.42665,16.026722,8.754311,6.8605347,15.808364,11.566291,8.032208,9.838354,8.826266,5.0520315,11.139123,13.405175,5.5231414,5.8681955,6.533593,8.44259,5.5606027,7.6869,8.222405,9.942801,7.302825,6.1531696,7.973569,11.508501,6.6257095,5.297191,6.075289,3.1210735,5.5458574,9.78506,9.20894,7.38646,5.7145286,8.030197,9.238041,7.0799837,12.428996,13.92297,11.636952,7.5861983,6.616976,6.7306647,5.093286,4.2855997,5.0944777,6.72867,4.725718,3.6672685,7.327821,7.5361986,3.9857328,3.7174232,5.4952745,5.3731747,5.3169956,1.9890631,2.7352762,4.5805597,5.4290595,6.3721704,10.794946,7.99885,6.0290294,2.7702718,2.559669,4.267126,6.2904816,7.3067513,6.824559,4.489208,3.4285262,5.6512346,4.2960005,4.402448,6.6080065,10.629296
0,0.18941624,1.448615,2.3349295,5.341669,6.2519665,3.0549994,2.4530919,1.7732761,13.364632,29.042028,17.841549,13.509197,9.510431,11.0318165,25.770872,25.37326,6.7212744,7.694916,16.368872,11.000095,9.456473,18.170132,24.505415,20.330923,20.562881,19.245668,17.955938,24.310123,18.146235,18.700338,23.58484,32.23465,16.839796,14.704723,16.461086,21.990133,48.43112,33.997707,12.365083,12.679445,17.572695,13.152793,14.148209,12.439409,12.334815,14.800245,11.319038,7.11227,18.13435,30.855005,13.515762,5.3631163,25.620762,27.103611,18.46719,14.649025,10.084605,37.05045,68.94648,33.42877,11.406147,4.1018915,1.4217161,3.143339,3.0548904,3.9204264,31.684053,65.071754,47.364037,51.98671,20.005117,8.351107,36.274944,34.105766,8.396443,5.612348,8.013615,9.136813,13.588424,7.70375,7.169527,11.698097,11.703894,3.3582926,6.563161,15.486357,15.845627,23.703043,21.612894,26.26036,11.626838,12.476681,35.85438,30.888409,16.575972,12.527013,13.307167,21.103765,30.661724,14.374168,10.326339,5.5008698,4.4724793,2.05011,4.613897,9.649546,11.011738,15.942796,14.4203005,16.620241,11.456891,10.247686,2.707935,3.8519945,8.565415,7.683873,10.452786,7.313294,7.925018,8.57999,11.283012,26.07906,21.78275,8.999031,18.073273,33.600163,19.754705,16.298199,9.591528,8.987156,7.3689632,7.091554,9.813014,10.472265,16.838993,15.357209,20.047602,12.605027,12.099385,4.4648514,4.3629384,10.535178,7.863286,0.86653125,2.493128,4.39281,8.516697,11.2429085,8.30089,7.82962,3.1266286,4.2449813,9.283457,5.957173,3.5125382,25.38086,36.69174,13.5757265,5.6273346,8.60152,7.393553,1.3781735,7.923146,16.237354,10.855581,11.005727,7.5521245,7.6050863,5.294893,4.787445,3.930878,3.3967881,4.3876686,3.0768316,3.220243,4.1543555,5.269405,5.870023,5.722242,1.5591815,1.5411936,3.2105625,9.282421,16.727423,9.500739,8.046506,5.771207,6.0948887,9.956389,8.445828,2.9938564,11.3815775,22.512955
0,0.08716187,0.16487154,1.3661475,5.0855217,4.283371,1.2640407,11.743666,16.139803,5.2622585,3.9942894,9.320823,5.4947906,5.0605936,23.776007,22.957134,4.3032455,0.64291877,0.2494363,0.45943934,6.874852,19.256113,13.023338,2.0806181,11.137376,12.373709,2.96648,2.1250947,3.9186678,2.4131737,17.288687,58.47642,45.764114,11.483045,87.04939,111.39463,32.908836,28.683388,61.910534,33.479233,7.858167,32.831104,29.54197,4.907823,12.958906,19.093475,6.8479266,9.118152,23.30651,14.654197,0.84180486,1.2119281,1.2434072,0.7394145,18.685648,32.04369,13.639899,13.296124,40.840527,29.698107,2.9182227,3.9689968,4.7049127,1.2547003,40.93584,81.87428,40.93854,2.2483802,8.424048,7.1368833,6.3709126,65.29364,89.77901,29.24178,12.893689,29.72613,17.356997,1.8075213,7.9534435,7.6855116,1.5647886,11.509142,18.307142,7.1601634,9.77479,27.364798,18.522364,2.8677647,15.496482,17.206076,4.135624,18.608719,34.43185,15.890393,2.1318998,7.1684766,5.6508617,5.1131306,42.98437,55.03104,16.252792,28.308523,61.293427,33.185715,12.0672035,50.45867,45.40947,7.4261327,7.4794946,10.884168,3.8958056,3.6053333,9.2353,5.801481,0.3256824,0.09718639,0.16558394,0.70906174,19.515228,33.45326,14.2197075,1.5405339,4.473112,3.2645452,2.0203342,14.227498,16.96292,4.5248413,2.7622051,5.4578314,2.7626977,4.450036,16.688633,13.998582,4.034133,36.334503,49.966934,16.273836,9.238161,21.47073,12.529651,3.9469044,18.39966,17.765697,3.344098,6.1972694,9.808693,3.8473775,4.1007724,11.443981,7.779541,3.8415678,23.317036,25.903439,6.203117,12.401762,22.930683,10.579034,2.8146265,9.511884,7.429951,1.658013,11.840441,15.161641,4.4761963,3.5179274,7.5767274,4.1814733,6.4119215,26.821905,24.137514,3.9579968,4.100971,6.0112395,2.1538403,3.238936,8.28857,5.2125225,0.72788835,3.5870285,3.7150173,0.8583992,9.526337,16.323511,6.9544873,4.736587,14.521139,10.561457,2.6907418,17.682798,21.085186,5.624002,6.3734374,12.71669
0,13.152919,11.509053,7.5939016,16.148712,15.358772,9.4661,7.2480674,12.365987,15.754002,16.299566,15.323051,15.042034,14.762308,10.408246,29.767147,57.659294,44.997112,27.608376,18.998917,14.351596,10.509304,13.406125,16.445217,15.510269,16.555967,24.815819,16.407534,25.922901,36.231434,34.205887,103.566666,170.88725,82.41646,29.263939,52.20963,46.48491,23.976456,15.62836,15.261296,35.448967,40.48716,21.408333,25.640646,45.239784,43.29778,45.01426,99.25854,87.88459,51.862514,43.781685,35.601948,16.929176,18.71054,17.527464,11.250752,12.028157,13.500417,15.063668,39.30111,49.81588,71.89143,88.94188,102.58959,56.27505,55.082333,81.847,52.0458,20.444117,22.680094,28.479713,38.555164,37.408783,22.232672,51.010876,76.426285,53.552753,52.269978,78.76204,61.46679,37.73531,55.026196,55.79345,28.535265,17.868809,33.438015,35.253563,22.570368,37.950375,28.774805,18.118635,17.58359,48.47089,67.7264,50.07677,34.939518,27.646141,33.657707,32.906746,26.949877,24.075068,42.47216,40.278618,26.311901,24.081087,51.46529,43.39138,36.768204,34.05229,24.256367,26.652472,21.543268,62.024292,58.736633,26.023643,21.84627,16.008896,22.49465,17.625967,24.907642,24.775091,19.696507,25.1414,40.17108,48.20419,46.17454,27.95269,39.30814,29.69848,14.052925,10.563688,17.3131,28.181993,23.366896,24.824654,27.7568,33.89158,33.616344,33.252335,43.327293,30.110086,23.85776,16.107613,29.618551,33.099335,22.013897,18.344027,32.45728,28.878588,28.184776,40.983185,24.778517,18.289108,21.863422,18.679506,13.013864,12.542061,18.294476,20.374582,19.024652,18.036749,15.795775,23.206926,24.903019,10.52428,11.394736,27.115208,16.943686,6.420788,17.408152,28.390993,33.69427,21.461891,18.341244,20.364456,16.89852,15.51473,13.365009,17.989416,15.529063,18.396973,29.82236,20.601799,12.979851,12.35765,19.566923,14.177444,14.057272,18.405426,26.08829,20.584341,8.217794,17.19033,27.417246
0,16.042488,17.261402,13.729707,9.1989355,16.531033,19.461075,11.233558,3.9683921,2.4099042,6.2516923,8.5151415,7.2592444,8.049251,7.6128626,12.70226,23.079412,24.306,14.271345,14.501845,19.668518,15.0617695,12.193698,16.375402,13.5553665,11.552275,9.81956,10.9125395,11.385603,21.152771,37.8025,35.126125,18.193687,16.093328,15.158922,17.210604,16.6978,29.31573,38.419376,22.211597,15.4659195,7.639425,3.8526027,11.95328,26.405504,30.950119,24.059126,23.772497,54.629604,58.971466,32.749912,26.968237,24.952486,36.142708,28.143116,13.017979,10.31558,6.7103624,8.289353,19.984045,34.72118,29.203657,33.226788,69.23939,43.709053,13.748148,13.178183,13.65917,11.353256,11.429865,13.878181,8.372554,10.347992,12.584609,12.345586,14.438893,12.442969,16.865196,13.2797365,14.975612,20.566723,18.830835,18.964785,5.9186425,9.306371,37.391724,39.15573,35.445423,28.850403,23.764727,12.808568,15.680851,27.54479,14.932107,19.25154,28.258303,21.864443,21.74365,17.613495,5.8138776,15.0496435,20.08456,11.570758,7.6622863,15.850789,16.331457,17.203695,22.507336,22.261154,9.0885725,20.004753,23.282246,23.825342,16.447535,5.706274,3.737347,6.994898,10.57169,5.4687443,9.743463,16.791523,16.361256,24.460665,27.070007,17.658478,9.466874,4.468208,3.1135445,5.6163306,11.638293,11.489901,11.486406,5.576803,11.586303,13.975144,4.7360897,3.2315948,6.287678,8.967257,20.564651,21.048632,13.876808,21.622404,22.645868,15.94433,20.234098,17.89698,7.84922,4.9198723,3.0512006,6.0360627,15.716767,13.377188,6.6663766,9.748271,7.6604867,6.783903,13.413117,13.992769,10.673939,11.846559,12.489407,13.8068905,8.570184,9.418782,6.67531,1.9464649,5.8236423,11.919364,13.171306,13.808666,7.7470694,5.7997527,9.782689,14.662419,12.37811,9.296888,6.5502954,4.5640635,7.0316467,14.840764,15.019623,7.330619,8.756217,11.4625025,8.913301,12.873703,12.182111,8.653431,7.1832376,4.880411,6.5683107,6.521367,10.801981
0,0.0,2.8392352e-15,5.818915,11.63783,5.818915,18.752924,37.505848,18.752924,23.397942,46.795883,23.397942,9.157506,18.315012,9.157506,21.005358,42.010715,21.005358,11.797575,23.59515,11.797575,3.4104404,6.820881,3.4104404,4.932538,9.865076,4.932538,47.08064,94.16128,47.08064,8.7057295,17.411459,8.7057295,3.460727,6.921454,3.460727,7.923103,15.846206,7.923103,18.578117,37.156235,18.578117,28.554125,57.10825,28.554125,0.58703756,1.1740751,0.58703756,25.02576,50.05152,25.02576,31.190197,62.380394,31.190197,28.749651,57.499302,28.749651,14.238955,28.47791,14.238955,4.1860433,8.372087,4.1860433,28.016386,56.032772,28.016386,18.411854,36.823708,18.411854,49.173046,98.34609,49.173046,11.272721,22.545443,11.272721,23.860788,47.721577,23.860788,24.218418,48.436836,24.218418,8.551231,17.102463,8.551231,1.2438664,2.487733,1.2438664,4.426725,8.85345,4.426725,47.39512,94.79024,47.39512,35.079693,70.159386,35.079693,19.803652,39.607304,19.803652,20.18625,40.3725,20.18625,9.445423,18.890846,9.445423,8.143411,16.286821,8.143411,9.330477,18.660954,9.330477,5.9478803,11.895761,5.9478803,4.5719714,9.143943,4.5719714,17.921787,35.843575,17.921787,17.392761,34.785522,17.392761,4.059804,8.119608,4.059804,3.5014753,7.0029507,3.5014753,13.556318,27.112637,13.556318,6.885168,13.770336,6.885168,8.769789,17.539577,8.769789,17.869467,35.738934,17.869467,4.4056273,8.8112545,4.4056273,27.834717,55.669434,27.834717,8.117681,16.235361,8.117681,8.27173,16.54346,8.27173,1.3648384,2.7296767,1.3648384,6.4071617,12.814323,6.4071617,11.983347,23.966694,11.983347,16.064623,32.129246,16.064623,8.652678,17.305355,8.652678,3.559366,7.118732,3.559366,15.2666855,30.533371,15.2666855,0.9827507,1.9655014,0.9827507,5.615585,11.23117,5.615585,7.2200713,14.440143,7.2200713,10.481818,20.963636,10.481818,7.13382,14.26764,7.13382,12.247457,24.494913,12.247457,2.6606145,5.321229
0,5.1815515,6.3748713,5.180909,10.684412,8.968691,18.488432,16.397125,10.438911,9.491628,22.441618,28.319138,20.395302,25.036173,33.612144,59.394844,35.111317,19.710222,14.712826,10.618226,8.190629,13.134678,22.232601,27.340836,30.111952,36.88869,39.765484,53.401752,70.30517,30.816038,30.635847,26.888477,14.722945,17.236277,15.022248,27.324282,21.657793,17.052906,25.827518,46.877926,51.763252,30.565332,31.185299,27.342571,12.722413,8.104418,7.7884912,5.638529,11.351864,13.609612,32.659977,29.560509,30.77982,45.10081,45.29409,41.306805,47.131725,38.37054,16.514376,12.818242,15.943505,32.035995,47.47632,58.878563,37.22958,7.493842,11.04426,17.041304,44.273914,57.651966,42.52101,14.274429,6.022661,5.3909497,10.049636,15.829364,21.138004,14.71649,17.674793,14.796306,15.284839,39.88144,36.544098,17.130503,31.678545,34.169518,15.40588,13.862112,20.121956,29.900549,30.232185,28.621445,19.033245,27.547544,26.68876,37.80103,49.761703,38.774105,35.24152,44.58776,31.888054,21.18828,10.97048,14.53148,8.871111,7.719288,16.210003,31.086779,35.198914,21.872606,13.334361,32.270657,40.28347,35.55897,24.556818,23.408413,32.667927,23.823269,23.979836,18.668472,29.078493,29.486158,31.945356,55.480213,41.11351,20.335314,28.018433,26.732828,16.610104,11.678564,12.874998,15.917644,20.82673,18.784517,24.344618,14.00333,16.097815,44.203148,31.302387,6.7853465,10.269549,9.916532,3.9941301,11.566999,14.35651,8.730427,15.783777,19.782705,14.16863,21.76971,42.443676,40.270164,23.40342,7.3569636,4.339346,10.343644,12.069506,10.4099865,13.4018545,15.850686,14.01342,16.650581,15.363259,19.595984,35.869976,19.257742,7.770932,11.656998,17.436317,12.759275,3.7777567,4.268578,10.474206,17.752443,17.650997,17.1233,25.690926,13.488205,10.172172,16.482908,10.186232,12.238359,10.299826,20.26444,16.81546,8.456421,9.826853,7.992034,12.282156,20.19736,21.108164,12.642123,16.91823,31.20005
0,1.467588,4.8069043,8.617816,9.96192,12.46253,12.611883,10.176961,13.937424,18.210196,12.46782,6.2182484,7.7500863,5.306934,4.223739,5.174927,8.217201,16.03051,17.03856,33.136368,41.94388,36.61307,18.174051,13.663584,17.24336,13.678221,15.169256,20.289099,29.884575,23.520927,17.588799,24.762785,31.342657,18.323061,12.026385,8.4062395,10.520448,25.667135,52.09426,146.66069,141.26312,56.98152,20.751009,11.627647,9.679679,12.418851,16.7742,26.532637,21.027777,13.757008,16.38053,26.273798,27.542768,39.262573,23.754505,5.657142,8.271873,49.798943,65.949745,63.42146,60.37861,14.785254,11.379212,17.548937,19.12344,17.122002,20.522877,20.433262,20.717918,24.391037,21.392683,23.04137,19.537704,16.450836,8.090898,23.296005,45.170734,106.68896,158.72116,67.86312,36.402267,37.05765,22.361727,25.882374,17.461765,21.805857,18.886219,14.0780325,27.768528,30.457712,10.648248,6.431294,19.313795,23.615686,44.27022,41.8837,20.894028,16.973078,27.625843,40.56444,35.752586,11.851339,7.860293,11.504916,9.562286,13.768852,9.675446,7.259319,15.027113,14.879669,12.606758,5.8649354,16.403162,17.955008,15.98709,42.811802,103.31385,83.35966,30.920807,17.888426,19.171095,10.873115,17.205387,18.835775,11.761018,18.098026,13.905618,7.231793,8.351815,15.5449915,17.140919,18.764303,37.283978,40.09248,22.31184,14.655218,21.656605,22.978638,14.013186,17.06284,14.011602,6.4303293,3.4223402,7.794445,8.275549,5.491232,11.371322,15.097887,10.572214,6.039397,9.555757,12.921921,35.564518,50.610874,53.30284,64.02742,35.559563,21.498528,18.392183,18.819483,15.205859,6.6298976,14.161598,22.806017,12.380649,6.3786354,6.7451744,11.547823,10.877992,5.5090714,8.508785,10.314247,13.647122,20.738752,9.801781,10.809863,17.01808,16.98639,11.303253,8.6334915,14.903402,13.6799345,13.743573,7.052245,10.778039,16.99825,11.323681,7.3780994,8.485822,8.284512,21.22542,29.827017,35.066833,42.872643
0,0.0544134,0.076064974,0.6295775,1.7279123,1.3696359,6.6713643,26.669363,23.342318,3.6849236,5.867952,6.68207,2.6354642,28.98062,43.462334,15.804505,9.607719,19.086523,9.571276,14.219375,39.11205,26.071865,1.8827059,1.2068149,1.0647792,2.4298985,15.718722,17.969404,4.492257,3.0826867,4.5457,1.6547581,87.63545,175.273,87.62903,0.9446729,2.5142481,2.8962889,20.24196,80.96278,70.85726,11.344736,21.769499,24.767471,6.39157,23.245768,34.820972,12.666975,19.226147,38.392788,19.200712,12.250397,33.692547,22.47915,5.9610305,23.081911,20.185719,6.0369964,33.2982,38.065697,9.522917,4.489019,6.5564847,2.3868766,57.1897,114.395325,57.180374,12.9339,35.525555,23.904325,24.172462,96.55574,84.498344,13.707274,29.806166,33.93204,8.506738,8.359701,12.409995,4.5203624,13.815604,27.614664,13.811412,10.559119,29.032396,19.402416,9.463078,37.54982,32.841133,6.262886,23.500217,26.863186,6.7345576,6.4306383,9.590307,3.490326,28.087315,56.192787,28.086073,13.537236,37.191757,24.959723,20.89557,83.39787,72.97298,11.406827,14.474067,16.366352,4.19582,10.978993,16.475208,5.9883,2.4178147,4.796894,2.5080163,12.68021,34.860554,23.282557,9.292719,36.69378,32.091385,6.2527876,24.400116,27.891317,7.004963,8.473265,12.669856,4.607625,15.084418,30.178051,15.082219,6.144921,16.875536,11.381325,13.147709,52.55033,45.97533,7.086761,2.1848748,2.2003627,1.770951,23.555395,35.336815,12.849279,1.1689322,1.677756,0.9685383,7.3190727,20.112133,13.46947,9.272015,36.961967,32.32983,6.4481974,26.14202,29.883041,7.474307,3.0711439,4.4430375,1.615224,2.8030505,5.600841,2.8044264,1.8837979,5.1857677,3.4842381,4.460346,17.798403,15.57571,2.5098186,5.0772924,5.779017,2.3840616,26.187838,39.288593,14.285017,0.92200303,0.5607664,0.35177997,3.5888693,9.878973,6.6064024,5.8453603,23.27772,20.365742,3.4658766,9.307177,10.636354,2.7058532,7.710766,11.550205,4.2012396,3.6181135,7.231638
0,0.045438778,0.09493008,5.4388857,11.68297,6.287822,11.828684,27.391422,15.760025,6.3727794,15.891752,9.834154,14.949733,40.450512,26.62086,5.438257,15.160107,10.695573,10.777857,34.43954,26.018173,38.146034,133.02162,106.42011,13.56224,9.660884,8.078049,2.0275035,6.850675,6.344207,8.085001,37.950638,36.82215,12.941713,58.489277,60.33301,15.159864,47.86517,52.65813,12.724366,19.000687,22.233229,7.670932,39.7082,49.63433,14.249396,11.34331,15.048058,4.733426,6.0681586,8.62909,5.139338,61.55912,93.59072,34.694923,66.73066,108.31569,43.424213,66.40048,115.498886,49.866318,5.1003222,9.114075,4.235143,19.563505,39.123756,19.565598,10.4052515,22.373953,12.004459,2.7680764,6.416342,3.876288,28.190174,70.45781,43.43066,32.595863,88.12342,57.96568,29.348639,85.23278,59.91358,5.371151,5.1212277,3.9899104,12.826329,44.904095,35.93052,6.5494943,18.632708,15.85946,4.013944,13.744772,12.523186,3.7789223,15.026793,14.635832,9.858657,50.427464,52.031246,12.025294,27.996918,30.799662,7.29036,6.7317333,7.908861,6.7527843,51.803806,64.73846,18.545694,9.6541,12.716541,4.9476795,34.957157,49.73961,16.993881,18.129917,27.523966,10.279897,27.260895,44.300976,17.719938,0.86705893,0.6193261,0.31619152,10.92531,20.364271,9.47052,34.915966,69.829025,34.91149,6.8792863,14.785427,7.990865,27.276226,63.17227,36.320065,8.125892,20.051764,12.346343,9.759851,26.336597,17.325893,1.2909539,1.6263515,1.2934372,7.6479115,24.441107,18.40165,13.12502,45.547832,36.440266,6.387492,17.522907,14.927744,8.588751,35.13852,31.959496,5.451549,6.0404143,5.826445,4.292109,22.10424,22.80482,5.1723847,10.704877,11.776208,2.9897153,8.044429,9.420992,2.4485106,0.3852666,0.5833477,2.7195747,25.851013,34.46385,10.779254,2.9522905,4.0352635,1.9825557,21.443056,32.600616,12.081204,22.537582,36.58273,14.642971,8.2556715,14.336306,6.1871657,10.962299,20.42353,9.499321,12.816791,25.63833
0,16.874554,10.930739,6.5215807,5.7114305,11.208772,13.715597,9.24193,6.6818614,10.420364,13.550506,13.01452,8.379297,7.131373,8.652333,10.417361,6.541236,6.90749,11.204046,17.671902,14.924576,6.319657,11.1910925,15.633665,14.371045,15.549068,10.585723,19.081568,21.3111,16.368849,14.90771,21.182722,21.952057,18.079414,30.291525,55.665607,78.58821,69.13001,112.57763,97.05676,39.985462,23.000841,14.557901,5.7208962,9.338641,14.680747,14.254388,19.53505,9.008889,6.713485,12.54442,17.188826,21.693752,21.637949,12.505663,8.381473,9.31611,14.680605,20.949825,27.0446,23.667078,19.324892,17.363466,33.821796,33.498943,43.29324,29.22262,13.923559,18.836765,43.045414,48.87415,42.83857,38.685863,71.18473,67.09966,54.564827,76.36145,47.716545,49.48095,36.993744,18.275276,17.57382,18.778027,17.630997,13.500014,20.18301,20.13882,16.64651,20.262785,13.63998,12.734549,19.127853,29.794666,25.811996,13.923946,17.0279,24.484589,34.74003,19.781374,18.3243,22.206167,26.809338,21.722263,27.90647,31.10432,26.482605,21.644125,30.108774,30.484695,20.685537,33.92964,57.946953,38.775093,19.61025,31.901115,38.733837,32.050697,27.004969,15.069988,8.228447,12.412209,17.22093,16.19372,9.221753,4.4247117,7.9721837,11.309176,15.967286,23.756578,28.60322,23.576956,15.531156,9.328363,12.2219515,21.532616,18.577513,19.085901,19.509682,26.805332,28.923765,14.120056,13.151631,20.797798,20.832653,16.00935,27.543339,20.195473,16.720049,34.67647,32.646507,19.944773,22.237309,21.776127,17.809425,9.362102,8.91172,13.783457,9.622896,5.1636066,4.4619713,7.5584784,9.548829,6.9968743,12.021801,14.862561,12.352487,14.911226,12.831891,8.646792,11.638892,9.391374,10.422529,12.829524,13.192573,17.935057,13.1910925,12.180809,15.886756,17.846668,13.001391,9.735771,6.9729667,9.84929,12.412573,19.120949,15.844393,11.787537,8.754792,15.547292,10.7025795,9.684813,10.755861,10.656884,10.735829
0,9.387042,10.280114,11.038121,15.343177,10.004147,10.603234,19.0513,12.925346,10.581393,15.799965,22.783533,55.13912,38.495235,24.594505,27.119951,17.973854,19.200684,15.605511,18.828741,16.588337,11.846509,22.538292,43.85667,32.494957,30.851599,37.09147,25.525349,22.59528,35.677666,42.226818,37.439182,26.86085,21.989822,40.149933,36.288418,23.896019,42.41976,32.734577,25.347939,27.945173,45.27478,50.85321,32.167576,30.652222,16.892052,10.037987,13.018956,33.9598,26.64269,30.611387,35.317425,36.527454,33.11728,22.205927,31.191969,33.74856,18.307537,5.4430547,10.825663,26.038435,43.454308,48.87317,46.78663,56.40469,31.557755,24.642998,24.919857,15.961176,16.196154,19.146397,23.150057,28.59858,22.809196,25.240362,40.93553,36.408546,16.282774,10.658338,9.570721,23.83572,27.29091,23.270872,29.73716,17.315018,13.17365,17.70735,18.681566,13.604546,16.4882,25.843548,28.794512,34.805897,32.44384,22.145185,16.098503,10.608495,17.395735,31.73908,30.206312,18.422903,8.872968,14.567745,22.923716,29.973675,32.42585,25.457548,13.963504,10.749624,7.879884,15.317009,27.38501,30.586529,12.393692,14.723901,29.944624,27.978577,24.836868,12.845274,8.485698,13.210496,22.35147,26.676952,20.26676,15.876073,16.92971,22.844301,26.704983,22.59258,15.812168,6.060537,11.302454,19.058126,12.618441,6.823545,16.23632,24.873877,14.690382,22.38918,20.5858,19.19967,15.766459,12.615004,15.352435,13.116697,11.165975,14.192157,13.186026,10.704248,12.756038,7.0872574,8.8104315,13.348392,16.310728,8.430473,7.473691,12.328383,11.39681,13.475023,14.9674835,23.491123,13.647057,11.393797,10.167711,13.115949,14.613907,14.876251,13.602094,16.763496,13.497687,10.886194,12.511215,13.723395,16.40641,18.166674,11.119428,8.502591,9.072331,12.601827,19.82443,14.029424,6.09202,9.952097,9.472014,8.575596,14.285708,14.175807,12.33089,6.3729153,11.077043,16.261713,7.5445075,6.536388,10.959298
0,5.063811,8.567174,10.910891,17.564167,19.44561,28.131865,19.686848,10.151091,19.88326,18.954851,8.386657,13.526431,13.18119,17.758411,13.804958,21.396912,21.505934,26.161703,27.785307,20.579151,27.217405,28.95738,17.198975,21.80425,35.39731,38.31845,64.36532,84.26213,98.05843,38.088722,18.079813,39.612648,32.72899,16.852053,13.449999,11.132557,14.901106,41.30923,48.747353,25.986603,69.21909,110.95405,52.72266,30.819809,29.551348,18.43001,12.789055,8.790297,9.885088,17.607807,21.324348,36.948772,43.083244,37.89739,61.48656,68.86711,56.752037,23.678692,12.495355,23.14584,35.063686,17.191393,8.822278,10.786193,41.91053,75.63231,56.46613,63.517193,99.23255,94.29161,39.66159,34.991116,56.316734,39.778057,18.349459,11.793399,9.819261,20.858395,20.05258,24.60034,18.216322,8.512656,15.344058,14.587121,8.260314,11.14958,10.755648,28.696218,36.67251,17.835747,17.268295,26.043962,44.788734,39.325397,42.785965,63.332012,52.26646,37.039417,61.41888,46.03625,34.195087,15.691419,10.650901,18.199905,16.152079,25.280993,38.818035,28.85173,32.404522,37.284096,30.822374,24.333626,15.168591,22.07573,10.810859,3.6430552,7.3638563,15.727902,17.690815,28.981844,43.447453,44.055836,36.082153,36.583523,32.289577,20.770716,33.85446,32.251553,27.118303,26.801273,10.237579,12.5261,24.999609,42.65218,24.047836,15.773847,19.023361,30.622667,43.896873,25.412146,7.3175526,13.439539,19.658678,16.700651,7.916603,9.596491,17.134188,10.454399,8.395206,10.383227,9.633887,3.7720513,4.813701,11.940063,13.442121,14.368327,15.001885,16.231295,16.318697,8.551669,21.738089,29.866663,24.467684,21.502201,8.679779,15.00963,22.543217,32.393307,21.73135,16.79968,14.086892,15.647481,18.66483,18.169603,18.96446,10.919683,5.6443467,7.2418437,13.475581,19.114672,24.015528,9.456446,5.06298,14.057907,11.380892,9.454544,10.79618,4.859415,6.0385375,8.299575,12.876254,17.197617,13.61583
0,5.807095,7.488457,6.544199,11.484471,14.81453,10.61574,13.646601,18.505938,15.944888,9.704352,10.055772,9.349036,12.169559,22.971931,20.0443,9.561263,12.423508,17.095982,14.4394865,12.079067,10.105371,5.7999973,11.002156,14.107998,15.093844,23.388025,39.3226,35.753563,37.185112,26.269915,28.46506,16.71032,13.242335,9.010443,15.471051,13.860212,5.782719,8.638918,12.941081,19.798107,19.542084,25.81303,30.449392,23.220234,20.755283,19.211567,13.929948,16.909775,15.097618,10.874929,13.984616,9.646529,13.199662,20.643856,21.716331,17.794085,26.467949,30.601307,20.845432,19.235516,25.208014,23.330849,16.3784,22.170713,17.436445,14.446708,21.182573,30.277502,30.660477,31.524298,39.78066,34.67189,28.779312,18.296797,24.580675,24.68268,16.429525,16.786364,23.098116,18.541992,13.506026,13.034426,9.463143,8.082411,17.317019,21.99444,12.261664,19.1995,22.975225,11.579012,11.54729,15.550837,24.691631,23.874533,25.184565,14.559825,10.685983,22.633577,20.956228,23.756893,23.988255,29.558683,22.613897,15.512051,20.756554,21.710201,12.04333,8.975992,7.152195,8.910778,13.862625,15.629312,9.343425,10.77812,19.228447,22.872696,21.455608,13.750027,15.173023,12.291366,9.066179,8.547914,10.215861,13.829184,17.852966,16.419407,13.627024,21.539095,24.029541,28.005167,18.4497,16.519684,17.049044,18.211943,10.858644,10.9739275,7.960353,7.3122153,7.935541,9.831396,11.281531,11.253446,16.623722,13.875992,7.793226,10.193085,12.159051,12.992534,9.747099,3.8605607,4.5081944,6.750018,6.9993935,6.4901786,9.644747,13.613736,9.417353,2.8412657,5.6548195,12.710084,12.525443,6.266774,4.778485,8.248261,6.7095737,5.405208,4.187148,6.7383394,10.461788,14.406338,12.512269,12.665604,9.170961,6.9070787,5.402154,5.0281982,11.935893,14.146943,7.9235187,7.772733,10.6554985,8.201383,7.4748306,10.319965,11.078406,8.39066,8.801634,10.27211,8.445802,9.988457,12.84103,9.778198,4.576224
0,0.11498138,0.5561399,1.4639975,4.895413,16.353806,14.067131,28.691877,27.681458,11.905891,12.707802,7.9226756,10.614621,7.1385827,11.08625,7.4128633,12.466255,7.555341,6.4781184,5.025977,7.9062176,9.914081,41.91619,46.254776,37.533356,49.214157,57.15556,92.924675,47.53495,59.027607,43.573933,84.06108,60.807648,83.21058,69.01209,23.723684,22.263315,15.978062,19.421715,11.987483,16.515163,25.667706,49.074093,24.952183,16.787468,13.465236,28.06653,22.199522,25.569101,24.766106,39.16463,45.63983,28.673338,38.1013,38.439217,65.11572,50.12623,94.05453,56.25311,48.785637,35.27423,27.95387,24.5592,13.016473,14.355329,44.55352,59.65601,45.63688,69.103424,36.644573,49.12716,27.797455,28.773787,18.960768,2.3405926,4.323258,20.510698,21.544312,51.207336,63.53845,18.043615,2.53977,23.837303,46.101807,28.140923,43.058167,26.198824,2.5099237,9.801622,43.20058,40.83569,37.913303,42.858093,11.021831,2.6867912,15.017087,26.772745,42.010433,91.22055,51.3753,10.549791,7.332928,1.5349258,3.8243954,20.82892,22.282038,5.8222346,4.0965605,13.24616,21.690397,23.561808,45.052536,25.89487,30.803526,23.171095,40.72751,32.945755,18.109266,17.789156,28.318472,34.5058,23.640108,33.019688,36.79211,65.804565,35.465958,41.42932,25.300404,16.928907,14.206986,27.952234,25.705797,5.607176,4.625529,25.54083,35.87793,13.461268,10.427554,6.759247,11.236818,6.809769,8.280543,5.990676,6.759147,5.903687,7.811559,9.032997,33.516304,43.53863,13.4111185,4.5219083,14.262839,28.79864,22.367077,44.550354,28.490137,5.897779,4.5957527,5.379268,5.254396,3.2309716,3.7215827,1.03098,0.4251246,17.278194,32.323765,15.5696335,8.653577,6.0945144,10.205974,7.521015,3.6085994,3.4667234,7.9419284,9.073539,22.60573,31.18018,12.298434,11.987352,18.269354,38.11249,22.573326,25.971619,17.715979,7.171397,6.5159674,13.994059,14.507237,4.761883,4.6337476,8.216131,12.866942,5.178135,2.3593984
0,3.8274443,5.975465,10.498504,14.30246,14.80451,10.162298,7.0079393,11.084835,14.929685,43.986626,39.07218,20.388649,30.429142,36.534725,26.17306,15.926732,19.438152,42.519802,59.346073,45.105175,66.72896,95.56961,46.186787,12.545301,8.915141,25.449585,42.397835,42.60429,35.273796,20.143938,22.05265,16.027584,19.56691,50.869167,48.96069,27.86708,23.651566,28.787426,41.88459,49.34961,38.36133,31.066875,54.76591,53.149014,38.31686,41.4415,25.156143,30.922657,32.62036,39.511993,17.97914,16.54152,20.800928,12.287743,29.799902,58.36374,33.7708,35.706562,35.12479,21.848696,17.809036,21.004995,21.870548,17.193905,16.388338,29.288086,24.92409,13.701927,14.80149,11.332962,16.858778,18.090334,4.9800444,15.828511,22.073559,38.481133,51.809597,20.10965,15.712751,6.1978135,15.549089,29.71686,20.202133,7.582875,5.049758,10.904853,8.887001,16.154001,13.530544,10.0502,21.863106,17.05025,6.565865,12.553858,27.575554,25.566608,15.697056,13.890781,25.214771,28.643055,12.716836,25.583385,30.026022,9.950681,10.040248,15.206674,7.7568903,3.963948,6.2961483,5.919012,13.478446,24.173891,21.236305,13.007943,12.730232,14.540478,11.0692835,6.591414,11.695652,17.083904,16.745169,13.851704,14.2810335,15.148262,13.197987,9.1371765,10.73797,14.058669,13.992313,13.8997345,9.910524,20.419586,29.533598,19.072739,17.683342,20.92207,19.361717,12.0986185,11.379964,11.620426,10.302871,6.1961904,10.506569,16.672754,11.442194,5.598932,9.217261,20.809649,17.784922,18.221498,17.073545,6.631332,8.013972,10.908008,10.701838,14.666362,27.386967,30.204554,14.508,5.0731397,9.804967,14.642119,9.201175,10.188576,5.5489254,7.342766,12.238425,15.10943,10.04287,11.848962,7.674116,1.9547404,4.0507617,6.5851765,17.051092,22.196215,23.367638,20.647879,13.880247,8.598611,11.057963,11.957709,8.210326,6.7576227,11.454809,14.184321,5.2500215,3.2751145,5.2563477,11.10481,18.812523,11.689301,11.017226
0,7.347888,13.552991,11.759062,5.5312157,2.777338,3.1693385,15.212855,17.818302,5.7820673,8.255651,15.501685,23.296732,29.912703,14.269358,10.072659,10.388787,5.6508904,10.4039135,11.627351,9.833846,3.0568268,6.523567,17.608637,26.143726,35.984383,48.54876,29.784035,36.884483,58.704906,49.17826,38.41833,27.74215,22.516277,39.723976,36.37607,37.89343,40.336174,24.98399,13.666827,46.276295,64.39944,39.61757,19.29454,23.001293,29.75127,13.229346,13.699772,11.2831745,11.403064,20.771929,25.44321,23.744287,21.72058,24.961536,29.772448,26.624186,31.141212,45.01442,23.028322,42.755745,48.209785,20.417164,25.053432,43.958633,44.340412,10.5806465,6.977788,5.2018266,40.271317,65.723015,33.925404,28.459063,26.015236,15.013667,24.535313,20.802351,14.208147,7.6380463,16.208597,9.903321,11.582768,21.119772,30.805264,17.977177,6.3781676,6.8556085,5.557578,20.121922,20.539179,15.010034,6.0794086,9.967277,18.913528,28.882944,39.012695,21.599606,20.504412,25.148361,22.222431,52.279945,40.41337,7.108689,2.836029,4.1210465,15.359122,17.649723,7.474848,14.089677,19.145378,18.333319,6.679438,15.0755005,34.944866,36.052757,9.539259,8.491059,19.011745,21.778276,18.093842,9.281236,12.90761,18.054708,21.02911,12.438481,13.539722,13.33292,15.2398815,29.086111,30.099148,23.064886,4.4851007,6.5516253,25.250149,24.126709,12.851343,5.0382843,3.2026575,3.3928335,9.7143955,19.947575,20.215706,24.086124,25.464052,14.544433,11.585451,14.020603,15.597831,12.590544,5.9010606,5.884756,10.339428,14.642387,10.747897,16.48991,18.921865,18.365158,37.998775,26.968267,11.250517,18.022167,12.913038,7.854575,3.5395126,1.2649084,2.0718222,7.8673425,9.732211,12.622685,23.184982,15.497488,5.2347703,5.960061,14.484499,13.529576,9.958593,4.6606026,9.567444,14.507046,12.526099,3.394449,5.981458,23.90261,21.102768,3.509739,3.6896648,11.050838,12.101233,14.249691,20.92805,10.881105,8.57279,15.349907,22.390627
0,1.7179071,7.473084,9.61506,4.34637,8.083186,15.6915045,30.492205,37.64763,20.978388,15.356742,9.373595,9.564586,12.065787,20.775763,21.723219,28.019056,14.529315,9.522387,35.4614,29.945133,10.691633,6.845538,9.765595,30.736347,30.294233,33.142853,17.89302,15.559693,57.96838,54.660103,51.60277,46.83895,52.45742,44.77766,42.515617,49.449036,30.374449,19.195988,11.644365,47.453777,103.59871,57.548397,8.984328,25.798906,22.74267,3.6243408,2.1649554,9.281001,37.212322,34.3449,19.469929,32.92333,44.13839,20.713924,33.526234,71.850655,46.26995,31.71719,42.58906,37.796013,7.15082,20.910055,35.40807,84.61609,79.5811,39.230587,43.435314,55.36651,38.900677,36.257915,42.963684,25.576612,13.218204,60.204235,57.46233,19.322186,20.972187,28.069038,21.261467,18.086618,4.3575845,25.781614,39.115685,18.940048,28.57075,65.6069,40.80566,6.7822275,11.910608,15.079267,25.546505,45.746143,67.23133,43.250027,37.450462,34.18768,26.336515,29.08823,79.08137,79.22407,23.85032,12.65852,9.080675,19.810234,22.877691,30.009134,22.339174,17.955797,11.01614,9.436182,9.556458,9.096099,11.005769,4.453391,7.6606903,21.070559,16.976791,15.624201,7.6005487,8.431597,19.955843,17.3637,18.857485,19.229126,19.682673,18.289206,14.159984,12.204631,14.214706,23.15572,52.798714,36.945946,13.398026,42.2533,46.224632,18.89027,21.086771,31.599997,21.134798,20.471079,30.19726,24.865433,23.390263,10.298886,1.6974219,2.9829526,9.601944,17.32168,33.47421,37.45593,19.876205,12.873975,3.3293672,15.354942,17.984043,12.998562,14.361562,20.740313,16.966492,18.760468,29.459078,35.4804,52.416813,27.334457,14.663946,3.8463485,7.6793985,14.4831085,15.762273,17.306131,11.980465,10.843371,12.940185,10.288679,10.790387,15.071827,11.446186,1.4692515,0.9431376,2.7184045,8.506181,12.374993,20.29921,9.9096575,1.7121845,4.8607016,6.9303503,11.527855,9.567382,9.897805,9.765338,13.487178,22.601887
0,1.7357732,5.3888,9.5406885,19.325249,21.465435,20.024723,30.723192,21.813261,19.699615,33.04169,27.017635,32.126987,28.248537,13.005391,12.96464,23.97146,21.181978,21.48497,19.599648,14.703061,12.425106,17.44361,37.57008,70.83153,44.208782,19.6894,26.941757,37.95099,36.842083,54.253056,39.472237,50.577316,48.79241,35.639343,57.171696,61.134064,47.625027,38.259193,42.86778,44.00793,40.417217,27.82688,23.43565,20.654627,15.502584,7.5469966,18.051035,27.159172,40.894737,47.126213,34.33709,41.963238,46.30397,35.712437,28.056772,48.00692,37.30183,22.832804,19.866205,38.539413,34.362476,48.818066,51.678925,69.25731,50.843086,34.77826,34.370296,40.65133,18.105848,26.238049,29.301134,25.26231,25.015255,15.324838,8.643901,19.19893,19.844059,34.132175,65.17938,68.16044,37.755745,31.14607,40.72022,33.28937,35.86622,40.233444,52.309814,37.403168,35.16889,46.623108,60.753178,66.95281,27.74032,29.500505,41.24776,24.126118,14.151883,12.549452,9.110617,24.901196,32.11919,29.108091,22.493196,10.588414,6.242105,5.3525224,13.310797,18.539179,8.471675,18.60525,29.560175,36.413296,55.547638,51.419598,39.7369,18.375929,27.44815,15.838693,22.868511,21.25201,17.468454,8.46748,11.496106,11.482781,28.666086,31.162092,18.07514,15.431617,15.899843,21.940811,15.375343,17.847525,22.14991,24.781378,22.540136,10.185813,15.385304,16.607565,14.017828,21.598074,16.223032,8.723971,17.575296,32.04952,27.515066,31.948986,24.715244,18.600307,22.451513,18.475283,17.787832,12.7202835,13.488355,12.722399,13.477968,12.01102,18.760641,22.070684,7.837336,5.956131,29.011873,32.349537,27.964561,20.785885,19.808104,16.85187,9.967251,14.712555,23.205378,37.088818,19.088245,5.524147,6.9758906,19.528152,19.431765,6.978359,13.914218,23.67333,19.618828,21.006384,21.8706,22.547981,23.99567,15.572796,8.321973,10.115385,9.445042,10.037935,10.960552,9.873984,11.469137,20.63226,27.683693
0,0.1181105,0.26613107,0.7851585,4.0926037,18.800037,17.949104,3.6322212,2.0095346,4.6470623,8.290207,5.9882336,12.242297,11.304181,33.07273,28.876894,16.421175,18.734312,6.97863,7.9121056,3.2033992,0.73105603,5.777807,19.887117,15.749018,3.591144,3.4785228,14.479467,21.411854,9.963805,13.514353,30.56003,90.51048,65.23827,21.00666,20.767248,55.913834,74.99961,23.739328,2.250622,8.89197,23.740269,15.614107,5.834484,6.37067,28.43662,34.77812,14.163446,17.7308,11.415205,20.643526,13.1825695,17.316927,14.624601,24.540644,27.30786,6.579394,1.1547852,2.4969037,5.280356,3.8193088,8.200704,11.253873,49.328873,50.18746,27.166687,34.762856,57.993965,110.10318,53.22681,6.800093,5.68405,14.517329,13.428108,4.3522906,4.7116613,9.801667,16.957748,9.592227,15.151371,10.685155,20.47262,17.278913,8.029958,8.849533,4.9395666,6.93409,6.607712,13.511982,7.6958303,6.188862,4.7627597,2.3803747,2.444832,1.8135096,2.4773223,5.2367043,10.637411,38.48553,111.132935,77.505226,7.0946937,3.9121015,23.849081,31.10168,10.072185,6.684347,3.5888412,5.2297044,4.281771,10.517093,10.825774,40.59855,48.126423,15.477588,14.168655,5.7927704,2.3218505,5.4404693,18.287815,14.596756,12.204551,13.091841,6.128421,7.883087,4.229982,6.461732,4.9291334,11.102843,9.326745,23.995747,23.652224,9.717637,11.46556,23.852283,44.095997,20.562265,1.9444402,2.0377839,6.610719,5.9661274,4.5457335,5.4477124,10.598213,17.674507,7.8129945,6.364562,5.226015,12.942341,10.58063,2.9666593,2.9991186,12.021386,18.373623,8.073424,9.388267,5.576139,7.487629,5.575727,1.9734414,2.4206004,16.522875,22.957401,11.31623,16.148287,19.258144,49.49391,33.420906,2.5289948,0.6241636,0.3354888,0.35011294,2.16677,3.7761686,7.8548126,19.051283,12.279482,14.005283,11.945752,13.993402,16.009985,5.1210637,4.9254446,4.6129827,9.411679,5.7773156,8.444659,7.0221076,14.432891,15.091785,3.2764432,0.46971935,4.1390424,8.2626505
0,0.10431637,4.0504293,7.644653,6.461474,9.617116,4.971121,4.271662,8.331779,12.936843,14.528754,20.279396,7.385767,1.3125609,1.2618399,2.1656702,12.253229,15.494968,9.356772,9.821161,7.359627,9.062179,27.03831,29.43064,28.199835,27.765263,5.8500137,2.7905157,10.125326,9.353567,6.3090544,17.389748,59.672443,49.848167,39.10281,30.087185,11.463627,11.12284,22.017296,16.152851,14.525734,11.272562,15.259159,9.396224,1.3086321,5.58846,12.1623335,8.381011,10.37445,18.243608,33.735775,20.43884,22.692616,16.321022,21.948917,18.07156,24.976982,25.89855,36.840508,13.828533,1.9673998,4.3289037,5.8909354,3.078065,8.448518,61.353577,75.37885,29.410294,23.906338,12.103142,11.895433,17.828493,18.39999,8.275811,7.7178025,12.702251,13.067538,22.870699,21.23743,26.457623,22.108671,7.522547,5.843514,6.611315,15.204288,42.986553,30.495043,3.5215394,28.54922,73.73666,46.79702,6.5715156,8.766449,18.058275,11.052054,9.392946,13.77393,25.780914,16.207886,18.253044,8.669714,2.3698301,3.0740085,4.894845,14.141944,22.087944,11.433341,11.224995,7.331071,8.807801,15.846348,20.860239,11.791513,12.832679,25.077873,29.679556,19.087975,19.753557,5.682666,7.433227,34.514008,35.0138,11.944227,9.535082,9.400885,9.216094,15.213839,14.381404,21.307951,17.953562,15.82187,12.644189,11.452613,9.558337,13.493829,10.707802,14.074101,9.750057,8.229585,7.9990997,14.646554,12.966992,21.682323,11.88729,1.6552812,2.4636862,4.506631,2.3252187,1.494753,2.4956925,4.1357007,7.6748405,12.185144,14.224602,20.592995,8.07312,3.5074944,5.546174,7.409374,3.370964,3.0497117,1.5581828,2.1352386,10.099987,11.713959,3.0223074,1.7417626,9.113766,9.578133,5.849027,6.7967887,18.36094,18.092096,24.996569,22.00745,4.4417477,3.0846226,6.914431,5.8867655,6.7110524,7.413471,16.167866,13.4176235,19.70137,13.6727915,9.606952,6.06344,0.37803578,2.1079032,4.776658,3.1883361,3.5774534,13.043575,25.844889
0,10.1701565,11.834575,11.026446,7.317154,6.6076794,4.8229575,7.5864396,12.652503,9.708105,9.026352,44.85113,49.092476,12.958321,7.9487925,7.0473027,8.128185,11.390618,14.680331,6.419458,9.076236,29.880232,47.220222,31.107101,12.80829,23.853628,28.206837,12.176551,16.287857,27.737417,28.3241,26.159277,55.090828,65.05027,26.607876,10.825475,20.089342,16.11361,18.384941,14.615272,18.1328,21.599928,14.719021,31.108608,23.85194,10.93234,13.937007,11.387638,16.686522,20.92477,28.023327,25.1051,27.628891,16.366049,9.955838,13.847612,10.346671,20.181284,18.054893,23.969793,42.053574,40.78551,34.316235,26.488089,22.281973,22.146538,22.812084,22.025057,34.414276,30.714027,36.418533,35.173145,12.694093,6.13317,9.355061,10.185066,15.029029,12.900858,23.979013,22.749956,13.709956,16.09874,27.09306,24.648455,16.855679,18.185373,26.8807,20.865416,13.126223,14.526062,23.75523,36.754585,52.722046,36.08825,17.085423,19.333393,11.462215,6.64826,18.438536,26.04758,17.862747,16.178488,28.47436,30.112225,15.10119,4.571138,14.497521,18.456614,9.057357,10.026722,9.886654,8.076703,9.587,11.43389,16.81785,19.881248,24.330053,16.86193,7.5930777,11.532293,19.204916,12.069629,11.81537,12.6693,18.393305,16.387827,19.249672,16.621698,14.573002,15.311239,13.8185625,11.695917,8.400484,9.895535,12.547881,15.757415,17.90335,14.48457,6.8480954,6.4783163,4.802385,8.355493,14.670935,11.708671,13.129799,9.563204,12.309512,21.191504,14.392378,9.182402,9.412041,10.58286,13.423442,9.393965,5.209129,3.7448716,5.390472,10.73386,13.593786,14.31506,8.848371,6.3238716,10.881209,9.239126,8.895785,11.04979,14.339666,11.492011,8.708236,5.735054,7.26417,6.554993,4.009394,4.529313,8.168377,7.5522966,11.458735,12.366043,8.61993,7.70998,7.429734,9.548002,7.755848,12.190432,10.409338,4.655302,5.2172985,3.05053,11.564685,17.428463,11.990057,5.056299,4.752343,3.4876597
0,3.1028562,7.4920073,8.626673,8.202748,3.6357183,11.012913,16.95626,6.8146505,14.775135,20.770111,16.457817,12.22487,13.248298,22.97315,17.521456,19.703575,30.308502,15.086735,3.301554,7.0037847,15.534114,20.724705,25.352592,16.202179,12.0426,10.517219,11.94834,22.181074,25.255512,8.525854,22.682352,36.675022,57.111355,65.92889,57.176853,21.686157,24.733192,20.144615,8.774799,8.576129,28.156288,37.506287,12.656593,23.333895,27.952211,7.5824046,4.62496,10.28853,18.71563,21.133217,18.55607,9.092132,6.2936068,14.105997,20.681719,8.163149,3.4897995,7.152463,16.53495,28.12012,37.324825,47.607018,26.831562,21.575693,43.36917,29.311583,40.35743,62.857487,31.848242,14.875768,9.535867,7.538365,29.995747,40.48806,17.790638,16.423395,25.84081,44.21937,26.480516,10.062245,11.546243,30.982206,33.232433,29.190395,19.84196,16.513311,17.403027,24.081467,17.33545,5.133392,10.713167,15.883982,17.210032,5.474534,11.889731,12.870141,6.4536448,3.0399117,4.5082717,13.185537,40.60216,33.88972,8.703847,18.105331,27.595907,33.578175,20.951994,13.152643,7.2387505,4.7331743,14.933728,15.744851,5.913121,19.713064,18.899164,8.085,12.616109,15.806953,18.833164,8.877821,4.661148,6.8333282,16.193096,15.968782,15.4208145,13.42985,8.84277,10.538655,18.447033,11.96116,9.350288,10.789351,8.269045,5.8949265,4.8594794,13.270592,18.608562,21.498034,6.987036,8.349561,10.945306,10.751128,8.183434,10.642122,17.885199,18.106047,14.965941,4.05361,1.7632354,4.2406917,8.832923,19.488167,14.551554,4.9560833,6.9375405,7.2914095,7.345877,5.698147,8.935287,8.984714,3.875267,14.54422,13.709398,3.197276,6.732946,6.416364,7.9912004,19.821165,17.711597,14.1894865,10.665391,6.6501317,6.1663575,13.06052,7.661912,2.99373,6.2770042,19.813898,19.881186,13.421024,15.4001,12.017234,2.0715714,2.916489,2.6545954,2.1818774,1.7214214,9.917215,11.924561,4.053719,9.243107,17.275314,28.590899
0,0.1781624,1.4694988,2.9295437,32.198383,53.93581,25.779797,20.159122,7.8441715,3.038846,6.80023,9.104738,19.099945,22.738163,6.284089,2.3209991,8.523738,9.40397,17.030361,17.486341,27.826618,24.0525,5.5787373,11.728751,35.074627,26.152643,11.090783,8.239494,9.8419,6.9007626,7.1382804,9.416929,17.680866,19.118517,32.308044,101.3493,175.02098,82.50458,52.518307,45.075874,58.825985,21.215311,5.2157993,11.405815,14.258004,14.877167,16.87163,18.207432,19.120571,18.890596,18.162182,5.573829,8.503761,27.976513,25.031834,29.669432,24.4003,26.534306,23.02606,35.630146,24.044003,16.556765,10.1784315,5.782716,16.38788,32.101234,18.430445,16.867702,21.345379,34.0103,93.561165,142.12259,70.42288,66.356705,65.3221,79.72343,24.98808,8.412717,2.4981158,2.9951303,14.436491,15.27838,19.465225,19.008984,22.187527,19.241354,10.88268,17.253157,47.431164,37.12143,34.41535,23.950857,15.821053,12.732442,18.894642,11.186097,6.383369,5.2941165,7.787785,4.4788585,4.4501853,8.817504,13.899995,21.593426,31.358889,54.31369,72.38023,71.40671,85.29742,60.45503,63.62449,23.719772,18.79965,4.7277875,2.9863555,8.143724,9.974205,24.910069,20.964901,10.240884,7.8554893,6.352479,16.110971,41.23002,26.79089,1.9491873,9.292865,20.304394,16.744625,25.283504,22.910158,35.166924,16.160456,3.1660633,5.7304344,8.659429,12.519446,17.217669,16.45255,20.573046,30.941132,37.619045,63.95734,70.30464,31.891678,27.923992,19.514088,17.655352,4.557694,2.9344387,0.9309099,8.115122,25.352058,18.691492,3.202364,6.3311653,15.331972,13.2433815,21.323816,13.05386,10.06186,18.956722,34.715458,17.329216,9.157859,16.989555,26.58143,11.234444,6.165908,6.461159,8.563961,17.659142,22.057707,25.803198,29.075956,16.790894,19.550512,55.80672,54.646896,11.697709,8.574306,26.743153,22.305609,4.428328,2.8051815,3.6854575,5.219074,12.161687,12.105522,22.333975,13.977145,8.961291,10.542668,18.769217
0,12.278429,10.549806,9.801879,14.5750475,14.969397,15.990746,15.923575,18.637497,15.079128,17.108625,17.224224,27.682142,25.25823,22.668589,15.450874,9.811974,10.682381,9.29641,8.316766,12.886154,18.977146,19.566988,15.853847,13.823212,20.75376,21.566158,10.7774935,10.950583,18.267406,17.757242,12.132549,9.937867,23.432499,25.219553,16.927927,18.293453,23.669195,29.228584,19.187662,16.823917,14.508925,14.862077,13.194817,9.1371,11.794536,16.48198,17.579227,11.918673,10.561357,14.518981,14.286735,11.58166,13.531122,12.524671,14.381768,18.326107,17.969082,38.05786,44.029667,32.687843,17.6033,12.081847,18.945992,15.952783,10.919387,17.437057,22.770807,28.66847,31.128897,38.74401,24.33544,18.235195,11.391002,14.5541315,14.223774,8.130257,8.607999,17.31128,22.374355,12.059783,10.973054,20.181406,28.650673,24.00589,10.690718,17.353601,27.426908,19.220842,14.159744,12.100511,24.811895,21.549454,12.822381,17.787025,19.27105,17.82237,22.1424,16.651226,10.705204,15.380263,14.010381,12.099757,19.940805,24.540104,25.722252,20.011766,13.152581,12.722448,12.323683,9.552769,8.047287,11.781173,12.460544,12.043859,18.222576,23.43158,15.890838,15.419513,11.823995,11.877481,13.592342,9.080266,9.465277,12.517529,8.986401,9.606156,14.538579,19.1992,20.650219,14.785485,13.054568,13.407825,7.261534,10.932821,8.198255,6.393671,8.377076,8.343006,8.246069,12.670017,9.895817,10.261607,13.141896,10.438578,7.9269423,9.702297,8.660767,6.66106,4.649261,7.2545896,8.66296,10.204669,9.346351,11.168183,9.080889,9.91413,9.567935,8.502817,6.262456,5.740329,4.9787908,9.206037,8.523284,7.267862,8.185443,6.114457,3.3525732,5.4157414,6.3015685,5.109241,7.064024,5.905514,5.122619,6.7137375,9.272121,8.826188,9.125616,8.848712,8.762943,11.01238,7.264665,5.964489,7.754105,7.824372,6.4088926,7.8274045,11.312232,7.851476,8.807511,10.108866,6.771594,8.709895,14.7199
0,7.1552567,16.450935,15.630978,4.7489576,5.4512067,4.326002,4.05089,8.215095,6.7221212,11.668872,22.74192,28.391207,37.042755,49.176926,45.07786,32.029434,5.845546,4.7448897,29.747833,35.24538,10.293403,10.1554,11.051625,13.842036,39.457855,46.509377,50.41457,28.082312,28.162872,29.949064,21.183481,81.04256,93.18493,79.93839,46.501915,49.120705,67.153,54.70866,37.823986,21.428013,27.44225,16.518064,11.216536,20.296167,10.608407,34.02587,55.21337,33.26736,26.501076,25.06403,9.058711,23.104328,26.74844,16.255178,11.914363,29.590569,48.556686,36.74773,32.115917,37.69194,64.53791,41.731792,9.039209,16.415876,50.118942,63.03224,75.166504,89.08542,68.04211,15.191914,16.051449,51.945232,62.512302,27.33447,12.24864,1.0769513,5.488038,20.509943,25.518421,30.215538,32.108757,36.350494,37.639065,19.214508,17.523418,16.520191,11.723179,12.16587,12.175602,14.224465,25.748922,31.078085,32.93373,11.637834,33.804058,43.768322,48.53609,59.606243,59.121727,52.62519,44.615387,31.608892,17.067879,27.402763,17.688967,5.858424,6.8360305,8.444292,17.869696,28.318407,17.54822,19.94577,27.83371,37.67329,26.395613,15.361056,20.763653,14.592541,10.298828,7.956553,3.5694025,1.0287256,3.280726,8.969656,6.31852,7.9764276,21.290352,63.69146,65.91397,28.631142,33.532578,32.327995,28.892199,28.773592,20.192852,8.519531,8.230555,4.7710214,10.732326,21.373041,21.842098,19.244888,14.370967,17.61906,16.67992,18.564638,29.12633,18.645494,6.1899037,3.3794758,5.2514625,8.116155,12.782386,22.580574,18.86235,11.430913,8.988964,10.332757,22.304144,42.490707,30.48666,19.922415,5.5515933,3.1275396,25.100393,36.400734,12.814172,2.8063405,5.0068903,9.403541,8.751693,7.9543395,9.880719,27.782736,23.329317,4.074439,5.163362,13.165766,17.829311,18.893,10.761301,2.6663697,5.9438868,17.9348,16.910233,11.035725,11.29529,21.9722,27.097256,11.079461,8.787766,16.764622,29.313362
0,4.526295,11.798011,12.01957,3.9762816,16.718637,16.11443,6.6494274,11.730529,10.642586,3.2896602,7.2032475,27.248917,46.220104,21.631016,10.058022,12.805753,16.391764,16.72626,18.113487,21.914116,25.180431,29.396963,11.723168,4.5900702,6.748275,10.506098,7.968937,1.8428506,1.605258,16.172134,24.133627,22.018776,45.007122,59.239986,22.447704,17.674454,22.436275,19.663147,14.799346,10.731524,5.673529,8.282366,10.17396,8.7801895,17.024904,21.178862,19.326225,25.448393,29.745426,29.91523,22.434216,16.777077,5.6939483,20.608088,25.548002,25.249935,20.777727,17.979452,12.806908,8.40897,7.463225,10.719164,12.999548,12.43274,11.102944,44.552254,48.62583,41.320312,20.792734,11.645399,17.633007,8.338259,1.8195969,2.9321983,8.601444,9.114693,8.916694,7.280952,17.428362,28.682642,26.500362,23.833183,21.34457,13.194088,8.376728,2.4509208,5.872278,16.8858,25.87098,26.665592,19.318907,4.625107,10.609451,10.124936,9.562946,9.261873,8.694172,10.94694,20.83712,31.04461,36.979572,11.974355,7.4540424,11.518839,17.886492,12.333276,6.5467134,9.2631,10.439429,10.869997,6.170965,14.662708,17.751598,12.79514,13.808746,15.152446,15.370683,9.325916,5.1236506,7.283003,10.125591,15.377628,25.21913,13.525436,6.485182,13.308144,10.32947,10.914913,15.232023,7.742191,15.318506,29.798473,26.066519,20.779137,4.923127,12.615733,15.7084255,18.959297,9.4387245,13.912343,23.434055,10.549695,6.180693,9.789546,8.366773,9.694354,13.467181,20.947323,19.196646,15.352773,10.110754,9.255853,10.1279545,5.040805,4.570866,5.7469916,4.417559,5.2811,7.4800878,12.154045,9.753325,6.911967,8.203661,8.976668,9.868876,8.0374975,5.4978895,3.3133047,4.479869,9.792001,12.252459,8.766014,11.613494,12.87027,4.969239,6.121649,6.8394833,2.8003857,14.160531,17.349024,14.3365,12.453357,10.903937,4.9871035,12.393221,13.444878,6.1477776,4.0139747,4.695168,7.627389,6.8532023,7.569922,9.916122
0,0.24960962,0.721374,7.3001375,10.15913,3.5902526,6.7793584,6.6387563,2.121092,4.83884,3.3554509,2.0139382,3.831943,2.1257296,10.354565,13.921875,13.492619,58.158264,54.911472,21.765326,52.968723,35.31956,6.6065965,11.296626,5.4790645,16.142262,20.70718,6.13833,1.6351669,1.4633181,8.025912,21.023027,13.530269,34.87211,61.48318,27.882343,58.67342,72.37567,20.871336,18.35204,16.007143,16.576628,40.918102,25.176497,13.854406,23.381659,9.859998,8.826566,10.521816,12.840318,47.15569,39.710194,18.429033,41.7244,24.661222,13.184285,21.383179,8.617,6.292139,7.2373185,11.081382,38.897682,31.528708,11.201602,23.944775,13.637499,21.596216,33.773525,24.800636,126.273674,138.89978,33.509483,23.774418,18.372486,2.5398567,2.80033,2.4890466,27.456524,41.181995,14.983697,2.0182676,1.9285432,0.67564255,1.6525995,1.2793628,37.93662,79.206314,41.375088,17.36419,25.04029,9.336647,18.6977,19.082193,14.031909,41.105637,29.637167,9.1694565,17.578682,8.863923,14.365129,19.912678,7.301471,15.07627,14.85736,17.129375,48.91388,33.91479,10.963286,20.223799,10.5644655,38.68423,51.587772,16.124537,3.3851864,2.9261713,4.404487,11.98757,8.001331,26.353725,48.44376,22.243074,14.540767,18.63171,6.4407215,13.7842245,12.529825,7.3725963,18.45144,11.847193,19.169775,33.771587,14.901182,15.209367,18.780182,8.461787,26.818378,23.449888,14.601316,35.23601,21.690619,1.2465144,1.0901031,0.8372754,4.894314,5.884411,10.507727,39.133232,32.960262,6.5559726,11.204832,6.607877,4.5028167,7.343053,6.7602305,39.399685,45.02902,11.260959,1.4436927,0.64443666,0.75779593,1.6890725,1.0849462,8.802206,13.741418,5.250985,2.0741017,2.2750702,3.845093,12.820218,10.004376,11.930001,25.939934,14.157317,13.621996,20.417154,8.057083,16.866203,17.862644,9.960828,29.098593,21.828203,5.6587777,10.876079,5.67934,5.292496,7.6312304,3.0426373,7.597952,7.7867117,9.10609,27.310053,19.69286,11.222831,22.074415
0,11.474587,16.52037,14.668808,19.689753,26.498117,26.168167,16.24446,13.137643,13.247828,9.144356,25.25923,26.762875,43.44523,71.69807,29.916243,12.570587,23.067596,21.647612,12.623407,14.600206,24.34584,20.56772,26.740154,19.052355,25.00967,44.897114,65.00531,79.60126,75.97395,40.93888,39.727234,45.251495,37.52615,31.998938,28.605556,48.539387,29.754793,18.657417,33.08664,46.09306,63.334957,84.61084,43.90238,11.593168,5.997717,28.221088,36.108704,19.342098,9.309178,8.189108,6.362076,12.993855,44.396416,54.812454,27.090477,46.03087,32.50504,42.48941,35.497177,44.266502,59.823124,40.488304,37.743835,22.838274,49.309032,74.58211,67.65144,43.08108,70.039024,32.34527,31.634966,24.259607,20.508673,27.500713,26.262175,27.477777,57.487316,45.564808,47.92822,41.387676,16.843348,12.600545,21.313189,10.420451,7.9890842,6.645218,19.727325,27.901814,27.65917,29.518787,19.856089,47.90043,86.499725,79.5006,26.14611,10.875936,17.109583,8.867174,6.9622483,16.9454,22.763771,26.615376,31.880236,32.225883,18.662487,34.15526,40.416534,34.998528,27.912838,29.036968,22.191374,18.58674,13.649663,8.073353,3.921335,1.851595,9.220851,20.914785,20.230135,15.466759,17.005281,17.165146,18.111837,29.46543,13.162208,3.3216002,9.280603,8.467624,10.586046,15.295186,10.098271,19.850002,17.180311,50.46223,47.900757,17.906315,24.413303,17.600378,21.226799,19.702467,12.320743,2.7210953,4.753669,7.4596443,5.8744326,9.81227,24.395521,22.857016,27.23555,31.458477,12.6332855,11.058261,5.7033463,3.6360028,3.0909183,8.06779,10.921308,11.809032,25.646719,34.885338,29.88726,18.702501,9.454495,7.8643713,8.980658,14.95756,17.027506,14.530803,21.252466,22.150417,11.496353,16.890648,13.870851,6.994042,1.4518067,2.636662,9.921809,18.02642,23.262762,22.66093,15.70652,9.620871,5.7498765,6.9132843,13.665755,19.153463,19.38037,10.868265,4.0183277,6.4373593,9.260472,10.752606,7.705477
0,2.7408311,6.01759,8.470375,10.835916,13.20431,8.962571,1.8404666,2.0271916,8.205554,8.529153,17.823656,55.476128,42.751972,11.63608,5.7151484,17.434551,18.404068,8.543674,11.454361,15.732316,26.0437,50.67612,80.355675,83.6559,33.92449,56.3891,53.345547,33.896202,13.0048895,25.301779,36.258095,43.174625,47.65921,64.80559,85.23795,36.654285,42.190926,56.39314,35.53994,20.63804,13.919755,19.030891,11.561388,6.789404,5.4833894,11.4053135,7.390881,10.222922,22.835503,45.833263,41.046192,21.287565,38.18553,37.04021,47.071236,77.46255,54.575523,37.80203,37.33371,72.1614,61.223385,41.85743,37.39113,36.076363,39.010284,45.23367,31.533895,20.916416,9.780563,12.048945,47.468334,53.175095,16.06951,21.444239,19.294542,8.520052,6.891555,8.530857,9.557713,11.793345,42.643456,40.889683,11.978861,30.368013,41.697075,47.038082,25.715511,38.315655,37.82316,8.837907,4.047242,39.9409,57.445137,25.60797,18.97906,26.696945,40.326355,21.760887,7.395288,3.3948371,9.2321205,7.4516234,12.273101,25.963364,34.64295,30.844852,9.663716,5.38161,10.843248,15.472253,17.748596,21.068956,19.341509,8.908459,28.2284,23.951424,11.162685,16.719912,17.934214,16.656387,10.721924,27.740726,30.219631,27.795347,14.04544,31.012108,37.148716,11.351715,8.936589,10.369577,11.0377865,7.069881,13.797725,18.556383,15.883034,9.517606,6.4736986,10.665841,16.417662,16.220621,14.125184,5.3025928,5.827871,11.470865,19.943281,25.806892,21.327452,5.192928,10.44819,12.707278,15.426972,19.331131,10.528133,10.0761175,18.834888,29.778755,25.60366,17.292807,5.775536,7.987168,8.465438,4.2192287,1.8602655,1.3652604,2.903614,6.5782557,17.747978,19.78632,8.231144,4.337638,2.8882277,4.021903,9.348189,6.537059,11.846144,25.900143,15.232712,13.005616,19.736597,8.231268,1.6898202,2.9485404,5.2398205,9.30498,9.792705,6.8957953,9.2878065,8.991061,8.503249,9.957575,8.37911,13.797223,24.55765
0,4.9054832,6.0730214,4.667524,9.502484,7.53572,5.202252,6.69847,20.152203,21.714693,8.100639,4.314033,58.52373,96.14356,39.027527,6.988846,16.306368,26.815592,18.737782,10.8117895,35.477932,32.60166,11.41849,19.151882,42.384663,52.54668,31.365353,27.508041,24.871927,41.31911,33.979713,25.283417,39.72748,30.276447,23.58812,23.104666,11.893712,19.658298,35.62204,38.18647,25.849382,39.802174,43.700146,32.45817,26.309359,19.946611,17.326292,25.897615,40.81243,42.657722,50.045498,51.600132,25.264566,30.89715,48.621964,46.92996,25.581112,31.348413,22.738272,38.286068,50.583797,35.59172,37.90945,38.966736,18.877668,27.339703,49.48191,61.24793,48.362858,45.294003,24.530483,32.123055,33.622707,24.391895,22.192303,18.272812,9.249993,13.949249,30.392385,58.88008,69.92824,34.25458,24.44286,28.039553,19.65973,34.26543,21.039604,2.612779,2.6220145,6.988345,27.860844,57.974785,61.126774,27.395618,15.797116,9.28901,19.703274,33.26083,18.509869,8.759878,5.1749783,2.1482062,9.162531,39.057617,37.918495,11.719292,15.032686,28.11339,34.106174,14.650162,4.5829635,3.2141523,5.3686337,4.1503115,9.466062,26.172176,20.900764,7.53472,32.608852,41.943115,28.617186,9.436937,5.60475,4.672278,4.7078805,8.512508,18.831673,11.546764,4.7584715,16.974012,37.26028,35.31197,27.911709,35.725758,33.078403,19.489075,6.5827937,10.153377,19.899242,14.532135,12.509658,16.07551,26.45334,21.47342,23.097536,33.867603,32.57519,19.023714,9.643482,15.837613,20.430956,19.256905,13.967774,10.603835,11.177491,10.604774,19.791945,28.026014,23.188307,9.919078,2.495915,8.667728,14.233911,17.326143,19.642735,10.569406,8.928004,14.131871,9.718302,16.751198,12.374746,3.0596695,3.8717442,3.556959,4.512484,14.930239,20.297945,14.738055,18.746988,13.557741,11.847346,7.5604944,12.497502,10.000774,12.44397,13.762207,12.584669,14.345034,16.592327,19.656576,20.47873,11.068807,13.2391205,10.56374
0,2.6209295,12.010352,15.658781,4.640631,12.368318,26.583353,15.367119,9.320187,23.577433,21.834755,13.145587,18.592684,25.164421,9.755282,6.1544175,12.396386,16.694206,23.465715,11.174061,7.559395,10.6303215,10.462326,13.203329,16.01665,20.899147,39.12449,28.517212,10.586477,63.330807,75.498566,24.796263,14.194623,16.452326,11.414618,10.355984,6.02491,24.824373,52.87988,29.616135,12.547154,28.95088,26.238539,10.875661,9.33601,11.575658,19.957647,18.951906,5.940556,24.814705,39.362083,25.517416,21.972147,17.95085,33.128033,53.045376,25.333746,13.17794,11.5579,19.555187,33.061737,15.378021,23.57461,79.782196,64.015015,29.239944,42.40862,51.361958,16.059214,15.282611,31.648237,19.377369,12.825455,14.221616,12.784353,9.204061,19.329874,29.409399,48.662716,45.931156,8.890644,5.349727,8.441307,14.37582,14.517793,3.3397071,11.539713,19.7706,11.145044,8.896914,11.891786,41.146908,74.617035,35.019474,8.21603,13.654361,13.021881,15.437664,10.682783,10.14042,13.163802,10.869511,3.8698254,24.153902,33.197025,12.953857,14.694261,30.79376,18.556055,6.9299107,6.4579268,8.488537,16.143433,11.722077,9.272383,4.276058,8.587601,23.179766,17.212027,12.766341,29.840502,32.792248,10.697486,5.76983,3.722178,3.7826617,4.271607,4.5861735,18.314947,36.055916,20.913628,14.864384,23.998339,19.906103,4.5803204,2.522555,2.132499,1.547384,2.5103028,5.3779125,23.730991,34.768963,12.513564,4.5274353,10.620106,10.964338,13.939881,5.8200264,3.4804404,7.5040927,5.8113837,5.089048,7.1961837,9.916208,19.673038,14.773982,7.347176,17.801516,20.91621,5.5840125,5.221431,10.395883,5.3438854,2.5726418,7.650378,9.363721,14.941647,8.124896,6.221097,25.9951,23.49529,6.741575,3.361331,1.4519677,5.877292,6.014389,5.1651587,5.3449106,6.97252,6.907433,7.298954,8.578577,13.916906,21.83175,9.352609,1.8217238,3.5337996,2.6732316,1.5027258,3.545474,6.3036556,16.329144,12.792911,3.1115289
0,8.576045,11.485969,12.589864,17.452019,12.875004,7.8567305,16.516912,13.524836,6.189628,6.5835295,8.63565,10.330005,11.194687,18.131382,27.42701,19.45378,9.769276,10.20884,17.58051,12.475877,15.552846,15.581789,8.390475,11.94305,12.15913,22.937035,38.452477,75.81566,124.82376,69.741806,21.562258,20.345875,11.810645,11.665365,10.269721,26.062,29.666815,37.015236,31.89025,18.8323,33.500744,68.76154,64.07642,31.033087,13.63218,9.420844,8.2220545,15.316146,18.713207,17.77741,21.46503,16.036848,4.610424,7.4957485,54.27938,93.78986,67.62726,46.06634,35.69583,31.501312,13.999813,7.386006,9.0554285,17.433624,18.157076,25.486435,20.490017,12.097527,36.224915,86.20764,62.180614,19.130674,28.340818,33.980595,17.570267,13.496079,12.574081,14.570082,11.7686615,17.071611,10.062122,4.4513454,26.036163,46.788006,30.853912,31.824581,31.084795,26.031836,8.822337,7.7449036,7.002356,14.952013,40.834473,36.528885,16.558853,26.886244,51.566498,64.1891,55.509186,34.619835,36.232964,29.339445,14.798056,12.341379,15.908183,10.913847,16.49417,17.266245,12.125887,7.8243,5.108598,8.251479,10.740614,9.025953,9.771835,12.236853,11.718439,13.18513,9.112017,16.109821,45.821987,38.86547,17.14274,24.52437,47.19723,33.23234,26.017275,26.178572,35.77361,22.867,15.780401,19.653257,16.68829,12.026837,19.710083,18.254972,8.933394,10.102099,10.834909,16.354723,9.9275675,10.41944,14.001833,8.042599,10.858497,16.418833,10.617757,11.371364,28.360916,22.871185,12.293301,18.602123,23.777197,18.355162,24.2897,23.283432,24.063936,16.557497,15.106085,16.938604,17.151363,20.226347,15.993628,12.327661,9.39388,13.377499,12.939699,12.728842,9.626112,13.043136,15.298576,12.447776,6.2307334,4.0382085,5.451951,10.95792,15.050036,13.111851,11.121614,11.2354,10.332754,11.15987,18.447544,18.598194,14.706431,12.594183,14.684912,17.029268,14.196271,18.82052,16.79379,12.475046,13.683408
0,2.4608638,8.283056,9.573275,3.9093976,2.566475,4.484284,14.269474,12.7313,9.94476,12.3103485,12.970009,12.31942,8.696087,7.6318717,11.861841,11.5478525,12.482828,6.1451344,3.4539614,2.2449098,8.469529,10.1261635,5.205832,12.264268,21.161999,45.70511,54.719322,75.7144,81.787964,80.66085,40.78213,46.665012,58.396935,58.164883,45.39225,22.86568,10.147705,5.773323,11.249226,8.327322,9.470414,20.639238,30.545828,42.884476,30.116365,23.63733,13.850051,12.540274,12.99963,12.644792,8.326846,9.016214,31.602804,28.090675,23.327332,86.46801,90.52895,20.229378,22.671595,30.213552,17.374134,20.770044,30.829737,41.907436,44.6737,50.2143,27.271673,6.364384,14.942481,28.3242,41.812634,40.976994,33.486443,7.165966,8.363404,13.174539,25.161867,20.84882,19.322573,12.056304,19.89596,32.591473,29.244913,29.063362,30.261889,17.64633,12.337416,35.166573,39.662693,49.547832,27.300253,17.688942,4.947617,25.610754,30.205856,11.625323,16.75876,28.55807,65.35952,56.21088,20.199457,11.202549,10.261556,17.828142,13.94431,11.76609,4.0529585,12.348878,21.359362,13.646545,10.836181,9.107677,10.1643305,12.429414,17.468956,12.775586,7.0905676,17.176613,19.45823,24.893406,26.507584,26.903599,11.730434,28.051744,39.41917,15.390105,29.059277,52.02788,24.007196,11.541925,26.48239,15.792557,2.4984486,2.1238213,6.110612,9.914094,4.4659505,9.749511,20.656094,11.696831,5.3238945,8.324825,8.8854265,10.898434,12.432173,10.856943,7.4151006,10.667587,11.643879,9.060102,6.667689,9.71848,28.361551,31.733469,39.9453,18.222073,6.763421,10.651045,16.058783,19.244514,13.653269,9.476336,4.2546353,4.0613704,9.637096,18.646732,9.725862,1.9007185,4.043128,5.201319,7.905059,16.710335,14.454626,8.002579,11.972463,12.203221,2.9860387,7.851412,12.64012,24.09974,18.986925,8.90066,15.983698,15.847319,11.139946,18.155756,21.447514,12.271378,7.703826,1.7335857,0.91984695,10.021978,19.997776
0,0.115381874,0.38188487,2.3210862,2.674382,5.78979,15.562789,10.222527,3.2080817,4.650705,7.3822465,27.475056,23.35386,3.4123805,1.2546473,0.58363974,0.8323567,1.0292773,9.478248,24.459467,15.4806185,5.7780223,8.060169,6.5782995,21.587269,17.695086,5.005726,8.240485,3.8791423,4.944772,5.3790336,29.021976,71.623116,43.672047,20.975185,28.381264,9.450652,8.032698,6.347273,14.074155,24.950659,11.986076,23.66489,24.096228,5.239188,4.0887437,3.0480785,17.87481,23.49927,12.481504,33.705265,25.668468,2.8855243,1.2205602,1.6437304,7.5959,7.4554834,6.914169,15.270257,8.63747,5.677363,7.272512,17.811539,54.93682,40.39454,31.098892,50.580635,20.508244,4.866098,4.5162463,4.281022,9.206597,7.983434,47.76956,58.29023,17.0172,17.26592,12.15167,10.258562,16.196772,8.749381,26.543058,24.249004,15.533002,31.10933,16.200983,3.7465672,4.399936,2.4842317,6.1751733,4.3007717,12.248791,18.635408,7.267176,8.835627,7.7859664,26.39483,52.701317,26.35539,1.033447,1.1776896,0.47393838,1.019841,1.9034457,23.041328,33.791767,11.963544,1.7327613,1.3448473,11.760112,22.593334,10.921301,8.617243,9.431462,9.660184,24.200094,15.306764,5.4542174,7.6242514,3.0542443,5.855824,4.808585,12.946571,23.857573,10.995893,1.8475039,1.9849874,10.643853,26.241598,15.980236,2.96021,3.8871384,1.2601808,0.6015811,0.5100822,7.339318,13.022778,5.7911706,3.1439538,3.2041292,3.9324574,9.189691,5.4092565,5.9980087,7.92349,9.39458,29.793211,22.696012,3.241092,3.6243188,1.861834,5.108678,5.0137134,5.927605,13.211491,7.4563313,2.8145998,3.5503237,2.7481694,7.877551,5.792368,3.19774,5.17373,3.4632337,12.700633,12.028074,2.2298377,1.172842,1.7356904,12.332634,15.051561,4.7956557,7.2998533,5.17186,9.539598,15.088908,6.1670623,8.79038,8.025081,5.4178314,10.896343,5.780598,8.265358,9.721349,2.922289,3.9872575,2.7375343,4.464437,6.787115,2.5625858,1.8882482,1.6617349,6.9628654,13.909026
0,9.398803,10.451015,10.523613,6.8200884,5.714381,6.339016,6.7723703,9.003056,8.190439,6.650684,8.7227,11.920664,9.272501,9.460021,10.4042225,19.289627,58.271767,74.41712,41.89574,16.426558,9.388673,4.562799,4.4700994,6.037749,8.238192,11.702564,15.101581,17.23473,14.757304,17.265718,34.354805,54.489735,64.14348,159.02031,132.71089,63.69377,44.617508,32.096226,25.481253,14.121523,13.614126,13.235389,11.729101,8.622122,10.071981,14.525463,19.10264,16.469522,26.396263,40.622395,64.83421,52.690205,35.492603,31.384579,20.680014,14.576314,8.835033,10.509386,10.013801,17.729786,26.498219,24.96377,27.0768,20.67957,48.24776,60.03949,92.39894,117.93228,62.278297,36.973766,59.506737,53.402622,27.524647,18.828928,14.954341,8.628699,18.311306,26.069809,14.675855,14.282085,15.521642,27.836317,33.47568,45.596798,52.049458,33.035454,21.495768,26.365402,29.63589,20.081158,11.60692,14.680501,16.718756,22.682468,19.363592,20.71592,19.207823,27.240864,35.516186,45.36649,82.375946,76.929,26.222607,26.092276,25.66714,40.23113,37.049873,12.90153,6.954836,13.6548815,21.62131,13.480532,9.393946,12.535102,16.241074,20.501936,29.017427,47.00027,37.247826,17.077642,17.351572,23.70533,23.353699,17.424343,12.446772,9.081892,16.928312,18.259556,22.019604,18.73057,17.805159,20.829433,21.747839,43.191357,62.031246,32.016865,18.172098,11.163165,23.920063,28.481937,14.95853,12.048038,10.17491,16.286665,15.078064,10.867182,12.369527,10.999417,10.79709,16.295847,29.780554,31.529146,19.503645,14.021966,11.526877,11.075191,13.452078,12.899604,5.8386874,8.120902,12.238779,16.624283,16.832188,13.183278,9.755981,13.372724,25.821503,36.38687,29.44283,22.11125,16.652925,16.819082,15.912606,13.983678,12.60024,5.98491,10.553614,13.068258,13.072691,12.436758,14.089798,9.671406,14.170737,19.97809,23.287897,21.042286,11.011806,8.060665,10.139293,12.915752,14.539812,10.373367,7.219601
0,3.3977814,3.49279,3.158402,4.1323886,3.8724852,8.305019,9.525907,5.988919,6.899883,6.8068633,11.427586,10.090998,5.752052,11.797479,9.02334,8.9606695,21.371431,14.837648,9.661182,17.170166,17.455948,13.4591255,7.3231406,8.136339,7.0541143,9.662703,11.31434,14.130384,23.611876,51.321907,70.40096,104.16317,126.73771,83.4386,45.60306,45.480423,31.409336,15.983026,8.175164,11.343228,19.42782,34.13958,37.60654,45.177753,47.18399,38.87525,23.525059,25.132187,30.763725,20.780024,8.316584,8.534922,5.214841,7.30731,16.015654,16.733992,27.707853,23.071894,21.213186,19.640913,59.322365,82.86899,33.092915,30.86257,71.12188,73.351265,49.165863,63.197403,49.084568,24.22214,8.110003,13.068773,30.307512,29.502102,34.487312,24.3561,37.002964,55.229427,27.36619,14.846086,27.173468,23.46564,8.32809,15.520049,18.765007,9.766051,9.87482,12.958003,12.777484,8.273665,17.41055,31.322376,32.0949,30.27976,24.172096,26.985426,29.91974,19.350267,39.830647,67.21954,46.05731,24.776873,30.003223,44.858833,41.6234,33.024338,26.5781,23.106699,17.830385,27.019619,25.691622,14.01676,16.569715,10.590972,11.045741,23.5844,20.043879,15.464679,25.530703,27.79831,14.833151,10.208207,13.353765,10.311406,5.655395,20.07782,19.736536,18.586205,16.037,11.97782,24.260881,35.124996,29.030064,32.110825,39.16095,22.910564,11.215294,11.001765,18.61442,20.379961,16.895615,14.454621,17.074097,8.171864,11.90943,16.50913,24.337847,19.425226,12.709375,19.669752,15.270276,6.354744,2.512797,4.264996,4.8842196,7.161567,6.211924,7.719163,8.192222,20.216017,26.793346,17.954473,14.899263,10.837587,24.843319,25.717031,13.683639,11.525054,8.876922,8.660716,12.006542,9.045589,9.781559,6.0481143,10.991428,18.695335,17.864265,16.216066,18.759455,10.342814,16.923128,17.792871,5.4006176,6.0534472,6.1894364,9.9915695,8.8241625,5.2556605,11.895541,10.740369,10.051354,15.734671,12.624415
0,0.32385764,0.8976857,10.892121,15.980632,6.0777597,12.829369,13.9967985,4.4483404,10.7520275,8.777016,4.935722,11.726004,7.088999,1.1831223,2.0440254,3.6430943,31.262718,40.63431,14.082918,32.06998,31.15053,7.6440797,14.612525,10.592869,30.792583,65.73526,35.089405,21.61258,33.66726,26.532858,153.9399,178.04175,47.430504,57.916233,49.821594,28.417128,71.7718,46.16963,15.876825,29.234694,13.680681,2.8575497,3.9766824,4.1142135,20.656668,21.38116,21.859282,71.096016,54.67418,17.012388,36.041016,20.483028,13.806779,22.836182,9.878279,26.127226,32.03684,10.001512,20.296555,18.655386,22.617846,63.59891,43.429047,62.68925,125.29059,62.892517,62.3524,91.27922,32.47912,21.46456,23.378119,9.811387,29.705727,24.233902,11.423971,27.017464,16.357231,43.619457,76.77303,33.605778,3.2529562,4.6432233,17.376724,82.415886,80.0574,15.43197,8.099182,5.730157,25.85469,55.23429,29.45634,8.311212,12.974856,13.363263,82.486946,95.36977,25.471262,29.081781,25.094122,6.2101164,12.886891,8.278552,25.529356,47.880318,22.46327,20.443127,28.204021,9.660833,16.028738,16.520819,12.551227,40.144154,30.87936,54.580933,124.37579,70.685005,12.534063,20.382444,8.987713,24.9588,30.603712,8.5301895,2.9168806,2.7121184,13.709901,38.818172,26.50768,13.190876,26.127666,13.052064,2.8780127,4.2856336,4.9041996,27.682875,30.229856,11.593877,33.624527,27.405209,6.320038,12.602813,7.667805,25.045494,44.054382,20.169771,50.217045,65.30176,20.140545,21.083641,20.38073,10.808923,30.673069,22.246572,11.464856,24.018835,12.811125,2.7717335,4.338612,5.459938,34.57701,40.002617,11.845364,24.426203,21.09941,9.887327,24.7921,15.922868,15.440669,28.927925,13.541013,2.204558,3.0287378,0.99603957,0.24868326,0.6069122,6.3826585,21.145567,16.266872,23.927288,54.4633,30.98535,25.284924,41.758915,17.263517,18.910683,23.190342,6.7640944,9.37485,8.595937,9.295189,26.08374,17.80576,20.107277,40.173542
0,0.3074944,0.9276838,8.083187,10.664708,3.30776,1.9879463,1.7497133,2.9369755,6.934787,4.094055,0.64435804,0.9630377,0.65415394,2.8733032,3.0453436,10.143946,29.10801,20.122423,31.647135,56.926266,25.596912,7.557225,9.035161,7.157042,23.68236,19.0701,2.8688073,3.3902702,2.3662546,16.598864,23.116495,7.8709626,7.571115,7.1889763,24.500362,62.461468,39.302086,95.742195,156.03925,62.626255,4.1800323,3.505767,0.9535461,1.3560983,1.0145053,18.969217,36.371395,17.9043,32.05946,40.582912,15.12409,35.722134,30.435165,16.117725,35.1394,20.412281,56.450565,83.350464,29.735704,2.4428093,1.5875533,0.63248897,1.410864,0.93519384,2.1630287,3.739388,1.660958,2.428553,2.9572709,10.406044,34.781536,26.953684,78.45139,160.05487,81.73738,23.13775,31.013588,10.323641,13.535464,12.194528,6.0545216,13.851493,8.562307,31.419548,49.190453,19.541285,26.799421,28.085197,8.76685,18.33363,12.900957,17.462488,32.109673,15.209526,30.149803,36.7382,10.209399,4.5420775,3.6524537,4.275013,9.239951,5.5009007,25.247702,35.855553,12.643793,14.947167,14.247098,6.3489337,14.996059,10.007695,63.21534,105.080376,43.14324,2.2787783,1.6581154,0.84361434,2.3433743,1.7433679,4.851373,9.4881115,4.645769,1.703259,2.2254813,3.1227193,12.113052,10.513003,2.4501975,4.2699084,3.6029356,36.943634,55.647682,20.72313,21.969315,22.117733,8.1201725,18.762526,12.716552,11.368638,19.97814,9.637721,26.601814,31.233158,9.529518,17.516308,13.8085165,16.092472,33.353237,17.522976,24.27379,33.16783,11.459251,16.987608,15.6036415,9.949062,23.804684,14.641878,15.027701,23.959047,9.895522,16.82379,17.968685,5.338795,10.437254,7.486016,6.5933642,12.351547,6.443114,23.017311,28.60104,9.083287,15.83498,13.212116,4.447562,8.955983,4.9729185,1.3549564,1.9744364,2.9389615,13.548292,13.197631,11.061152,28.888851,18.819958,12.105715,20.402472,8.804567,13.553931,15.302706,7.6212697,21.440454,16.304914,10.080459,19.792757
0,0.07982907,0.18707925,5.4991703,9.628001,4.3397794,16.560469,25.478235,9.571134,4.2269177,5.712655,2.1092086,7.862032,9.437531,2.9220366,8.305548,8.815467,3.1959555,11.240366,10.577651,4.241298,13.9697895,11.745891,16.552216,51.552372,37.988544,5.564202,11.028543,7.1974645,25.80665,59.37195,33.923767,7.4336567,14.752014,7.382783,9.390027,16.43094,7.1422033,1.1807828,1.8057256,1.5403656,13.963689,18.963089,6.5340505,18.306704,21.94992,5.9193363,1.5823864,1.5734401,1.8188678,7.9192915,7.7186537,18.109844,67.158356,55.96329,7.7180142,1.5534703,0.9598521,11.272136,30.077255,19.543692,5.036788,11.169147,6.385353,19.442226,38.88571,19.440823,6.3446517,11.104725,4.826585,1.5555689,2.386575,1.0313123,5.244297,7.144771,3.8385532,22.647606,27.180462,7.4249053,7.8225183,8.324643,7.5159903,32.936115,30.993826,5.8825803,7.7442007,6.422063,7.422325,22.96887,16.928608,4.976731,12.426181,8.097887,24.69468,56.76995,32.440258,2.1375139,3.7374425,1.8878216,7.3592772,12.882687,5.610962,4.702809,7.235603,3.638815,23.899977,32.437214,10.460018,8.516475,10.197419,5.509661,26.57351,28.229027,6.642768,9.382852,8.8584585,6.919533,25.096561,20.923943,5.8822474,16.170504,11.904378,2.1546335,4.845008,3.1420364,0.5566161,1.1995523,0.68377334,3.2518296,6.5063353,3.2544103,3.0675385,5.3659062,2.6494164,18.996,29.223164,10.989356,6.677914,9.040739,2.8907018,0.28743294,0.27960426,1.3948911,7.7832108,8.298046,4.661765,19.40375,18.26073,3.5688488,5.602406,4.646717,1.5286136,4.3705187,3.215615,1.8225989,4.7667537,3.1010785,1.6842197,3.8519735,2.2012572,1.9505895,3.9001536,1.9666959,7.318985,12.808102,5.568835,1.9379779,2.9639497,1.1840966,3.8089375,5.1847672,2.4002328,12.784853,15.341595,4.1725125,3.747148,3.961146,2.4823933,10.51532,9.893155,4.408444,14.901044,12.420636,1.898095,2.5044248,1.8491174,4.1452355,11.039431,7.1744013,2.4408605,5.4963627,3.1416247,0.64290917,1.2689451
0,0.024517387,0.038117513,0.15840685,1.8284159,2.6104126,0.9380823,1.7576338,9.431999,9.8086,2.1231992,2.9913874,9.659612,7.3286743,0.82071364,9.4277115,20.610857,11.248602,0.796842,12.288672,19.047901,7.2050824,0.73378086,3.9049854,4.397074,1.2242546,5.823285,21.182148,17.396431,2.3639617,10.806584,25.900768,15.386834,1.9025526,43.692867,73.54025,30.902264,19.04695,142.36,173.34862,47.712902,27.191639,109.99856,97.72553,15.594955,14.217401,36.801044,23.765522,1.5403737,18.915575,34.670265,15.862632,2.5432906,23.185574,30.555084,9.466726,6.9019856,31.887009,30.670488,5.713546,6.1902575,17.969961,12.573696,1.073283,19.098436,38.20755,19.10572,1.263638,14.814506,21.15279,7.398077,9.41866,50.50055,52.51635,11.306212,9.98762,31.972319,24.276785,3.0262973,79.55115,174.0321,94.925385,1.9311167,5.9810443,9.222136,3.5752728,4.2746587,26.81001,30.159403,7.3962607,6.2243156,22.339886,18.355652,2.4578476,5.377781,12.85288,7.6295013,1.0686874,24.853533,41.865856,17.43982,2.79011,20.425655,24.862604,6.835854,1.4487975,5.2215934,4.6351085,0.79601055,5.5199223,14.590063,9.414684,0.788502,24.953573,45.732086,21.0061,8.689426,79.775665,105.16932,32.351982,6.1418276,25.577105,24.561798,4.5823426,4.320735,12.523928,8.7574005,0.75107247,4.2842197,8.55204,4.2833705,1.3254621,15.582169,22.24818,7.695723,6.5699434,35.1195,36.53473,7.842046,7.4063315,23.89202,18.117786,1.977247,9.367501,20.500286,11.175886,0.25416735,1.2217274,1.9115665,1.043646,4.717984,29.663433,33.36599,8.172456,5.7593174,20.560524,16.900167,2.3221,16.084818,38.6074,22.921764,0.9364372,0.41291964,0.5927993,0.25620207,0.24945156,1.7708915,2.1667335,1.2380613,8.933248,36.622692,32.551758,5.1980777,6.6326494,17.342318,11.191518,0.82705384,21.298658,39.050507,17.849302,0.7696952,6.392642,8.42408,2.592996,0.85801685,3.880928,3.7274332,0.7354736,3.1522574,9.201802,6.4420857,0.5484708,5.0415797,10.075627
0,0.7956357,4.1866817,6.748316,15.631669,15.466592,13.800484,9.788448,7.946056,22.683159,29.63342,43.62261,36.618973,10.254942,11.009941,15.577873,14.697584,15.044036,12.198718,9.437821,6.5187764,11.804196,23.72579,85.749825,84.34899,28.721073,17.443157,11.502821,23.465261,29.282661,21.882206,28.389341,54.14022,46.42645,53.97388,61.10381,65.25657,24.475977,16.014029,12.9470005,22.720186,31.8378,12.22159,5.466911,6.732467,15.922721,29.140312,15.352459,8.490908,3.230851,7.2886534,18.19222,14.592833,15.891323,25.194908,30.347176,37.393074,45.268295,77.47949,46.17095,23.67019,10.578285,21.23899,63.127796,46.416912,7.5616403,11.74418,16.428577,26.687017,24.850586,6.6289725,9.066399,15.1042,10.237912,9.4598,4.0072694,11.505054,26.535553,15.640743,9.070649,53.45886,58.604164,19.428507,12.113265,12.43626,48.77812,68.3109,23.145655,9.302414,25.00504,31.095472,47.779346,25.738325,20.076286,43.09969,39.00049,23.847939,21.765808,27.479177,11.667877,6.52272,17.661364,16.896284,20.572163,11.483771,6.078156,22.451403,26.199553,38.055683,28.63226,20.468315,18.617363,20.933834,14.415889,13.565418,17.737402,34.832222,56.5848,29.496244,22.934456,41.652515,33.923485,4.8464966,4.6471887,7.4485765,16.541035,17.89192,15.030515,10.667146,1.1699831,1.9177464,2.9195094,6.2102966,6.4570503,7.740352,5.210754,2.271217,1.6880901,5.986729,22.237337,18.909891,3.1140466,20.250149,32.024807,17.860834,14.47719,9.918057,8.369428,8.97846,9.691123,12.310271,15.440508,15.164929,10.788653,10.642634,14.788967,10.788087,10.879441,9.382815,10.350985,16.579235,11.096636,7.8915377,6.400091,8.561236,19.790604,15.875537,7.139217,3.8193898,1.193494,2.7494917,2.8108501,1.3752893,7.9191074,15.10889,7.508574,3.4539254,10.673343,9.75803,2.599047,9.2074175,15.745633,16.087276,17.211252,4.912225,8.049615,17.829401,10.217132,3.5746822,13.401899,14.358874,8.43846,6.179659,4.6625433
0,0.17326763,0.37633282,11.156621,25.866259,14.913681,4.1230006,11.142766,7.4574127,12.121182,39.088593,29.530783,8.24332,29.875465,25.673899,7.3458157,29.954401,29.319042,6.021184,12.49645,13.910779,3.4076347,6.1891956,7.8631353,4.1016655,42.30488,61.207874,21.55976,68.11027,112.88851,46.17655,5.286945,9.472733,4.5077467,9.794089,21.619154,11.909334,18.750154,48.29157,30.56757,20.63972,62.70003,45.277496,18.176893,64.23512,52.91431,7.1003866,1.5309852,1.0856093,3.5756977,20.130348,21.484879,9.997972,64.83943,78.734116,21.793144,29.66268,41.01527,13.467643,4.1263895,6.29983,2.5053978,26.713291,48.5637,22.004162,0.56933117,0.7278149,1.3655007,32.276962,78.90651,47.60956,11.605784,32.70035,22.601433,8.652161,28.903444,22.80451,10.312353,41.264927,37.059135,12.4088955,55.94933,57.175392,11.879745,2.4660337,2.1724174,1.6442962,14.107897,18.717583,6.1561236,31.566505,47.762856,17.57142,29.078465,50.392056,21.71133,33.36105,66.73514,33.36818,4.518017,10.487185,6.1176925,14.506871,39.474014,26.07833,10.456176,33.146305,25.020706,3.0979676,5.930012,5.097731,2.982349,13.834195,13.541277,2.6030824,0.40126708,0.29018643,1.2773068,10.548282,13.403245,5.0944734,40.978016,59.28876,20.723173,38.133354,63.194214,25.846437,1.4533035,1.8709631,0.96399254,16.904152,37.305447,20.513927,5.3138843,13.617166,8.643974,9.10778,27.70404,20.004799,2.0636582,2.9755583,2.46052,1.9735955,8.710049,8.1717205,2.1341503,8.963645,9.559953,4.2912946,27.493835,33.38723,9.262939,14.201385,19.640968,6.5141296,14.28017,22.605896,8.775802,7.278956,13.222639,5.990733,4.1175904,8.641733,4.539727,7.65711,18.720665,11.296685,6.569046,18.800718,13.003531,3.832547,12.688298,10.009755,3.0246997,11.6487875,10.453397,3.9406626,18.33246,18.742361,4.0631466,8.317044,9.646973,2.6577213,9.364333,12.391998,3.842887,0.46317124,0.50777763,0.5407496,15.324823,26.594284,11.456073,5.905222,11.803945
0,2.7862887,4.450773,9.056884,13.176094,10.490372,6.1494045,8.25133,16.255775,13.24503,17.032595,12.465755,5.14761,9.189058,10.228862,10.842349,9.356566,12.683391,7.440478,5.307245,14.645628,15.542493,11.094242,8.684417,7.5040092,10.182294,14.756411,19.513721,25.865692,40.277077,37.11683,19.320051,82.37976,161.43794,122.40434,131.74971,82.78797,76.77229,36.655727,25.179874,27.361357,17.150364,12.652521,11.131566,5.5655274,15.554165,17.459465,10.836398,13.054383,12.132658,6.676048,4.589752,11.408352,20.266958,16.467716,8.067862,10.015517,11.236858,13.644789,11.20608,15.876719,19.453438,20.290508,47.575798,42.293743,39.620186,107.012245,152.10818,65.81412,75.45706,70.630264,28.813278,12.677414,18.094488,17.121574,15.060459,16.417324,6.8817124,14.85851,31.256378,25.819853,11.422126,13.876998,17.909435,8.444745,10.596475,11.905456,13.189645,10.07666,12.811188,14.629592,17.412172,19.62249,14.819207,26.349503,45.787933,33.786495,35.382843,44.325233,64.82813,56.54719,60.32493,69.689224,61.254246,37.605392,36.88542,22.586292,10.8599615,10.480812,6.8708086,17.084925,23.915073,18.399675,21.685211,16.277336,14.5390215,13.772906,6.238131,5.828163,10.807854,10.935394,14.039187,17.702053,8.67608,11.773054,19.153658,23.546534,16.275928,20.2087,39.7529,21.14117,9.325965,29.330637,31.8778,32.8617,61.33186,43.008698,16.130276,14.404288,18.587065,9.553412,13.015044,14.34515,9.875768,12.547871,23.547527,16.660221,8.083164,7.7233934,16.625645,16.700788,9.395121,10.85151,7.777988,6.978921,7.608911,11.3212,16.236649,14.78593,7.445493,10.611334,16.29863,10.803182,11.180923,8.151009,9.235149,10.852902,21.788414,26.934528,22.854448,21.154963,27.440874,11.909982,10.34266,12.424266,8.826141,7.1928587,9.797619,5.576445,15.679552,19.747086,11.395795,10.045042,11.735294,12.066066,17.225697,14.0276785,6.221039,3.2161944,2.8389635,5.5986166,11.251551,8.309641,5.5475025
0,0.7765242,1.8330307,6.0559335,10.030642,8.5009985,8.2149,8.274243,3.0288022,7.250196,9.040186,3.855137,14.571255,16.93268,14.129489,16.93001,14.721809,6.7750263,9.725883,13.45614,17.591476,19.897043,13.878321,13.763721,28.773447,22.0171,16.404724,10.812526,5.8258414,8.218187,13.907127,18.249,23.020641,28.555155,30.264193,20.807894,11.076092,14.229274,22.694635,22.404003,6.7671814,18.6032,18.609087,14.656897,19.475803,15.688098,10.092613,13.606035,8.7891035,10.702693,24.24455,14.117209,7.408997,12.584768,6.8646708,9.328178,15.391208,18.550198,19.315437,19.766314,14.238947,8.426551,10.542948,23.723377,19.345219,17.28606,19.160828,24.135273,21.945759,15.716975,9.044961,7.9606237,9.073552,9.156852,21.861887,27.589537,26.533844,21.25425,16.558348,9.090988,17.791788,15.655461,6.0384555,2.6705153,8.015176,17.464603,36.12013,24.718754,11.31928,11.592182,27.277895,26.97314,7.8813615,3.6447217,2.8287122,3.8623624,7.8407335,13.881135,17.143805,7.688779,12.291159,13.856041,6.440157,13.543338,14.267605,10.837477,15.372173,20.065445,25.22628,23.44229,16.478836,8.694058,15.854439,14.870973,14.854874,16.48473,9.892546,15.887959,27.76497,18.950644,14.018729,11.061302,4.419684,12.620876,16.808376,8.463964,4.439494,3.3785043,6.553676,5.785474,5.5288925,8.9389305,26.049477,21.97984,5.8281455,4.1259613,9.197633,11.636764,5.4117036,12.761235,14.388965,6.870444,4.250127,3.837573,5.3104534,8.625464,7.1459694,5.1816216,13.132463,17.087633,18.709906,7.277731,21.17062,24.042002,12.22234,8.152001,6.4577456,6.3151193,11.671086,15.4650345,18.457571,8.472485,8.702784,11.191552,12.335166,7.2706294,2.8390453,5.5773697,4.3131447,3.1508062,2.1556823,6.27865,5.119484,1.1193738,1.6493305,11.38009,14.920114,10.686796,15.63283,16.566957,10.51804,5.289197,2.0535238,2.4021404,4.5410886,4.760849,4.9570036,5.861473,4.3986936,2.970583,4.3468666,13.211141,14.044532,4.656516
0,1.340947,12.997672,34.22833,22.46461,10.394546,8.907814,12.603534,13.312529,10.752863,14.083901,9.5067835,14.747792,6.878475,5.931098,8.107304,22.90434,18.143717,29.374933,28.064854,41.012154,48.941772,23.301594,29.831554,11.192761,1.6024562,22.301483,59.43174,42.418095,63.60431,52.96261,10.798763,9.947998,54.9513,74.57072,57.177353,91.448875,45.363213,51.357723,30.091122,19.884312,15.131858,16.637815,16.740534,43.761475,52.35758,24.696026,31.495907,12.463422,8.335219,4.2206426,1.9734899,18.055527,67.03593,55.87583,7.88082,6.4057302,61.312447,83.18373,50.61034,75.90657,33.500347,14.535082,15.216032,39.715782,31.694216,56.832253,53.76237,38.134045,44.251217,29.680542,41.606308,15.696599,2.9998085,2.3646855,5.040233,8.21134,27.949883,25.01777,53.349586,56.625973,14.698516,10.650873,14.65279,24.987919,13.07685,16.469255,9.65874,7.2093434,7.2068224,21.781994,21.606316,52.237534,62.66821,68.05821,101.76847,47.982815,57.440754,33.066498,44.61644,31.61682,48.19565,40.60498,37.16422,39.16122,24.37511,31.057682,9.991787,1.9124621,6.213639,14.189028,15.869398,42.96756,31.80285,15.491861,14.407761,13.046726,15.410219,11.679865,16.72892,8.856103,12.361596,25.319181,65.29823,42.854065,20.630524,17.883095,32.223385,34.186886,12.385173,13.451156,16.398844,27.636244,20.805305,39.39155,23.858732,25.547962,20.844341,41.513588,39.07337,15.090241,16.194878,4.948433,3.697668,1.8806767,2.5921853,6.198824,16.197084,11.495078,16.65946,14.523207,23.52394,24.914087,10.939433,12.730407,15.76896,26.759953,19.725187,36.95596,22.68957,26.767157,19.80395,7.0979676,6.5857925,10.659316,12.728595,12.634053,18.649715,11.149751,17.209093,11.542664,20.791132,15.946255,32.136368,26.805513,5.970372,4.981838,1.3898758,1.1462275,10.049295,17.57302,11.068973,18.629362,12.534161,20.358192,15.101359,9.0349455,8.411907,3.3605604,4.14566,31.348545,48.18558,27.193289,41.087223
0,2.4701166,4.711095,12.237883,10.137067,6.58713,9.878335,8.29997,4.425677,8.053294,6.221056,2.056829,6.241919,11.683458,16.38967,23.488274,15.495175,4.684478,6.2386413,8.030154,10.037575,4.8989177,4.3622503,15.944999,19.148872,14.0234585,20.260063,47.989155,65.55506,105.94286,92.44496,37.830967,44.14335,19.127815,20.51829,15.21539,17.12306,18.774218,22.99685,36.53178,22.192003,48.048508,63.806168,58.28787,35.571705,14.173915,21.210325,11.612091,9.584165,12.759987,11.137861,4.4887915,14.059112,32.666756,34.033478,53.260002,82.11125,87.06953,36.004097,30.13679,53.68371,40.67339,17.866795,18.465767,22.64696,16.986069,12.447589,29.67034,45.0567,45.53677,55.631886,86.11288,39.91336,35.9456,30.936176,14.781633,3.7332091,3.5866194,3.826577,4.291947,10.309931,11.86333,15.15776,18.061228,14.9604225,34.398308,24.84257,21.562243,19.982052,10.573407,14.619191,11.154429,21.014854,33.62248,34.24541,26.941578,47.8942,86.18275,43.85231,33.550365,32.10894,30.631895,35.509277,13.318442,11.213957,22.717716,18.959541,12.600426,15.242964,16.599567,7.286322,3.1070647,2.113313,6.7301416,12.58456,16.185068,13.622889,10.5196495,10.4143715,20.591705,20.33708,19.931562,32.83375,19.85708,33.23091,55.304653,50.7391,27.82827,24.082798,16.547852,22.10141,16.534641,12.009884,18.066,23.658127,20.659817,9.42039,3.3013184,6.801008,17.555252,20.679007,6.438665,2.730272,6.407126,5.173377,7.156105,7.6856203,10.5559,21.252277,22.99947,18.362488,10.721296,16.964157,24.71906,20.11663,14.309904,25.39648,18.531593,4.34298,2.4616497,6.638706,12.375735,14.547293,14.966748,10.451985,2.9433243,13.362963,24.654861,20.877483,12.53488,5.3174067,8.729298,11.041159,4.9501905,5.7377205,10.037355,10.253135,13.145882,14.122558,9.645273,4.3054466,5.548144,8.389826,12.65049,12.036767,6.7366023,6.551147,4.142287,10.028412,16.538782,16.299511,15.048776,17.180796,10.223223
0,3.0777392,4.936012,6.558208,5.480531,4.6341496,14.399708,15.318143,10.570284,9.778869,11.020491,13.142668,14.315876,11.574544,22.877024,35.600513,28.69051,21.240143,14.206211,10.1123295,6.9197326,12.951006,16.934452,18.156008,15.976801,15.701525,19.302013,20.645428,52.287476,85.34165,59.53296,70.01502,48.134865,22.563257,57.52697,45.37814,25.779797,23.283918,22.899004,36.286526,27.114449,22.721628,21.810665,16.681654,31.103142,43.05052,26.379751,25.175463,28.493994,18.668236,12.422597,11.520932,10.309128,16.63702,17.830202,21.20502,20.017176,30.916561,37.49135,42.59185,44.415977,41.421154,58.412354,45.296734,51.109993,41.964787,20.020672,27.431341,19.056412,22.666008,26.682037,25.746557,27.807238,25.850052,31.153358,35.821133,26.676716,21.315083,30.63982,19.546984,15.499965,11.805739,10.542048,13.8845625,13.377017,14.997235,19.260612,20.722319,32.032436,31.688482,24.010607,20.971651,23.22778,30.406544,34.793888,29.683607,23.102957,19.845575,33.495518,23.336447,14.523748,28.971254,31.202635,26.890993,21.488058,17.803566,22.116364,32.27506,35.32706,24.72349,12.14555,6.790203,9.784875,8.66624,10.587729,15.632176,22.491465,18.318186,10.44899,7.0663376,11.792962,26.875711,23.611778,11.262313,19.581873,21.710154,17.65793,17.976412,19.455368,22.024748,15.636881,13.103748,19.77835,18.211674,15.324085,20.146242,16.1574,16.420523,14.742446,12.711035,15.893633,12.390887,10.815055,9.414507,14.234465,14.316501,10.327014,13.028988,10.768011,12.620481,13.420112,12.744651,12.955545,9.950743,18.161694,16.962446,6.7058635,11.856044,13.658173,11.717454,13.94755,11.31768,8.681837,7.821574,8.953521,9.08378,6.2855783,8.593459,16.46661,10.566995,6.5670867,10.454182,12.653347,8.616804,4.199776,6.6473284,7.917833,10.403596,12.663298,7.425161,9.083412,11.2908,17.351086,14.289406,7.9066596,11.010942,10.818135,9.621654,6.114068,5.6551614,10.8510275,11.9578,11.722254,11.839817
0,19.982727,20.555704,11.608203,10.827494,19.1698,20.252745,10.555224,10.26718,17.492382,16.992266,7.1581464,8.536283,11.189801,7.626236,7.2853603,9.82185,14.15208,7.129577,3.4317071,6.850355,10.941532,12.415225,29.767588,36.404648,23.011324,14.778395,16.86123,29.057981,20.848103,14.97983,28.32821,42.337215,25.254183,41.120968,60.014946,30.50275,11.681798,25.05819,30.511877,24.593237,25.920708,28.321787,24.31785,12.157541,14.3990965,8.765182,2.7398114,4.0382223,8.842179,12.788767,21.52454,28.100737,15.959112,32.814125,39.31598,18.139708,14.70091,15.542541,18.46342,31.596306,25.735079,33.96054,58.018295,34.65474,9.845614,15.80038,13.15035,20.027212,32.16949,29.35986,40.902256,40.481476,32.505997,37.41081,21.920279,11.5011425,15.573854,20.43454,31.953007,21.97108,10.485067,23.705284,32.617546,16.993196,22.081108,26.58497,28.874458,31.059319,25.93712,29.241768,27.958765,18.011124,16.54152,15.056345,9.259004,15.521691,21.748217,18.345398,15.789116,10.686671,4.9435663,19.1142,30.161722,27.047312,29.495811,26.935886,13.737473,15.4993925,14.604539,11.405519,16.421907,10.456424,13.388984,20.01319,14.1406355,8.505525,3.9191773,20.20282,25.402077,17.569212,17.816727,11.995553,12.704148,13.952547,20.182646,18.720146,11.200045,6.994712,3.8225663,3.7102733,6.483351,5.4467993,4.141086,10.01718,12.059196,9.410929,19.39346,16.946928,4.404353,3.7201388,9.299155,15.411611,10.993226,14.202958,27.918495,24.925028,15.797678,8.157966,11.962426,11.940278,7.8436975,9.000717,8.519907,8.638704,7.6482687,8.35414,9.601537,8.371384,13.624888,16.3467,14.995998,22.07087,10.876466,5.834727,6.6566596,8.199089,3.5687344,1.9296204,6.575109,10.469235,9.878083,13.180608,10.207541,3.2331421,1.668419,9.595683,19.392214,13.1948,5.29858,12.103068,17.966146,9.318775,6.3395834,10.582403,9.325835,3.8747916,3.2042065,5.810031,12.135544,8.717995,6.519342,3.9895525,1.3110412
0,2.4878123,4.6519475,9.098168,17.273739,18.464325,8.22191,10.472892,17.233887,11.868371,6.203519,11.670831,11.987116,10.845624,21.058018,16.647865,20.395851,30.925215,23.899725,22.750837,18.230587,8.955441,4.744266,6.6612363,9.489047,15.803371,27.333967,16.722256,9.161261,17.283428,20.36195,12.313275,16.049711,20.338463,19.096516,23.836258,58.78349,98.46286,69.106094,20.194586,10.20002,23.651539,23.502823,18.828814,17.64922,10.147801,17.80241,17.215647,18.306078,17.892223,10.767168,6.974217,27.211655,37.394283,29.15428,43.55026,28.049545,32.72197,21.69331,10.084516,12.213374,13.48197,12.901298,15.84306,14.1535845,20.80114,28.972788,21.391087,20.658665,12.868536,32.448414,43.534225,43.065346,73.398506,63.832497,19.02229,9.276686,16.634388,20.666649,10.858202,8.314994,11.614458,12.158108,6.4318075,6.0662565,12.010769,15.701881,10.002305,9.65903,23.520575,31.330677,35.357727,18.034147,9.2598095,8.20885,4.602037,7.803607,22.560732,19.079334,9.5835,6.406359,9.166593,22.809505,34.214657,21.62892,9.960625,34.09549,45.431484,20.155254,34.64958,41.810585,21.682974,11.761006,17.028389,11.790597,16.908718,14.099147,8.2381935,9.854578,19.208723,19.851343,18.817888,16.551311,17.040993,15.139599,16.775402,16.600376,20.93413,17.285032,12.686108,7.2130775,13.332266,17.804478,11.148732,9.30217,10.57589,5.386086,12.433964,18.488947,12.41702,6.810207,8.276621,20.331854,24.3348,8.878149,23.928358,28.473494,19.094563,22.026392,15.60348,9.290877,7.7066255,8.140827,9.934288,9.559103,12.307671,9.426808,4.878004,12.080381,14.563483,15.259238,6.718353,5.546069,12.49684,11.11856,7.7171316,10.2755575,13.745828,9.664027,6.690171,6.9492903,11.653616,8.099918,6.6537437,7.496241,7.708784,5.3644886,3.8620296,8.511151,16.104746,14.285873,11.5397415,17.16558,21.4493,17.337042,7.9178977,8.720309,10.860534,7.94617,3.1941926,7.3757477,9.821125,7.743324,8.834031
0,0.12155235,1.0077266,4.5319886,10.374563,8.315652,14.616896,17.461287,13.700424,13.993029,22.613468,20.829151,4.848616,2.577991,5.906944,11.221651,18.001135,23.345762,21.60188,18.688871,22.00901,24.293554,33.176487,21.29244,6.7170725,21.531921,18.838045,14.111216,27.669191,27.094296,15.610207,20.725126,14.92529,14.82076,22.070032,26.922056,52.860477,43.0133,48.46206,35.48691,28.43109,26.729315,18.00737,28.38738,32.835915,32.58449,27.3041,21.625021,26.161749,10.796949,14.408598,16.744278,8.100449,4.075355,7.4624267,5.751845,8.25616,10.07179,17.66817,14.019236,18.311026,39.504684,36.574364,12.283478,17.054146,20.635576,6.6872106,34.29961,54.825657,34.615944,34.56448,32.12483,40.43769,30.472864,16.463552,28.465883,24.018126,45.339096,38.44336,12.144291,26.954395,31.63016,20.057013,12.8984585,16.408314,8.494998,15.562845,21.969627,20.811699,41.390472,37.682884,22.568329,9.834364,5.4809146,13.003739,15.267198,10.563941,9.436249,23.149967,25.389565,11.666237,7.0215178,4.61274,13.094855,20.774132,11.811871,22.710861,51.514046,43.010895,24.329926,23.528542,41.389603,30.804657,3.973346,6.540715,6.9235077,4.3231177,16.1741,24.346638,20.13931,8.644507,3.921298,9.185339,18.389442,16.83958,19.216501,12.042021,14.389042,13.385049,13.964922,10.845506,11.97399,13.067843,10.742086,9.345044,16.736774,22.45985,10.084333,9.409303,6.672146,13.137386,18.017431,10.588262,15.760914,36.02594,23.973108,2.2076576,2.2535877,8.834168,9.631805,17.612303,20.494303,11.132734,2.9984016,6.529369,9.746885,10.161025,18.156164,15.117148,13.982298,21.931274,17.668997,9.8167095,7.3426476,6.099193,6.8604503,14.151374,15.772083,10.79374,5.4900923,4.3133674,4.5801125,4.457753,7.1237054,5.7648387,6.967095,8.245099,7.7355027,12.274044,7.522178,2.841776,2.9588473,4.15974,5.416895,9.956512,14.100014,12.449192,9.480122,15.654275,16.879826,5.986756,3.8126693,7.43452,8.970647
0,0.10468389,0.16983695,0.694688,12.143347,19.273968,7.492759,0.63280684,4.275565,5.4432716,1.7008808,4.188945,21.988605,22.578545,4.784013,5.6332684,20.578566,17.07167,2.3272183,1.8292435,4.9273314,3.2815537,0.2594939,7.1799355,15.259069,8.092532,0.22615753,1.9326581,3.2896714,2.2384603,9.42116,91.53803,122.99626,38.866108,6.242366,30.408466,32.953426,7.586203,4.530006,17.647453,15.438445,2.5783858,12.955023,38.147816,26.875385,2.3952413,18.462263,41.703903,23.464123,0.7842549,16.667717,29.628307,13.107583,1.0855948,11.750699,16.665205,5.840616,8.009303,51.886826,59.331715,15.0431,22.16631,96.44969,89.003204,15.417974,19.031136,59.613434,44.38257,4.5673623,1.8009626,3.8164136,2.2701204,0.3488532,23.051947,43.441967,20.466612,3.327944,46.376667,69.5563,25.336216,6.172672,43.52718,52.500645,14.238889,2.2922547,8.057366,7.841825,2.075895,14.669796,50.030025,39.317566,4.7907977,20.765913,53.40018,33.65883,1.8994725,9.530231,19.020548,9.512709,0.23739828,4.098754,6.5020447,2.555345,2.2157652,18.545013,23.594854,7.0115976,7.0550957,36.81325,37.80372,8.084138,13.568827,49.79559,41.29937,5.6433063,4.7953672,12.85789,8.5738735,0.76668465,33.79807,71.81788,38.108807,0.55681723,5.2707415,8.845069,3.67269,1.1749187,11.3415785,15.245589,4.8503566,4.427621,25.704035,27.838137,6.4055114,2.8178926,10.710186,9.384572,1.6248984,10.437483,30.767832,21.673206,1.9970375,24.03176,54.30751,30.550339,0.86556387,8.0086155,14.220924,6.3322678,3.036496,34.82975,49.433758,16.78636,2.9417596,17.177988,19.638252,4.9183426,2.1176162,8.840909,8.159462,1.7274413,11.528356,36.489273,27.15438,2.8063695,5.235003,12.51703,7.461403,0.32417944,6.2042823,11.693966,5.5016375,0.82995677,11.595144,17.391396,6.3264294,0.6669035,3.8841636,4.684614,1.3149668,2.338385,11.12695,10.830855,2.2306848,8.426833,28.714045,22.559723,2.75842,10.802694,27.72418,17.480753,0.98622096,15.899437,31.787405
0,1.7287515,10.203287,33.629314,26.31918,7.38765,7.9472356,21.370562,38.935013,17.748674,1.9081379,3.6139252,20.090986,21.94566,9.075454,12.705582,6.107659,8.242397,5.8074327,10.004369,10.143197,20.40236,31.2971,24.644588,52.842274,46.16653,145.28226,135.17438,36.02095,38.327847,22.260897,40.816914,27.139776,59.064,50.72775,23.127663,28.72167,10.550268,12.343363,8.775436,21.4176,19.44194,68.521194,82.40641,29.827377,36.496063,17.379,12.461952,10.067306,26.151445,29.031212,27.964409,46.091873,19.700983,7.452348,9.76688,44.42705,45.50603,23.338015,33.63721,17.98572,31.8524,20.55776,26.475151,25.031332,14.869622,20.374842,64.55996,145.85619,83.225716,37.95162,33.030704,16.922726,21.552982,11.362894,19.214426,11.0957575,16.84886,13.812494,19.244291,23.425283,19.64095,34.986675,16.612549,4.5108085,3.5314603,7.655664,8.667401,21.113817,36.406693,18.234482,25.601698,24.06324,88.32517,91.93241,24.331148,22.464766,16.04726,34.69302,23.371086,41.300346,39.71261,17.065172,22.445545,10.185191,14.564233,9.847926,20.666304,18.336493,12.20524,16.05704,11.316726,21.259638,12.993889,24.245237,19.909136,13.101727,15.93052,19.15599,35.81527,17.458063,9.049213,8.799921,36.195393,41.474808,30.356104,50.617874,22.359228,6.537331,4.9228435,11.222891,11.866153,5.426083,7.7964387,12.782802,32.441296,20.901632,12.760005,12.382634,6.027322,8.316459,3.153405,2.4558742,4.09939,16.03601,14.508867,12.686604,17.058119,14.202667,28.017391,16.207676,22.996101,19.118818,4.5978823,4.7541466,11.196041,21.864828,10.856678,5.7076106,5.68168,25.215334,29.382492,7.6166277,1.9264607,1.2135484,2.6968813,4.775011,25.390337,27.307018,12.1509,17.131477,7.8542566,9.372309,6.4515433,10.215747,10.122688,2.4398422,2.1925118,5.0920453,12.114606,7.4978666,9.097389,8.32648,1.5093981,0.82410187,5.929409,12.991043,7.167147,4.0435557,3.4315472,2.656699,3.3473186,25.26296,50.515255
0,0.47259215,2.2525337,8.763233,7.733973,11.154785,16.678158,8.076332,14.929885,10.297414,18.518711,21.165632,5.6161337,3.7483046,4.8859315,18.207062,15.955929,10.871561,15.839372,6.067606,5.4168096,6.474046,35.4961,40.577744,10.14208,1.7546158,10.372208,41.473377,36.298717,12.167934,16.138794,19.812572,51.81522,34.574215,6.263611,6.5607734,21.92832,43.791756,22.013401,10.492559,9.230079,11.780279,17.51214,6.5106,3.4428666,3.7806647,19.479826,22.258604,23.050764,44.586514,22.592817,13.315114,11.777678,22.009342,32.876095,12.834753,12.568719,11.620663,53.44839,61.08838,16.13595,10.225181,6.4022193,15.920618,13.917761,2.169932,0.86319476,10.708817,29.435436,19.632969,2.4718394,2.3266146,16.397223,32.78679,16.965832,16.713171,14.63003,6.184704,8.635386,17.929749,48.422676,32.45957,19.397589,21.97996,17.310417,32.98525,16.501526,3.929937,3.4993975,9.769827,14.649039,6.0881586,8.023332,8.490262,43.60792,49.840298,19.294893,29.182905,14.593969,0.7912667,0.6714107,0.82398856,1.235562,1.8465531,4.934996,3.9716365,14.267427,16.298487,5.7093325,7.9001775,4.1392417,4.6999145,4.176733,9.147042,13.698853,10.977452,27.08413,18.06533,3.519494,3.7308917,13.520877,27.000984,13.636003,6.9741464,6.3137865,22.002962,32.951637,13.482179,16.60255,11.112704,7.57205,8.617304,2.5271964,2.6048317,1.6122673,3.879083,3.5011654,13.021726,19.529129,7.528622,6.70634,5.4161005,20.440845,23.358536,5.9162283,2.1515207,3.6888008,14.207375,12.471957,10.866147,16.038536,12.514593,30.663876,20.656284,18.038559,20.522903,5.138073,0.6538943,1.338025,5.2529974,4.603196,3.1394928,4.6104913,6.517646,17.268827,11.513233,0.8481526,0.30559465,4.622439,9.244445,4.6552677,2.3831494,2.3885863,16.990675,25.485477,11.030546,16.164175,10.877141,10.673499,12.176146,5.063915,8.020805,4.4207716,7.22117,6.3370304,5.492087,8.090339,3.0324943,1.9308624,1.5156286,5.3780746,6.1448703,1.8206311,1.919962
0,3.1529093,8.461076,10.748997,12.771774,8.389941,7.2834687,9.2667885,8.46311,8.187661,8.177688,4.313028,4.958698,9.5131035,6.8590565,7.7802887,12.402624,16.446192,15.305383,3.456411,1.5191897,2.537631,5.75784,18.923313,22.764994,26.254154,13.036326,19.989475,39.96943,20.003689,1.7677724,3.2456787,2.9264836,2.670179,2.4439957,5.9874344,8.102244,11.856795,21.10634,33.16697,52.33246,30.932878,18.408747,15.471328,15.7748,16.084732,16.384008,8.2837925,4.1121426,8.154475,17.982813,20.1099,19.933578,10.906326,6.2974854,8.638628,5.6889606,7.736973,13.614682,8.722157,7.304024,9.670181,9.455527,27.01017,51.444386,29.000704,22.451912,35.69854,23.548018,15.45831,4.028836,1.9409052,1.7165207,2.1197233,4.2435994,7.3824177,12.586819,16.424986,15.877755,9.869562,7.7557626,15.588156,28.740587,15.995159,8.653192,10.267801,5.1734567,2.9752524,7.1796303,22.93806,27.888596,32.897827,16.464975,6.518522,12.183644,6.4093494,2.8430429,5.862508,22.488567,22.996328,11.511636,15.132998,18.223312,22.973274,21.474161,18.732359,8.2213745,8.37175,7.548145,2.1184387,7.5505786,12.389098,19.608234,9.80055,16.836872,33.930733,27.366959,22.911894,16.87915,8.205701,6.104344,12.229785,7.6394024,4.7500005,2.164094,1.5960759,7.5104394,14.833933,10.022989,16.588709,30.177982,15.160593,1.665172,1.0440392,0.55916065,1.6771185,3.5275474,6.3268905,6.3111973,3.4095442,1.6480542,7.71856,15.46731,9.580866,7.6658883,10.4569645,7.3335166,5.8975506,5.9315257,8.369357,9.058126,9.032866,6.382199,12.933119,24.241032,12.790285,4.456526,3.023822,2.1593194,1.8293664,2.0719721,5.5670023,5.580471,2.1886404,1.0850042,0.80905664,1.6841033,5.6493425,8.766663,13.439807,8.008228,4.539704,1.9907038,2.5856586,3.2955313,4.662723,6.3722444,6.103333,2.8677874,3.611716,9.037145,16.739931,9.039035,4.1675944,4.8280787,2.3938944,0.20311809,0.28036043,0.29717413,0.5779367,1.0346941,0.60738,13.3508835,26.690691
0,7.866316,7.262615,13.982413,14.468068,9.314274,11.784759,9.497981,8.832519,5.411394,10.482889,21.468998,28.536112,17.943813,13.302092,6.330589,5.793648,5.680704,14.09663,14.585222,20.771263,52.108433,43.77543,40.64682,28.331709,20.844782,20.65818,26.33525,24.007664,24.277256,27.478636,33.994743,66.280334,55.28836,25.94136,20.883768,15.510065,11.799847,13.290316,12.408356,14.018978,10.290665,10.994207,13.389653,14.071576,14.19359,12.431905,16.688541,15.460465,24.068098,32.309425,24.89161,31.197699,48.211964,30.208488,27.347097,30.446669,24.849192,28.632236,58.362026,62.80338,45.1445,15.190449,24.857475,30.707285,16.637693,22.812416,20.99832,14.851534,19.606792,25.829422,12.43268,7.63768,10.530453,8.437819,16.059328,28.982279,25.950922,18.29104,28.01395,18.796787,8.713007,26.544264,38.17928,30.420696,29.308186,26.89243,25.080988,24.3415,31.742765,42.32103,35.817635,30.387384,15.665743,21.341349,25.721645,14.33183,14.201332,13.879543,13.312215,19.921513,14.520754,9.916508,8.987245,16.133686,26.028328,23.001287,20.346756,29.422115,22.672346,35.56111,26.544426,16.868896,16.27586,14.205121,16.972631,17.28657,9.399994,17.966227,13.706996,10.510236,21.074703,18.862976,8.439313,12.867455,11.328105,11.404112,16.360691,19.294731,14.334297,15.975073,19.095316,30.961897,22.583723,7.5355,14.450729,17.641964,9.37512,10.443029,13.400698,11.607877,18.37071,25.146317,10.93273,12.299718,15.406246,9.465228,8.177619,6.5006657,2.8900795,6.4617834,8.127681,13.184265,14.797629,8.697321,12.740468,10.824558,11.1180725,7.345068,8.881979,14.9284525,14.917879,13.353533,9.354539,6.945871,10.561992,17.774273,10.700026,8.744571,5.4643574,6.892974,9.432597,11.944036,15.042426,8.14428,15.704202,16.098492,6.324441,12.393415,21.31438,12.016824,5.9589515,12.929723,10.455541,10.739472,12.163031,9.679285,11.912355,15.805699,18.640888,11.412542,6.0627284,9.666388,14.622538
0,7.8608384,11.589928,9.387912,4.828053,7.4149475,12.549869,14.2946205,11.498758,16.273676,13.245253,6.356829,13.199707,21.71899,15.593824,27.751234,47.06679,48.01045,47.664173,63.90562,27.214882,16.509134,17.672718,20.088284,20.784132,13.442416,16.196842,20.985813,26.12805,27.898397,23.567202,18.43349,33.862785,49.457676,62.193195,122.95606,129.44095,40.899887,47.68802,85.88287,57.357265,22.58373,52.666527,72.83942,42.63923,22.685728,48.38431,46.844776,28.89543,30.308151,51.599766,34.221962,22.828306,69.79435,70.76014,32.121876,20.255533,25.885765,24.486887,17.201962,19.83244,32.116894,39.372692,31.277868,26.913496,16.154943,16.470402,53.084522,84.914024,86.837425,47.49834,26.185644,17.828459,65.71172,103.71576,93.65556,41.121326,24.418266,21.545942,12.685785,10.1802225,8.8973465,23.744791,48.06185,35.44957,28.432884,40.65364,34.610382,16.230574,13.443956,12.426117,58.492355,73.90122,44.96719,38.359158,37.05423,44.530197,35.4722,23.093412,31.794403,27.42592,46.46597,45.542362,43.493237,36.146576,14.5897255,17.67763,43.800488,47.09937,79.35462,75.815735,31.1366,47.803974,30.314823,32.361202,42.63199,38.25518,23.998934,25.754961,17.018185,19.868618,26.870546,28.16476,23.801802,20.81425,27.683613,28.997839,35.053505,28.427122,11.271157,7.0017204,6.588889,15.97484,15.567031,13.463686,51.12036,71.81626,31.826889,31.459627,23.743155,20.582851,20.148111,19.158466,29.578001,42.798893,29.198366,36.92863,40.12306,26.40469,13.602721,25.036503,21.806322,12.663402,12.031192,14.875362,8.133539,11.398328,18.757536,15.886016,25.215818,27.534307,11.344031,17.426907,11.522936,29.704033,30.084856,20.65017,18.975101,24.323183,16.129265,34.77908,31.60571,15.849496,16.803112,29.555897,18.242832,30.622078,46.775265,41.33071,11.395901,10.648137,21.739649,35.237236,24.76373,5.2827444,9.819635,14.064658,8.905983,19.740131,22.312918,16.173164,9.7157135,13.943733,7.5272036
0,0.58697176,7.699952,13.099609,11.00371,13.580546,5.2841654,3.4141958,8.222546,9.290667,15.336485,14.699427,19.355343,16.548939,20.963997,16.528627,20.604994,16.752123,22.815619,46.6549,70.38162,37.648582,35.484493,11.205062,3.0131755,3.4136868,12.384583,43.604748,35.80529,4.9081874,20.80363,49.82049,32.1162,24.56057,35.141514,55.324306,24.420322,13.336997,53.29435,64.696236,20.23138,10.300245,10.745973,9.961222,10.536708,11.428283,21.655325,26.873667,50.543674,41.148533,55.583553,33.90798,34.82195,43.865833,55.06327,20.084896,20.604124,78.12144,75.508965,35.17179,26.742065,4.1687226,7.955211,18.7208,15.000281,19.949537,15.778969,20.462252,18.238892,23.199297,11.316272,9.823668,5.958493,7.070194,18.218847,22.067553,49.618084,38.22995,19.448553,12.741498,7.445386,8.060644,12.704841,8.227866,9.855693,41.64648,55.637283,61.59722,66.48132,16.22395,5.231375,17.743082,15.151627,12.905245,10.802867,14.749806,10.619072,11.887126,7.0881534,6.545082,13.237294,18.506563,7.5785666,7.584742,30.659954,32.033905,15.231873,14.6254835,27.337172,21.911379,19.582125,13.744809,12.486857,40.085667,72.550255,33.19341,1.8481836,8.7199955,11.677344,13.226984,14.499602,11.048717,10.0584135,2.2928696,8.562186,24.891542,17.681984,7.018795,11.518975,21.61734,11.007474,3.7854755,21.235456,30.395079,28.26269,32.30484,17.214323,16.094997,20.283184,17.959826,9.7404175,7.142985,2.080765,7.567541,16.297722,10.225142,9.436291,10.234039,14.461823,5.766837,3.205032,13.606374,15.47529,11.674318,10.897849,9.735425,8.191359,6.588523,11.414239,25.035042,15.778661,10.90803,10.575733,15.178949,6.342404,2.1414175,15.46555,18.85528,8.987199,7.824281,5.743321,9.457933,26.537817,20.156237,3.1535203,2.0244956,2.973379,2.671432,3.907775,9.557099,14.530257,5.5003095,0.3606544,0.86595213,2.9994044,13.329464,13.917931,19.56171,16.29322,10.670182,7.4722524,3.4889364,12.636422,24.981947
0,0.31564626,0.88929945,1.547538,2.8055227,6.998623,7.7520294,4.3210773,2.9132552,2.2170904,1.7844725,11.827875,14.784452,4.558028,1.4701693,2.2321668,5.751297,4.3986845,4.275973,11.380175,8.545534,8.885768,30.87377,26.786482,17.704386,14.287652,25.247847,40.253265,33.262653,26.477488,12.387219,14.271893,15.645732,18.367773,19.568892,19.424631,16.508297,19.921928,20.307816,11.787463,9.720091,9.399564,8.698152,5.200508,1.5217166,3.6192703,13.433238,17.997356,11.363977,6.9835544,3.221046,10.111899,28.178616,41.47806,17.703331,21.266216,32.611626,14.547943,14.46453,23.100557,11.124808,9.406866,17.506712,43.376266,41.649025,10.362387,15.192932,18.629393,22.748993,12.097617,2.0113087,4.2935038,3.1640463,8.558983,20.594908,15.654433,11.661406,3.3689847,5.048782,7.969579,12.77159,10.438544,9.772289,18.517168,27.857332,37.14003,16.81309,9.411185,9.437812,17.16354,19.380524,22.80164,14.921939,15.15084,20.775185,9.97903,3.9798205,6.028142,6.449649,6.451755,5.7446814,10.336567,14.033083,20.815935,12.259701,3.6842232,3.77933,14.173821,17.777233,9.36306,6.14312,5.1431804,8.700787,7.0983324,7.8792896,18.644209,14.175752,9.596564,30.04058,26.107824,16.711483,9.531878,6.003262,1.7236335,3.4403687,3.9022954,4.5302854,2.445421,1.799386,4.057797,17.052116,17.624634,5.3675184,3.0644858,3.5635703,6.585145,18.883875,22.146538,11.699828,7.9045796,6.074381,3.4502482,1.9930582,3.8436167,11.316012,16.188261,20.110395,9.266141,7.130982,8.169054,3.865228,5.079764,7.637787,4.870593,4.1889267,4.984756,8.415254,9.834297,12.001607,6.304149,3.156096,2.3986847,2.4630957,5.5637097,11.020929,11.535714,11.228419,6.1328473,4.2406216,6.885191,15.238847,9.462717,2.7921972,6.0299797,4.6018844,3.162797,1.8864362,2.6106455,3.9386234,6.9705057,6.502188,6.141407,3.5173688,2.8353357,4.12658,11.047262,9.776053,5.254545,5.5182586,4.8301487,2.8310897,4.5840836,8.4492855,14.650311
0,0.3751456,0.82862604,3.7523353,11.142452,27.977295,22.87875,16.489801,16.821249,16.694334,14.034114,11.07309,31.444382,29.965117,27.032467,30.116657,17.629095,3.6634033,3.147204,10.263641,13.306535,15.402385,15.228485,62.405033,71.43745,34.220596,22.555042,17.340372,13.208633,5.477312,17.465406,23.447683,24.556465,50.257862,51.091816,40.06826,62.7074,46.21257,5.213568,5.0878725,24.475643,26.114227,12.104686,5.5706296,9.853192,31.50318,75.05042,51.05858,23.208654,28.497444,29.543427,25.09309,17.90357,27.185995,39.39571,52.466652,68.567085,38.808132,61.710037,101.95374,42.95438,45.54936,60.189884,23.175781,14.455199,12.142934,5.400207,15.66782,14.08129,8.380077,3.04254,5.1716313,9.408089,15.737865,22.586636,18.94224,9.434787,26.58294,49.041477,56.78005,31.82892,47.988262,44.351017,16.157522,37.503136,38.81856,37.32816,32.2745,18.08676,22.164545,44.528503,69.30944,55.257626,13.6395645,9.669457,13.144381,16.819511,20.397003,10.073727,1.7262592,2.6245868,1.1402472,3.3167806,12.581059,26.218676,17.063322,29.243958,46.970554,20.092297,11.385571,14.83225,10.039411,11.725835,44.18088,78.6416,36.073826,4.670151,6.824852,10.912165,9.296871,8.8651,11.686092,20.53898,20.321564,17.188635,22.324545,19.780052,15.618269,5.988719,11.284878,22.85233,35.00044,29.899195,20.33953,7.7088704,13.726326,34.052593,35.10738,13.442192,10.32895,10.024858,14.421897,28.225687,21.852873,14.97714,11.749399,5.797659,11.083887,17.844847,16.00441,10.259219,7.0657783,15.1100855,8.282541,2.5064793,3.977765,1.6971563,2.8128743,14.382437,33.353745,19.8427,5.2309537,9.752831,13.315568,14.318015,15.133054,14.080389,14.249609,12.911753,5.529549,17.750044,24.35079,28.92273,14.032297,18.978529,23.525946,19.358494,10.227846,3.1760106,6.795889,17.919119,14.975108,8.777106,4.0767393,7.817705,8.921602,7.801695,6.062545,9.166707,12.1933975,9.518679,10.650517,10.989665,8.577749
0,2.2793007,3.2792747,4.7010574,3.3764572,5.6348414,4.722063,7.3480906,8.448844,5.7431803,4.3177476,3.5681045,4.6004224,5.514663,5.2427936,13.420421,16.648003,10.542388,6.1995664,5.403225,8.127817,11.724457,11.785671,6.233325,5.842802,11.947527,19.405426,16.764065,12.8039055,29.076061,78.6217,66.19494,33.47832,19.519697,25.260508,46.027596,39.323444,15.002398,19.28779,17.56779,14.564276,13.472228,4.2656536,3.550405,28.936712,45.339138,20.645844,10.28394,7.8757324,3.8260608,3.9064503,3.0058837,1.7065775,3.2512782,5.5807734,8.086128,9.296208,9.794158,10.199498,30.930998,51.285503,52.18443,34.19527,28.727005,46.069214,51.247265,35.804016,23.911238,33.150375,23.004091,15.854191,9.633654,3.4915595,13.940434,32.02905,32.576508,25.07156,13.114521,16.916073,22.981506,15.812962,12.086604,9.3687,3.352505,10.063318,10.360873,5.9573274,4.4242096,3.9195733,19.968653,25.659052,10.282287,10.86304,12.626296,28.8729,45.417038,26.349411,34.699955,20.477991,7.8715,5.7071433,11.91423,7.669186,7.33227,24.572802,26.117653,16.83857,13.831413,20.43782,30.831343,27.596428,13.907202,14.490623,6.6265554,7.780574,10.816848,5.234499,7.6718726,12.324832,6.1090927,6.5107665,4.798063,3.9234009,15.016966,36.07774,22.564575,16.516562,18.895771,11.830519,3.4528968,5.293945,6.3962946,11.444039,14.426706,11.675141,19.638863,21.951723,7.1115155,20.777649,28.227869,16.317907,19.957048,9.845574,7.612539,3.4599745,2.1551955,4.8956323,6.365495,5.4804163,3.380355,4.136741,7.802965,6.943806,7.6176753,9.819364,7.5283933,8.998426,9.505622,6.3582883,6.342145,6.9164987,10.333912,11.086016,6.6050606,12.630118,16.39467,6.5620074,9.796352,17.204435,8.547824,4.47224,8.45349,17.689024,12.588641,7.294881,10.994852,10.443368,6.1000795,3.2669845,3.7817943,6.310283,6.222476,3.142806,3.8958943,7.2515545,7.622145,3.653063,6.555048,9.5169525,4.3861217,9.300264,15.347643,13.009651,11.781479
0,0.028516911,0.047913596,0.22867902,1.9739453,2.5579042,0.7663621,0.07316027,0.040167704,0.04516597,0.093277104,2.8968441,6.5073533,3.6990123,2.75487,33.04934,47.51232,16.379858,3.332353,14.370887,13.645136,2.5552895,13.304391,33.88615,21.166922,1.9330988,28.246786,45.216034,17.777983,7.948691,43.549973,45.82878,10.119336,16.806782,48.507107,33.750355,2.879945,21.830412,38.98886,17.326895,0.86583084,5.020185,5.858921,2.1794174,16.622375,55.397137,42.806545,4.893283,14.434215,28.858896,14.416737,0.455124,3.427801,4.5199423,3.0216725,24.104023,93.4094,80.06297,11.811071,31.162703,69.89347,39.140026,4.0818834,47.160378,67.805176,23.386356,8.901273,40.117004,38.100727,6.943164,11.708015,29.748865,18.580893,1.116598,8.349746,13.367551,5.249015,0.40766352,1.7363762,1.8341819,0.96491337,12.208934,35.40799,24.628635,2.0758677,10.352604,18.43597,8.394889,9.7228565,66.048515,77.068985,19.893616,11.172474,36.630703,28.285841,3.241036,9.444491,18.812792,9.418138,0.9927203,8.645935,11.189315,3.3764305,2.7624893,10.613489,9.100619,1.3673421,12.236234,27.539225,15.419822,0.54710895,4.371161,6.270994,2.4082084,7.6217127,34.810276,33.079247,6.066675,18.987505,48.321552,30.197323,1.6350858,1.7681032,2.7711768,1.3190573,5.069691,27.892958,29.362047,6.4311447,6.3618674,18.339834,12.747104,1.1830547,18.343115,32.77196,14.563979,3.6953025,25.049618,29.2175,7.591223,8.074602,26.706852,20.642326,2.358715,12.202935,24.372484,12.1895485,0.21000406,1.7148974,2.2226741,1.190776,8.59698,33.306248,28.55038,4.2040577,12.119135,27.257502,15.256947,0.75591487,7.5178986,10.81256,3.7267523,0.71140915,3.037737,2.882837,0.6045638,5.9608536,15.16706,9.479425,0.6441651,7.066737,11.305858,4.4647946,2.5327756,13.8604145,14.589522,3.2035718,3.2219534,9.239429,6.42861,0.62310153,11.7557335,20.992664,9.331616,0.3033641,1.2509526,1.4703778,0.649881,5.7661905,19.22305,14.853228,1.6988575,9.141457,18.290375
0,0.57102364,2.729902,10.614801,9.341724,2.4182787,2.9362214,7.514246,20.44992,13.816752,13.759438,15.6738,33.10341,65.650795,32.95613,13.463629,11.827253,12.94183,19.194372,8.987098,15.824646,10.601978,8.45794,9.64571,41.75592,83.42976,42.240658,24.945082,22.476349,81.206276,121.77399,44.30343,6.256237,5.7005277,28.057178,32.0685,12.206009,18.711641,17.814882,61.22847,53.87883,71.03569,105.676704,38.473927,6.3698626,4.373197,12.415111,14.199345,4.886175,6.6477976,3.8201308,7.6221185,7.888047,61.373207,92.06334,34.84834,25.641872,17.332458,21.318733,24.335966,13.74146,24.797909,12.47727,6.02294,7.158303,70.054726,105.12031,40.928764,41.733818,29.040802,53.56912,61.133266,15.306418,2.0753405,5.90287,23.37041,20.452078,4.43807,4.8504467,12.289586,33.48598,23.379421,43.520393,49.678177,12.455121,2.584582,2.0032675,6.5795817,5.84342,15.060816,22.58185,9.210192,11.401054,15.192863,86.721954,99.11466,25.544027,13.3829365,6.6446857,4.306563,3.788064,4.680848,6.9541817,6.8387117,17.365654,12.571144,31.019402,35.429726,24.036688,44.926857,23.477516,26.419477,23.12209,7.7983685,10.362361,11.00031,28.302456,19.289303,27.832766,31.80186,7.9707623,2.216557,13.303178,53.139725,46.48825,7.986745,5.617553,7.891967,21.026306,14.29652,19.562702,22.351196,24.79471,48.45094,26.316746,40.07542,35.060146,13.46178,18.635355,7.7887225,10.820818,7.345854,9.905299,11.319245,4.428676,6.80225,7.37804,26.418177,23.120808,13.56658,19.715069,8.74127,13.537471,9.135999,8.576643,9.773205,4.4177413,7.396496,11.171867,42.439266,37.155117,27.644903,40.695446,15.672579,13.800795,9.228631,4.8143754,5.445702,4.838733,9.260499,5.6837397,13.429772,11.808302,19.199303,28.706795,11.323675,11.760884,7.852028,3.993637,4.5234246,3.3839047,6.4406095,6.96625,24.914654,21.80396,10.735569,15.378353,9.840016,22.125675,15.04215,20.663427,23.598597,6.061219,3.035424
0,14.267167,11.054036,7.529657,12.241766,9.983864,10.485766,12.297682,9.761801,10.794162,11.051893,8.042403,9.811544,10.561416,18.017405,19.85585,13.301638,12.227581,22.004215,16.359823,8.412642,9.480396,9.550945,14.5018015,15.758725,11.353514,9.579502,11.794003,17.53264,14.9941635,9.135487,8.669769,17.013866,20.96204,18.806826,68.64205,164.485,104.48414,28.019747,31.154703,29.461845,27.880457,23.23196,17.451992,13.920994,13.673301,13.38542,16.587894,9.333118,6.0690465,13.209046,18.897968,19.034088,23.844458,26.670776,24.092396,15.984004,15.871036,11.353375,6.3935843,10.948768,12.539493,8.875126,8.696733,9.89799,14.65411,12.225219,28.56844,36.768944,25.758436,64.9101,145.94145,114.25309,38.02215,44.180668,44.55887,37.267094,25.321873,18.406713,22.136189,17.752396,18.179306,16.458986,16.269358,18.62455,13.717561,18.507902,18.287668,31.28437,34.076794,21.075035,8.183906,12.42444,22.75969,21.109715,13.91198,11.707004,9.130579,12.09788,14.614195,15.725991,15.2308,24.70576,32.504124,25.116917,44.63068,74.43225,64.700615,39.976055,41.503918,31.092754,38.166924,30.344578,16.40442,7.798464,5.9080415,11.474736,14.089602,11.1173935,6.7108707,6.604732,10.689904,16.155764,14.882173,15.384605,18.122845,13.296537,17.36658,20.23277,17.961454,15.672911,12.300015,9.224364,4.9329476,5.6652007,4.3043013,7.4955745,18.065819,29.887663,22.770975,47.891174,55.269424,42.468853,25.779015,37.41657,32.347797,25.29773,19.192108,11.7677765,12.488032,11.8658085,13.090186,8.096007,11.301612,11.984498,13.276537,14.18285,9.607537,12.492475,16.000536,19.134874,13.899724,11.717903,9.85503,9.852897,8.96031,8.740906,12.920875,10.670943,9.498275,12.194373,14.204394,21.196594,17.268034,15.352861,21.303719,25.243855,23.065058,25.60723,32.192257,19.016161,10.850388,15.986203,13.388712,5.3651724,6.8168845,7.9332027,13.601912,11.008011,8.793315,8.289536,12.154802,14.126343,16.766388
0,4.056702,7.092991,7.398854,5.288488,3.8767312,5.6376095,8.017659,11.371062,14.637678,28.952398,23.58607,11.808237,8.499513,10.351427,5.6867476,5.862623,11.285924,12.159905,28.536554,28.520494,18.231892,10.719766,8.409563,5.704045,11.474492,16.385145,22.085842,42.47347,41.875576,37.658947,27.399374,23.86262,18.999947,21.256998,21.811075,11.96907,16.836147,22.59499,14.696476,8.826822,10.387056,12.162947,13.018368,11.937101,10.179462,12.991441,15.267391,18.906599,27.55677,22.929134,18.866959,15.820274,19.196888,22.908829,27.858934,27.162834,29.00322,26.780926,29.194002,31.197346,27.256075,27.97923,30.670359,31.505419,15.6288395,15.326821,23.928534,19.93275,18.734188,14.657523,8.415054,11.472368,13.047556,8.923511,6.4635377,10.959607,13.7294035,8.282615,10.477119,15.6684265,23.740026,28.609457,19.938261,15.184397,21.8366,23.759598,19.993587,19.839752,15.519158,25.345247,28.916983,18.498957,14.446188,16.169374,20.389502,14.479396,15.325305,14.53389,11.836631,11.66216,12.493774,7.622481,7.535703,10.947847,10.724385,14.4366455,14.668091,15.670276,23.429737,18.752949,15.172745,16.2833,18.962023,17.400238,19.428728,23.457216,9.638485,11.004991,13.88443,15.716195,10.825764,19.574574,16.78213,10.420119,13.257719,7.59671,9.856815,11.149659,7.8589606,10.761917,16.200739,10.758125,7.5194182,11.437188,7.3511105,4.3709025,6.882138,12.137186,7.9296694,16.03033,21.911823,13.001595,13.858852,10.543904,9.238546,8.520393,11.515733,8.446279,7.3410015,13.554303,12.496946,12.932195,13.951893,8.618402,6.9129395,6.0955987,8.669088,9.579579,13.847493,9.597224,9.311518,8.230955,7.947427,8.71211,6.6241465,5.570795,5.960883,10.381421,10.591763,9.989569,9.64729,10.373841,10.413711,6.401454,4.1698775,4.32355,8.081386,9.491416,12.156785,10.836413,7.668245,5.1271076,4.96907,3.5879676,3.6627908,9.070679,10.877338,9.396093,10.237121,10.317469,5.6678853,5.191183,8.088438
0,4.801303,8.023596,6.257994,10.249178,15.759879,9.834819,9.814063,8.692167,5.8257747,4.333807,10.486722,9.923534,6.9058943,6.4331846,13.101803,15.408435,15.663427,16.947714,17.749727,9.0786705,9.447814,11.503571,12.566616,12.360381,13.992066,37.964024,34.92009,12.9293,28.912113,78.76858,58.114147,27.068867,39.90558,59.19082,42.004047,22.876055,11.34356,17.512606,23.104689,30.353573,33.729557,32.3775,24.316166,28.375948,19.331259,11.814978,22.28485,35.5799,19.248625,8.026178,8.506676,3.7932696,8.325928,14.138759,19.201845,20.321455,14.401773,23.01525,19.962967,13.092969,10.736084,25.389938,54.531,43.087677,15.516647,10.06214,19.885939,52.9809,51.18936,30.686274,9.143238,8.407982,20.205742,19.877724,19.33681,37.656803,45.53958,32.194523,21.076569,31.10549,13.478273,15.154641,15.185267,10.855238,8.656143,18.878521,22.155605,17.652575,5.064237,9.063678,17.147537,21.47399,20.99589,14.69053,5.991688,10.135873,22.270798,25.007544,7.777605,7.7348003,5.247119,18.120558,24.990915,13.362717,8.263042,29.97454,32.6338,25.820206,48.619827,35.44308,28.587536,25.75438,8.090216,3.276549,2.1860628,3.615505,7.38412,12.679563,17.97235,13.536805,6.242358,3.6019752,4.3125567,2.5759423,2.770635,10.390021,16.732183,7.460421,2.0326505,8.105177,12.592462,13.538356,8.279326,18.894867,20.705118,14.054877,14.354496,25.286674,26.889091,22.257908,11.199331,11.087164,13.600479,15.080806,13.685507,5.5174294,11.562328,19.613255,18.49112,7.3515677,3.5550504,1.5270569,0.66099393,3.4929254,7.84194,13.635559,9.973304,8.995167,11.182904,11.616851,5.961222,2.2216623,6.518982,9.198624,4.0484824,4.768552,6.029421,8.1598835,9.815852,4.811517,11.567787,13.270182,14.279199,16.542343,8.418353,17.204426,16.98268,7.2431316,7.799209,11.777178,10.768452,8.747052,8.199172,6.9883547,13.810377,11.490945,3.4390335,4.4204135,6.6980777,8.014059,6.620154,4.574533,8.198253
0,19.006798,33.916454,31.326149,25.15534,29.08837,25.91725,29.536577,31.064148,27.462337,17.176342,13.9684105,15.584177,16.362583,5.7870827,5.258878,5.9109006,10.243846,17.42125,8.784884,1.8722788,0.38333887,2.2897878,6.34706,4.5373206,22.889967,35.113033,13.449409,11.079445,19.674162,37.939793,65.20639,54.195854,37.65023,20.792248,19.814888,23.90835,23.227545,31.180067,42.759342,23.493273,10.596339,6.425039,9.838551,13.416158,28.317682,24.474268,4.57153,5.092886,14.341566,15.1568165,23.213541,36.494278,18.23055,23.053885,26.121555,18.07418,21.08853,36.41584,39.36119,37.123455,48.03936,41.926056,31.054384,21.456589,27.516148,25.225965,23.256157,24.180134,37.28254,74.35877,54.266434,38.906445,52.19192,23.944307,41.614883,40.50272,23.012812,31.663338,26.420033,17.780323,17.265524,31.325342,19.810982,26.318823,28.44963,13.68969,22.497675,21.341223,15.875983,23.030127,55.021214,36.054234,26.528507,31.961918,16.482084,12.009153,37.104713,53.612038,59.230663,49.685757,30.786379,9.506324,15.941539,14.3524475,10.250797,16.183054,22.89092,11.681413,5.6769886,3.320275,3.2017806,3.6954305,3.5499136,7.6963916,9.031764,5.2491784,7.710545,10.2824545,9.585428,5.5807834,13.043918,13.054116,10.660688,6.413137,5.748007,11.269428,17.020075,22.442749,25.976225,12.9642725,10.935763,13.461261,16.066956,38.200016,35.830032,26.309378,9.403539,8.153071,25.7515,24.372202,15.37203,28.717379,15.952113,4.7813067,6.033021,7.1048846,11.960638,11.442973,12.374485,15.968429,8.893326,6.584991,12.774427,18.257736,11.378481,11.470836,12.268783,14.448388,20.78624,21.16359,15.61688,7.088428,8.907816,12.06696,21.165556,21.90379,8.316847,10.023372,21.068066,20.10492,7.0098896,12.066091,9.0700035,5.744831,3.4500082,2.1812043,5.062146,11.471003,13.323865,7.074961,3.3451104,8.259784,9.327744,5.881519,5.8301263,5.816203,4.713404,5.4242606,11.697532,11.585713,9.806334,9.871565,14.350588
0,0.023148153,0.030581355,0.081446685,0.18885766,1.0325377,6.0868683,6.6422677,2.4099631,6.604776,5.430858,19.302185,47.228218,28.562082,10.7193365,18.758966,9.925391,48.525364,63.09486,19.10987,9.22143,8.8813,15.526687,47.309658,34.292778,12.790274,26.334276,14.238871,41.61906,64.742546,24.600492,4.986808,5.594664,6.6909175,25.793613,22.297756,8.504842,20.449913,13.156304,37.6075,70.50476,33.05916,15.236661,21.03208,7.4556065,15.804178,16.279734,7.974784,24.027845,18.536926,45.434288,103.81243,58.994057,14.18439,23.240433,9.726412,17.38559,21.29241,6.4182825,10.398897,9.551269,13.172141,36.97377,25.25929,9.037264,17.625698,10.075675,64.57936,94.55448,33.439674,10.250293,10.974511,5.6622066,18.107838,14.770074,13.060393,31.578806,19.098227,20.82503,36.638096,16.02949,1.7931019,2.276187,3.434185,15.922787,15.492728,7.8642116,22.44889,16.278988,21.790775,46.47729,24.902868,33.412838,51.976746,19.967094,21.737385,25.104216,8.412849,21.898127,18.960985,19.54666,51.01388,32.78908,9.442692,17.242224,8.235725,18.21775,25.113077,9.135688,20.50506,21.109976,4.8863363,6.5720677,5.052396,12.455765,28.43188,16.1886,28.804419,47.634773,19.586443,15.995825,19.604925,5.53325,4.683921,4.303511,8.417843,23.796621,16.25038,14.853217,29.631334,14.871951,13.921111,20.401527,8.109567,22.693523,24.743614,5.762723,2.1120431,1.6400856,5.1919174,12.718928,7.7202625,19.376192,34.09291,14.947191,10.969442,14.25296,5.2054095,14.239372,13.819914,2.7263935,2.4301445,1.7396632,8.844498,18.879234,10.074785,5.7639265,8.96423,4.5893927,20.192217,23.35539,6.071812,5.294204,4.5750284,9.993944,26.271112,16.885881,9.190994,17.14954,8.180681,15.459255,21.3308,7.18536,9.741092,10.014494,4.31224,12.573637,9.667093,3.8848991,8.56239,4.8914433,10.330225,17.081831,7.072629,9.863546,12.076869,3.4339454,2.9288251,2.6842153,2.7957532,7.8307333,5.3472676,14.297099,28.597261
0,0.2832631,1.8132477,5.6885147,4.2847595,0.7159606,0.6329452,2.9128563,4.7464976,6.215986,14.866774,9.413959,9.952918,9.080497,9.239898,12.182219,18.95879,37.238804,18.852552,10.20122,8.202542,18.521967,20.386642,11.707471,17.315502,15.690322,35.434334,31.731192,97.17363,88.31228,22.453661,22.987751,20.044565,37.31153,18.658188,1.8816589,3.4211273,18.949223,20.844889,5.68357,4.8857183,21.628115,53.854507,34.334747,40.19121,36.7789,37.276302,48.939228,22.984129,33.91518,18.9407,26.211891,20.14427,24.667423,27.245066,64.35315,103.97534,55.459873,93.01357,57.43399,18.999,17.105352,12.477558,16.151007,5.182544,2.6828349,18.379765,58.753677,44.286003,23.902613,25.777235,22.01679,34.2859,24.13818,50.091305,30.962948,14.568779,13.3441305,21.005205,27.885397,22.789616,41.91917,21.991516,20.659185,18.448837,61.733704,67.91128,16.525707,6.8469577,3.6004179,6.06411,7.5644093,28.258297,25.707035,13.187435,16.719772,5.9996147,5.8583307,6.468836,18.596708,14.530964,23.6747,25.969097,9.780457,12.559959,5.5245113,5.687568,3.6355863,4.4391165,4.0911846,6.0934706,8.060441,32.088646,64.06562,33.897133,36.800327,27.61406,4.4250426,3.6710227,1.157269,1.3106419,9.350488,23.390602,16.832487,37.987324,34.675674,26.39479,34.26009,14.112981,18.117163,9.138073,3.938994,5.540892,28.568298,31.439455,10.645444,12.35355,10.399837,23.048159,15.8728,29.745338,27.078918,21.041227,27.494179,11.011982,13.606087,7.063311,5.740884,6.228431,26.862947,29.537594,7.171336,3.1381655,2.6708527,5.9072814,3.9596407,6.550016,5.964256,4.9984837,6.552801,10.360375,20.359491,10.22673,2.8552754,2.2309835,3.988235,4.4751587,17.290894,28.029327,11.454435,6.2168903,3.8848264,3.4493315,3.1668231,3.9644864,5.2301507,2.353552,3.4573784,6.0412664,18.602404,14.060966,9.605158,10.436913,9.097704,14.175744,5.733618,1.874054,9.110073,38.45721,35.013054,15.549218,19.139809,7.5149603,8.912749
0,1.4503224,2.632874,4.4529667,4.637181,1.615128,2.3997886,3.101549,12.945312,20.028301,7.971354,7.619676,8.129535,9.4274235,17.412342,21.850208,17.064121,5.5013742,2.9761248,7.463403,5.9335504,5.187235,8.575608,9.631291,9.606383,10.104519,18.859055,39.23055,48.098175,92.217445,117.004234,52.466717,25.219633,38.59722,46.17024,24.392538,12.17377,17.106544,21.461218,21.615143,23.871738,15.114067,11.120222,16.274603,12.471343,10.073242,7.234824,3.3932133,5.319957,13.708544,16.342972,15.492332,11.453651,22.139482,17.0526,39.665436,63.3981,29.98733,60.756668,71.241875,60.561108,24.483606,48.927044,50.587337,36.88472,16.182274,38.700172,32.96096,19.10089,17.593899,19.24441,12.43022,15.632194,25.371498,18.685427,12.151812,8.634624,8.037322,5.4698644,9.024241,15.482443,22.40204,28.422928,21.365068,38.98786,43.085346,19.190859,12.149651,39.733074,40.228977,25.067986,56.992043,67.849915,54.223793,14.092052,9.653296,5.905295,3.6661649,3.9322147,5.2768636,3.870667,9.690378,13.788797,15.3523,7.1801634,12.79537,12.564317,8.835198,19.651907,12.274512,20.17606,28.082855,25.387785,49.460884,42.138306,23.444468,20.461817,13.997129,10.14137,11.711878,32.08826,73.44638,48.89138,15.831246,7.5647945,3.1050787,2.7668805,5.0378094,12.410013,21.999222,14.716749,7.707105,4.248754,7.592678,6.036829,10.39279,10.340087,3.7475746,7.9233313,21.44273,22.207245,15.018793,5.7443585,10.109438,13.503663,16.943584,21.80432,27.640007,19.97657,27.367529,46.360077,23.375753,17.442703,16.979946,12.094348,15.011974,10.066108,5.217932,3.3598945,2.0163543,6.0397525,11.141601,12.491106,4.659505,1.8797252,6.324903,8.033108,7.0033274,3.193362,4.2684665,6.121991,6.79035,4.372535,14.510965,18.786844,22.258503,26.190935,15.329215,21.509796,26.437666,19.456385,24.637987,22.589401,18.589941,14.819455,10.180051,5.4211755,5.8519883,8.558695,4.074513,2.4624095,2.8631268,8.807825,16.538567
0,16.508804,16.237146,13.562719,8.305958,4.727993,6.643553,8.519507,12.296286,10.6935625,6.0881248,4.0548415,6.445955,7.1661825,6.0101995,5.281115,12.036776,10.896077,13.815897,22.449738,27.265795,19.902563,12.145458,12.202273,12.261675,7.8134904,4.6328497,3.7274907,6.6947284,7.3692594,10.742799,10.496926,5.900384,7.009768,11.487144,14.848509,25.62674,44.891827,79.25699,114.42468,104.533165,66.54235,33.011692,24.82053,23.227526,11.019606,4.9764776,7.360302,7.495837,6.660912,10.632925,12.840505,7.9162126,10.142603,17.19361,20.067722,19.220337,27.030638,20.9139,17.949562,26.85433,21.213692,21.885035,22.186995,10.240591,9.348829,8.276473,5.9506435,6.1968436,11.601467,18.772114,16.17278,10.370686,18.068745,36.88851,51.57194,70.18281,91.11988,49.555496,47.019196,48.25468,32.597706,38.40073,26.74643,11.477057,11.67072,19.724033,14.878191,15.423443,15.676578,7.115623,8.590928,14.919127,24.54756,29.528677,19.631245,28.100307,26.061668,17.103577,20.421167,18.52838,20.048553,14.03717,17.608763,20.241022,11.44742,15.336579,13.773221,13.366385,11.852734,10.554957,24.147308,40.02706,53.420097,46.637833,40.955914,51.086803,32.49514,17.017931,24.35841,35.8474,33.210804,21.54989,18.59692,26.068626,18.041658,12.272174,14.286072,11.19932,13.458863,17.626362,12.756359,10.506679,18.254715,18.251749,14.183939,10.6929455,10.488872,9.374383,13.039375,13.2149935,15.566205,20.160297,16.436674,12.145088,8.72685,7.9717164,10.170583,13.452026,14.37815,31.2715,32.27799,21.745623,33.70001,24.85465,17.056345,10.049068,18.689087,21.030664,11.303595,19.668474,22.225546,20.20893,21.111301,13.170381,12.707649,13.06112,10.840333,8.348988,12.418714,17.121826,17.904276,21.957087,14.012623,4.601897,6.2911186,12.21894,16.986607,10.803046,9.550437,9.279948,12.672147,19.75901,17.391933,15.700637,16.737158,13.421236,16.245792,11.991787,17.33234,21.64521,15.796967,12.132787,4.973632
0,0.22691615,3.5600576,6.1863284,4.85689,6.1971965,8.067996,10.228997,5.6212397,5.661627,8.863882,9.144901,10.176735,9.393735,10.823309,11.64703,23.060787,15.539363,1.1839721,6.9448986,14.094866,11.225772,15.308956,8.251028,7.7600646,19.980572,26.543036,24.360796,27.77437,39.999695,41.384872,42.840042,58.323856,150.42001,117.6076,20.09113,15.012952,26.491238,15.902541,4.5835023,14.314946,25.131863,15.303256,16.150663,12.47257,14.862916,18.95168,22.002533,24.17042,25.124777,25.612736,23.267727,17.621729,13.707845,5.0386767,3.5735466,3.1100109,2.700141,4.037948,14.9525795,26.815918,33.751648,49.84835,61.26988,80.32049,61.01575,65.8907,26.239887,21.704905,30.327635,27.584032,5.1972466,13.83765,40.278244,28.902933,14.399378,16.922009,30.716782,25.873138,36.544117,18.80769,14.260012,27.801725,37.814903,22.355888,22.394352,6.1585045,4.153877,17.980429,17.638945,21.07253,17.77535,14.943948,12.982681,19.505198,43.893265,91.24602,49.391613,9.164555,12.223989,18.592287,19.069138,24.857723,11.019953,9.544814,20.8419,22.230955,5.1050487,6.251321,22.723108,19.686369,17.904978,13.363485,9.848933,7.3870015,9.117184,8.926595,13.873307,6.752352,3.330437,20.785309,29.632765,25.011103,28.672441,10.094911,8.479592,24.882917,31.011656,74.36195,62.097733,13.121725,7.470667,1.1495805,3.980379,8.781773,16.666403,30.417639,14.55207,1.1009096,10.827895,15.67532,13.252376,15.38287,8.221407,7.6372504,3.2173088,2.6881394,3.053487,4.4842033,11.736239,10.723534,16.88283,12.711674,14.491376,17.138264,29.446415,14.911352,7.75449,30.782305,45.064686,36.284267,41.57199,13.818645,7.1151743,3.2242315,2.7615154,3.1084435,10.366847,32.347042,24.388994,6.6203094,5.720697,9.15639,6.1452208,6.4959717,3.7315912,3.2344651,3.074285,4.1109886,5.12995,6.385584,5.0444818,5.618317,9.36069,9.545038,10.4269905,9.5579405,10.720759,8.101591,1.4747112,15.302543,35.635906,22.65674,18.524733
0,3.5857067,4.903776,4.9943666,6.8474116,8.788076,6.7408314,7.3597856,13.770926,26.555714,50.83307,30.67161,13.594569,14.756107,22.905195,21.846426,18.178679,10.707106,28.27255,33.77636,26.894352,25.585201,25.342314,18.466099,27.751858,41.338276,38.99517,47.692802,34.36561,18.43543,17.555023,38.98286,34.210968,21.137964,40.868828,38.794594,36.166473,16.842005,13.306668,15.190992,12.463805,13.606098,9.957214,9.110902,15.151731,20.069475,22.991228,32.958706,35.1689,26.82984,28.887169,33.5999,17.082464,19.090872,34.792,31.875568,49.23964,49.233143,28.583878,24.57145,35.271294,22.650303,10.113926,21.061117,22.100357,25.155989,22.255798,11.473023,8.549853,18.024458,27.51647,14.4172325,12.097429,24.077246,19.03162,13.312294,17.121729,21.40898,14.528387,12.039081,24.491676,36.346375,39.888783,32.56321,23.6984,26.615463,25.244999,19.971272,11.330523,11.682302,17.95777,16.476185,10.8106,17.012619,18.5229,8.150513,4.83825,10.645749,11.5568495,11.073666,18.801765,19.347494,14.763793,12.380776,24.75886,21.641335,24.91742,15.980884,17.229204,15.835453,18.692795,21.905024,17.66504,21.23156,21.911367,31.667559,20.053875,11.263758,14.634849,12.099205,16.135384,14.022598,8.965875,13.128596,16.015146,9.637824,9.440869,13.358863,22.648546,17.146814,8.2728405,8.272742,17.97864,21.937857,12.928871,18.76973,26.456688,32.997616,20.342283,11.312968,11.759322,10.540072,8.464049,8.218787,10.979343,19.872696,20.289717,11.005335,3.809227,5.21352,7.2563725,9.114019,9.385332,9.488389,16.10551,12.298347,14.696146,13.586069,6.027279,6.997574,7.617592,11.483102,12.306785,16.290936,11.091725,13.58174,10.275343,4.923949,6.437902,9.575737,23.585445,19.477402,6.2717023,3.42821,3.7450604,4.8897934,8.800123,8.66366,6.9488573,9.925218,8.888087,8.525229,3.7463734,5.3347754,4.374976,2.5828807,3.6336164,9.83421,12.096776,9.821767,12.261558,4.9344125,6.2406735,10.196262
0,1.2296013,3.8004954,5.0839314,3.0010536,4.6893654,4.693519,3.4260798,6.5909705,8.095165,4.448086,5.975856,7.4908466,9.533383,11.45384,19.289202,19.707941,10.014281,3.4766736,6.705537,7.8361406,5.4224563,8.012042,5.3954163,8.518473,11.640698,12.4826355,18.328344,26.802345,53.575138,56.427376,46.596172,37.8957,20.88432,25.285032,32.439003,15.351719,15.480964,18.280916,21.798397,17.183798,13.824912,21.445051,36.123257,36.152027,26.31886,24.280357,21.659472,11.434452,1.8453404,6.090396,13.836008,10.51679,8.640995,7.4422274,5.2063613,6.376878,11.681252,16.408524,21.622784,30.365942,36.481815,24.94349,38.35915,40.82043,31.121061,30.679003,34.07245,29.744047,12.540866,15.213535,26.124853,33.514576,31.049236,23.96703,20.895782,25.617826,15.142622,13.262852,15.518,17.090487,19.428675,13.090418,4.868567,3.5175276,3.480835,2.9512572,4.9065027,7.264706,7.0701704,12.092452,15.603523,13.679083,20.385822,19.393715,27.983477,36.428917,18.54873,5.5186443,8.009574,25.227547,26.02178,14.629688,10.40176,6.855045,18.641378,29.918184,21.02352,12.737979,25.022177,38.35883,19.679588,5.7047195,4.465677,5.5994434,7.4818983,8.524105,11.077233,4.515018,2.9969559,6.489457,6.5945883,5.968531,11.529876,23.128166,19.149979,5.742991,9.098242,16.954445,17.252243,13.291147,10.227093,7.640693,14.459651,10.261682,4.857801,5.2712193,11.719201,29.006706,24.255398,16.980764,11.109913,8.141802,12.05377,11.444044,3.7884946,4.239873,4.5380573,4.8485117,4.4942408,4.9620533,5.079336,4.4866843,5.6782126,8.563961,8.113818,7.702485,10.013691,11.905325,8.632233,6.4328094,4.083245,4.910195,7.8125224,6.2692304,2.931755,6.0386176,8.985217,18.179499,19.839853,11.547588,7.4374614,4.775078,7.877581,6.4835052,3.7281053,1.9632745,2.5062099,3.584697,4.5347958,2.7104084,3.706864,8.169106,8.218314,9.268169,8.178766,3.580047,5.3159213,7.7075863,4.820852,4.5882545,2.7217731,4.532814,7.6659493
0,3.9617376,8.56367,21.081808,29.729929,10.937848,4.776626,9.148321,15.050863,11.02462,38.765453,58.96474,37.51462,22.391218,9.603685,6.561687,19.407833,18.598703,11.2110815,6.7596955,32.78784,49.8151,65.720055,33.83983,45.268253,70.184845,28.326126,21.79916,24.57287,12.462944,44.163754,43.135853,26.499527,28.022434,24.775436,34.775364,60.79829,40.113724,22.243217,4.899676,9.227044,7.027007,4.061408,5.465006,11.0731735,25.168047,39.97305,48.921165,34.47354,11.734678,7.910886,10.626912,9.578497,6.594199,16.399876,15.897198,59.96128,128.19402,71.42919,35.721737,53.55229,22.282454,16.419895,20.013243,8.012267,11.949028,38.095974,60.38179,30.760456,23.452782,24.141443,8.06963,12.755547,14.734475,14.823296,16.094807,30.209164,39.23064,36.794773,20.796745,39.305164,65.50052,27.736143,6.268282,8.554646,15.140069,42.21956,43.73136,26.9086,12.649978,28.688528,38.14754,26.625803,14.50542,4.206233,3.7088964,4.000975,4.874349,5.458715,7.1571617,29.881361,33.051956,25.328363,21.534893,17.383383,12.992095,7.8596616,16.762133,16.657393,12.184677,38.81088,30.66004,21.71779,49.46078,34.941757,25.891268,30.128883,15.346098,13.417306,17.332851,16.3754,10.315587,16.796087,29.120848,17.033087,12.057579,11.321452,4.9056597,13.342776,18.587624,23.002756,14.83689,17.342451,20.893486,7.151333,8.749109,18.739988,29.994549,14.678827,6.3144984,6.537877,4.3060093,20.719898,22.122433,5.965844,7.213989,22.65743,30.92026,12.99259,5.5035577,2.7392683,3.2372932,5.711559,4.6461396,1.891449,5.2861023,22.772503,24.921938,9.018604,6.787542,5.5994406,4.920286,8.189371,6.305349,4.259565,7.4090934,26.961872,22.757195,4.4494987,6.405253,8.665521,8.626858,3.3732197,5.241518,4.870864,6.4140177,14.944825,10.552912,5.7647004,6.654598,8.735432,7.5086083,5.02474,8.42961,7.873267,11.705362,19.516088,9.693536,5.598839,9.5687065,14.053365,9.498371,6.7596292,12.050399
0,10.598886,10.951613,13.592022,9.675028,10.281223,12.841598,21.612633,23.87339,18.806917,11.901084,17.567383,15.6679945,15.212145,20.2281,26.181143,55.524296,76.63307,43.48007,26.111567,9.050168,10.826678,12.033236,12.3066025,15.082678,22.7102,14.541354,23.05032,25.620623,33.806873,32.938744,78.46831,91.24087,99.43115,124.88693,122.86707,56.817806,25.350363,20.519445,20.39733,14.594067,24.611588,25.706709,15.951971,17.565264,28.13664,44.50265,73.033554,70.66343,54.210533,66.68318,45.960503,49.06059,37.168808,20.668806,25.532825,15.555411,9.456486,16.622505,26.189123,31.279308,27.517027,36.19034,38.588993,51.08507,41.52674,54.698875,51.58867,96.47926,90.11252,31.941978,35.88035,31.168415,21.594086,22.465517,66.473206,59.517353,40.553406,47.06439,64.12065,59.58612,63.545296,46.927547,54.280594,85.34556,52.603718,24.528404,18.758947,17.467825,16.633482,27.926693,38.54075,30.019878,26.491385,35.969822,34.740013,25.195454,28.606348,33.83655,30.001934,50.942066,47.191288,45.211414,36.91796,24.294302,37.019302,49.413902,43.17435,43.729908,40.332348,41.189144,37.97379,38.055542,36.373383,45.232605,30.15024,37.225334,48.32515,46.31419,35.889652,23.622305,31.845737,35.416393,16.751902,19.989697,32.130013,19.24142,8.653267,22.005255,26.382185,14.101252,15.286108,21.919168,19.719849,24.119202,26.985186,35.726727,30.739233,32.67104,20.900448,27.572813,39.365795,18.923626,16.42776,26.430515,23.148077,25.885813,27.195831,18.966322,14.798859,18.417414,41.651787,41.434124,24.200853,16.704927,20.900885,19.13002,23.407688,25.051443,22.331068,23.761463,26.630325,28.65693,25.524042,14.638654,12.607637,15.011044,29.067064,33.106754,17.107191,15.563434,16.237862,17.849308,25.366173,34.533,22.642384,18.643585,27.174437,20.314714,11.731475,18.087898,17.728052,14.036826,24.074326,30.51985,30.434278,25.12347,19.45232,12.880469,14.705248,19.687752,12.373661,11.000225,14.707106
0,0.037473995,0.09922618,0.8395432,1.113834,1.5239102,6.0239596,5.3315783,4.364882,10.167932,5.998459,0.8651135,1.4847512,6.234403,32.71333,33.643246,9.376141,17.417246,12.023665,8.580569,15.386323,6.911423,1.7225657,2.1785674,8.2333765,28.994438,23.368755,107.647606,229.37706,122.114,33.757877,47.002464,15.720504,8.931358,8.309842,4.9732857,12.075908,7.6183124,18.078133,29.45233,18.107826,79.687225,86.72429,20.20277,7.284821,5.095343,12.391647,23.727335,11.404202,7.7623096,9.859536,10.468523,38.53905,32.874928,71.30295,161.85738,91.679016,55.409878,81.78896,29.17081,2.0109668,0.8662939,4.3492475,11.90049,8.007041,36.726467,63.516872,31.339872,99.47776,114.57254,29.24686,15.09469,11.406191,14.589583,29.601131,15.160034,11.995105,16.077257,6.7854447,18.675919,16.874334,31.004826,75.14417,45.27508,57.147873,89.50951,34.33453,13.030962,13.52264,8.172755,22.60503,15.92102,38.349075,70.44007,34.056427,77.050156,93.94938,28.528934,45.085342,36.89296,13.507492,27.24373,14.821195,7.36182,10.450528,3.8900216,7.568255,7.213566,3.7252533,9.155627,6.0446014,38.00632,63.213726,26.261507,27.02912,29.948776,10.162479,23.332191,17.37527,33.918964,66.24148,32.887928,42.933216,55.46865,23.152084,64.928444,56.346638,8.916635,5.9060464,3.3756979,4.4647603,6.7358856,5.030137,22.520288,22.722614,8.325471,19.222115,13.040312,15.377249,27.108147,12.495535,27.507118,32.290276,11.457676,27.204718,21.459797,22.056828,45.612175,23.810278,4.4961247,6.318942,12.187958,52.13463,47.908768,9.020983,9.966256,6.069673,1.1318482,1.8397014,5.137437,28.886671,30.84297,7.983736,11.781431,8.452635,5.1247387,9.51987,5.2066746,20.586071,25.593142,9.840134,25.266964,21.108662,10.130235,21.502018,12.001515,17.874794,25.876957,9.8411,18.221624,17.739794,11.826705,30.423021,19.806248,3.7983887,6.1210394,5.2779937,29.108553,32.895454,8.354631,7.377753,5.553782,10.411866,20.751307
0,1.6683148,7.6435285,10.265955,10.212238,8.83143,7.0161324,9.011852,12.568575,23.870241,21.23142,4.49402,21.133059,31.17777,13.314224,8.741853,12.637741,7.8935614,0.50679874,1.102759,3.896122,10.496978,10.903417,14.188223,9.237983,23.239136,67.3168,63.84505,77.12548,65.55302,65.41925,17.45559,6.5966134,12.535963,6.883667,17.93968,66.733055,56.064415,11.206866,47.024513,64.90349,36.474926,28.256569,22.470387,13.564045,6.5054007,7.0486493,12.360971,26.987976,18.049654,9.78208,4.0066514,19.097073,53.458412,37.221657,15.533174,33.107567,36.4275,14.459557,16.408571,27.42343,62.315792,73.33634,38.371265,26.881647,13.048494,19.0928,28.569126,63.48371,52.955463,8.930013,3.139559,3.1551476,11.711471,29.082075,64.0586,42.309654,28.991703,14.7398,15.578237,30.347305,23.570671,21.862347,8.921519,6.050304,14.928398,11.540258,12.140926,49.647034,56.66403,42.318924,29.201647,3.7185268,15.762867,19.563684,19.788448,15.61852,9.1265135,5.5976825,14.029963,50.46289,42.82909,16.629768,46.191074,62.404972,22.244745,12.06542,20.469221,15.076309,14.046369,17.72015,16.455097,4.2756333,5.230937,8.733496,23.413818,27.290985,35.831688,24.223385,6.2487555,9.093853,9.911714,6.8558807,8.663833,13.572877,8.522351,15.202934,46.008644,46.93585,60.02908,37.146976,28.54701,9.782012,4.207499,1.6851795,14.122829,19.536533,12.071294,9.8176365,7.2036576,12.991428,18.639484,19.426613,19.860325,22.813381,14.3024435,3.1695518,5.3345876,5.6039715,4.559928,2.9968505,0.33521274,1.3873761,3.8996027,11.105652,31.841892,56.892193,27.40008,9.1332245,2.4726439,1.4042557,3.5282125,21.501465,28.300646,25.854597,20.532581,3.5706701,19.97824,27.532404,12.520628,10.610796,16.298168,9.480837,1.5971131,7.233047,7.62792,7.8483653,9.765891,13.54543,5.7881737,2.7665865,3.2911322,19.68432,33.637688,18.268064,12.545308,3.0561543,5.131961,9.476095,9.133669,13.751326,33.310646,26.439465,10.936869
0,0.21024935,4.1429243,7.408366,5.28446,6.687026,5.7069144,7.1781983,2.8298848,2.2500038,8.996679,10.455028,11.157267,13.98322,37.486954,34.55837,6.334753,4.4807744,12.482773,9.409025,4.095232,15.853853,37.72301,22.547895,4.433028,2.7676451,2.9648273,14.324967,24.062963,37.203686,54.12993,59.019962,75.761734,74.29515,84.64316,25.272957,12.04503,6.182633,5.6351767,6.6189923,11.797581,35.540024,28.451105,15.463549,36.223106,88.86382,57.925304,32.378403,18.160463,2.9944592,18.651487,33.01539,14.725125,3.5387368,19.21627,27.209347,9.267144,1.9239672,10.3472,12.529333,22.990824,24.624514,32.405678,30.565542,30.81571,25.342375,7.6834664,5.6173987,6.2342644,15.650304,36.47612,34.058918,56.191864,30.207027,8.73672,24.897503,41.43933,64.66056,93.290634,33.924183,2.9766192,13.759972,17.771353,39.530476,42.67467,17.704323,16.216738,28.483461,25.290375,16.661478,14.562849,20.630922,15.509879,14.0157795,8.987975,4.448777,7.3116407,13.802078,7.0720534,2.985223,14.400552,22.771914,9.635134,6.139612,28.118809,35.851906,22.870962,24.391088,38.69613,39.353794,8.332956,1.6192801,2.1416988,1.7756573,0.7370732,2.3218143,6.2469354,11.602452,25.998936,22.28119,33.745674,27.056988,37.9292,18.400415,7.243459,7.969707,11.178279,11.432735,14.43842,16.286919,18.948,5.5334387,5.825385,25.776613,25.10718,7.064802,5.990306,13.121064,10.3000765,1.4091749,0.6840285,1.1361827,8.6897335,19.567162,11.154275,3.8456032,9.7982645,17.102226,22.986149,34.327183,15.559531,11.848813,23.385948,29.422329,11.370451,8.557064,8.913441,8.92623,1.9134948,3.074265,11.255314,12.644653,26.800169,20.208542,9.202854,6.6487603,6.9206343,6.741769,11.28,6.290814,3.79836,13.2236595,21.975592,17.742216,22.973095,8.351995,0.56300676,0.58997566,3.5748928,20.798418,22.532385,6.4153867,6.500089,21.073835,19.630775,23.978542,18.985806,9.826295,6.7815256,1.0997759,7.4240026,16.741554,17.601906,29.566938
0,0.49143225,2.2053525,9.131577,8.361543,1.9089019,2.1118433,1.0523885,2.0100906,1.7055137,8.009006,10.775852,5.7533865,11.615243,9.808069,40.47283,45.171173,18.050636,29.687803,17.850803,41.001354,37.99174,7.821499,6.9703503,11.84062,37.888664,29.154127,9.8964205,12.768144,19.796019,50.042522,32.370514,43.28283,49.115135,89.43492,183.81732,95.56274,26.821499,25.278292,24.346413,40.614697,17.258827,10.5049715,8.1986065,4.513226,6.2171683,13.060033,34.193695,22.128153,7.696973,8.738723,26.721916,56.46868,30.576477,28.658989,27.471336,14.810545,23.867075,15.197953,38.606014,30.782492,19.983604,27.787306,28.362549,72.02969,47.942043,56.542545,66.34007,54.38447,110.93447,59.844025,15.196839,14.791044,21.846573,38.11667,17.87695,24.137627,19.51809,2.587082,1.7957622,26.683552,73.67485,49.30229,5.068342,4.326093,16.9286,37.24345,20.670918,13.8803,13.756566,16.597792,29.202091,16.275099,35.06356,29.044142,37.8134,55.17429,29.103222,60.212044,41.540176,54.422546,66.05284,28.610487,49.282333,27.583181,3.67178,3.6579957,19.55833,35.584015,16.222328,6.39979,5.4476314,13.908805,20.769732,24.87865,68.17277,47.25083,14.964654,17.941273,12.51259,26.113575,15.040296,10.80126,11.062777,10.137421,18.246367,11.9740715,32.134403,27.442146,25.692137,38.539555,17.200592,27.887268,20.213306,40.51149,50.903275,19.111097,28.253258,16.472244,7.9201293,8.245174,11.436809,21.33639,11.582676,23.086432,20.076805,26.31583,40.411438,22.482264,49.19457,35.30136,9.111,10.955084,8.282806,18.106169,10.886275,10.689413,11.323929,15.778539,29.922756,16.719223,33.583576,29.62135,19.052818,29.043077,12.60576,17.359436,12.989277,27.052729,35.170086,13.507243,19.967808,12.569532,20.588083,22.206493,8.122964,12.382482,7.767129,20.484983,18.390404,19.68326,31.149721,16.502647,34.329136,25.503078,7.830294,9.826737,5.2449517,10.532681,6.8208475,12.837654,14.077074,11.475272,21.888115
0,11.279282,10.834719,13.555215,14.233208,8.83937,9.745096,18.308048,19.340982,14.094389,14.034782,12.2051,14.28474,22.25311,29.512808,14.982554,16.380087,16.560457,28.674,32.171593,20.485422,16.42938,11.067567,10.477943,16.52795,19.47118,20.914856,20.690397,19.61924,28.036608,21.20441,10.55339,18.511261,30.412119,36.497883,92.31054,153.37639,106.59611,37.961384,20.351433,31.134012,26.042383,17.57287,21.36087,14.624483,14.0111265,14.32171,23.600985,29.609306,21.481422,23.323877,28.813435,36.54508,38.849457,28.451508,17.624186,9.988249,6.217894,17.408308,26.57707,28.72403,34.209446,29.976994,21.57492,23.356337,19.709608,17.513037,23.875393,60.56438,80.04417,79.539604,104.37288,128.6458,69.77633,38.61334,25.476349,23.1638,20.960304,22.65288,21.882156,15.579849,14.673852,24.33993,27.709436,27.985546,33.69252,19.529734,32.523743,62.075092,48.906902,35.714443,27.764814,9.914442,22.228975,33.11141,33.26657,13.755972,6.449698,14.28748,15.065456,16.18645,14.723275,12.551232,43.487106,59.627205,62.688107,81.53961,61.55568,55.485817,49.044556,26.747599,15.986127,24.271427,17.976833,12.642885,17.130066,15.838774,10.257012,13.7214365,29.87895,26.401793,15.773256,15.823049,21.61116,24.928759,28.341917,27.042671,15.481831,14.130285,14.8621235,18.91721,21.609272,20.924467,18.470701,7.8489275,4.5987616,7.802075,17.74915,22.993227,39.5794,70.23968,60.51917,30.67627,39.65184,38.699253,32.60605,17.078894,15.964228,10.681872,8.078459,14.522493,13.879551,9.733658,7.7609615,5.94639,10.755008,12.190801,13.8094425,18.782188,20.442991,13.88848,17.484991,19.478298,9.613526,11.009716,11.676334,10.033709,7.2547383,5.778199,7.691053,16.521723,17.616192,16.185198,10.122492,34.441483,46.116653,36.14386,25.844566,16.789797,23.127459,32.00117,20.038807,15.166024,14.924634,12.566607,14.368881,12.578826,16.006395,12.949505,12.507705,14.820121,19.94504,14.446147,5.039985
0,1.5213059,5.081521,8.516511,7.8670745,5.379711,3.45187,8.722296,9.855872,6.554639,5.778784,5.6653132,6.8032312,9.555794,11.237966,12.21261,6.47085,7.147138,10.564821,8.4278,6.7632203,7.1012826,9.998792,12.843635,12.306627,8.56709,7.9687047,19.403332,45.001873,59.78241,24.14487,11.088202,20.952015,21.900906,20.141825,13.459414,8.358155,5.026296,6.5664496,11.899583,21.920324,32.33432,27.19888,20.743814,12.9172735,9.510315,13.013561,14.488184,11.383003,10.238677,10.848099,6.0779862,10.064342,15.207285,24.06045,40.741196,27.71397,36.777435,24.865767,19.431849,25.419765,19.91198,11.719582,15.374375,23.673607,21.256008,18.64763,13.213563,25.295269,39.54436,27.67201,30.036827,19.331587,10.878159,23.519318,22.593573,6.1811733,8.022795,11.481798,10.413329,8.521655,11.045777,16.914305,19.577879,13.24946,12.289932,9.039308,7.7913766,16.459621,17.737568,16.011677,16.64387,21.672775,18.099648,16.599403,16.230478,22.845995,27.375605,28.048235,25.364174,10.416031,15.026846,20.94007,15.703275,12.70247,5.751774,5.6849356,8.289989,10.563533,4.780055,6.345922,8.613039,4.507705,5.648774,10.86065,16.057402,14.409491,17.29541,16.013247,11.147435,10.177709,8.313336,8.744697,7.3522625,8.797669,17.715414,17.354671,9.884069,12.940779,13.708583,8.169815,16.843424,18.845974,20.80525,13.997166,7.631919,7.264659,6.872855,13.813312,14.163018,12.380623,6.2608,6.813572,3.6095061,2.8699157,4.727614,4.617271,6.816985,6.332366,4.822795,7.3066697,5.344504,5.635845,5.7227387,3.7816968,5.9034653,16.397343,12.4560175,7.205883,10.441302,10.260163,11.029057,8.27803,3.849687,3.4146786,5.512601,6.768127,6.00764,4.4454784,3.5821743,2.80036,3.9413016,6.7103167,7.8226023,5.215472,8.030454,8.702455,4.0829697,4.8075523,6.521451,6.7210145,6.836908,4.522167,4.236816,5.989932,5.511166,4.1815166,5.934582,7.791589,9.947708,5.2172036,6.1839323,7.437352,3.636717
0,2.0801144,3.8399029,3.991037,8.921726,16.584606,17.507517,14.031835,9.481122,10.414056,23.410454,17.283201,5.4816446,7.775374,9.790701,19.443155,20.357485,6.965857,5.2288985,3.4889266,8.972124,14.556476,7.0176945,5.7778096,5.6549816,9.501598,23.15737,21.776756,16.19839,9.378388,21.59271,35.504288,31.365257,6.0350475,2.916269,7.546777,10.591798,12.4021435,15.532834,43.719727,39.161972,14.729747,9.974764,10.099302,11.07127,10.727288,3.4819067,4.4622636,19.066345,24.73334,15.77849,7.5827336,14.355048,17.26635,5.29797,6.3214693,14.859225,16.67704,6.9725676,9.5371685,9.621002,13.913641,21.522053,22.790785,21.395292,17.27869,6.138155,3.5263093,4.510363,15.592268,24.309668,11.312214,28.732779,28.914415,6.436223,3.969081,5.900986,5.95738,8.5701685,18.012253,10.865246,1.8790905,1.6690955,2.1110067,7.7111864,16.149431,20.596792,12.748081,30.380566,26.1698,4.9005613,5.9063296,19.838745,17.677612,17.777742,32.048523,18.530766,14.463346,15.87844,5.8322015,2.1768436,1.5854747,14.90048,27.947922,14.610573,8.012845,8.389815,7.9895864,6.978424,5.673817,14.664304,24.601547,11.222293,5.297807,10.063595,15.099004,10.892788,6.5927024,6.8931274,10.42922,7.33351,17.824541,18.503239,14.735686,27.06395,16.600819,8.740735,13.699502,12.571494,15.54007,18.573511,19.303125,7.309099,2.0454593,3.252981,6.8833337,11.747732,6.777051,2.0763206,3.9811742,9.310787,16.996887,15.439052,9.822088,5.840406,9.748325,9.853019,8.476816,6.320254,4.076175,3.9226289,3.8725927,2.361187,6.5242653,9.565861,10.89055,10.518102,10.939817,7.197573,3.5760598,6.08376,4.1297517,7.997772,8.361624,3.2666702,3.6860445,9.339173,13.455178,16.18966,12.752844,7.8897896,3.2747157,4.7869134,11.722226,9.9083805,6.6375203,3.667315,7.926572,4.700685,5.4200816,8.14113,7.0609117,7.0004163,5.631518,3.0699131,3.1991928,2.9639902,3.6611578,3.962833,1.8319165,3.7247367,3.1881764,3.4346406,6.3570123
0,1.5711453,4.471666,4.856241,3.138345,8.529419,9.755867,7.278627,4.3307557,4.145968,9.160008,5.6308846,1.1517223,2.9551492,5.758734,8.890919,15.451008,11.6237545,7.1009936,9.75,7.509147,3.901393,6.397789,10.427394,15.634129,18.736935,17.40932,16.414562,25.740095,23.029196,8.07848,3.3839254,3.3143275,8.588724,31.099365,32.468765,14.482803,7.181946,1.9050695,1.1453979,3.041545,5.601366,11.111015,14.075515,15.962293,11.500549,7.21836,5.712471,15.406691,12.514609,9.20037,7.4840007,17.392294,25.577486,17.78456,13.69549,10.586802,13.557703,12.043266,8.2392025,4.0844464,20.384375,37.872192,19.49804,10.778286,14.116278,10.587749,8.636739,6.5097914,23.346394,27.092657,22.289188,15.877187,11.589548,3.7188308,2.9755797,12.608525,32.95813,27.19678,23.07372,19.959059,16.577698,14.55959,12.436165,15.001411,18.908415,9.880554,5.8372245,3.6895568,9.129465,8.787312,7.5646095,9.595896,8.433821,3.5279872,1.64522,10.18727,20.327225,10.347729,12.698166,27.010178,19.571014,16.663832,19.964771,14.727109,12.077451,12.015371,7.4205904,7.143533,18.537436,13.513566,8.057474,7.0677366,11.1968355,14.695199,9.0617695,7.3719196,7.213532,2.669412,0.7016738,3.1750867,11.695105,10.318712,5.201313,7.408053,9.300935,12.697609,9.340679,8.546354,10.041271,19.643658,21.301926,18.070858,12.426203,8.813117,2.3712914,1.7041287,4.3022084,9.797688,6.556917,4.731421,9.288169,10.656284,11.650446,4.056696,12.755899,18.723297,17.152683,12.595018,5.909111,3.7973306,6.5294642,10.147953,11.996032,12.5542555,13.963802,11.869975,9.421905,2.2722468,5.1813297,10.262483,17.917183,9.829024,4.3161354,2.864284,8.074846,9.048311,5.546783,5.9375024,6.3844614,5.341643,4.901288,6.2347617,11.068252,7.9431057,4.5199337,1.7775927,9.371253,13.321172,4.875667,6.7935734,10.215123,6.231725,5.970204,7.491955,7.7288957,7.5992556,8.106253,6.232132,6.2427034,7.536098,3.7071216,4.778595,9.238136
0,0.5080961,1.9235902,2.4545102,2.39976,2.63978,3.5818775,4.386349,4.7043815,5.414827,8.694086,11.499722,5.8616056,23.500221,47.536797,25.630638,11.571273,20.837336,15.940719,10.032615,27.644403,29.499847,22.026672,32.09003,44.215508,46.33387,44.22273,46.45886,24.356598,4.208437,11.437469,9.638837,7.733751,6.0655837,5.793084,6.7731657,42.26036,63.24156,34.776726,23.641705,4.103602,7.2926445,9.23316,3.8868124,9.597649,17.419958,26.263735,31.369816,42.79904,33.970276,31.206224,33.17797,28.798971,6.2761807,4.3231726,7.5934014,20.123816,17.653427,15.1986685,19.002415,28.111006,55.384495,39.13403,21.016308,15.283995,19.321379,33.85729,19.588663,6.02545,5.0012693,3.784584,1.0850329,5.123877,18.265451,49.63457,34.932713,12.714071,13.482896,12.382783,5.5984173,10.170327,14.082407,19.119926,21.236242,28.834332,16.72427,14.030526,28.053152,19.867981,6.500567,19.05802,18.738188,4.0020967,10.04126,13.926964,4.6187754,14.844644,29.800714,22.748732,21.465956,22.523994,20.451466,21.74226,9.435737,4.46629,8.540222,12.053068,15.7028475,12.753901,16.766375,27.823133,23.273504,22.267439,7.239669,2.930289,0.7816229,3.6348078,4.013602,3.7637336,2.3503413,3.6856778,14.836119,14.0235815,11.189062,21.67341,26.536537,19.389542,14.173563,8.237963,10.741112,10.940405,5.1610503,3.0531693,7.4528003,31.300806,28.728119,12.399037,12.029485,13.877483,16.441208,12.818093,6.7641,9.371246,9.648426,2.9979844,2.215928,5.162623,19.545755,18.333593,7.711258,3.9436343,3.842442,13.098398,10.41704,3.3383915,7.6674194,8.428742,3.4447992,2.0202215,4.2971478,19.324144,18.902468,11.315929,6.721273,4.1393666,7.4450307,6.029187,2.3149612,4.9110794,6.267157,9.009773,8.0517845,8.648663,12.381772,14.339151,19.730583,11.951989,4.9767475,3.5755947,4.6490893,7.4881897,4.062454,3.9241261,9.790424,10.477265,12.926967,5.757731,7.5618014,17.19217,12.775441,10.600864,4.0433064,2.4492223,3.4029322
0,8.817328,10.118916,10.772797,14.2958355,15.298593,7.548298,6.9809456,3.8449929,7.9743924,12.854789,37.38484,39.676693,17.056879,17.209318,11.810772,16.485722,17.276154,17.227322,20.970203,20.439753,24.213388,44.899136,26.93232,20.01987,39.38874,32.789143,36.270653,20.260382,25.655794,49.68752,43.774715,33.916626,36.217026,14.097619,29.639696,33.199574,21.599674,18.084465,14.044044,19.002478,22.390295,20.764353,10.629176,14.555925,21.141716,18.454525,24.565887,22.77168,15.31421,16.506554,49.50897,45.752274,23.278196,12.2636795,22.15845,34.543396,24.38186,14.553335,26.58504,20.365597,29.597542,50.1664,35.841995,23.395927,36.276115,36.12976,14.308799,9.765145,12.0055685,14.076955,11.383515,16.248213,12.531174,17.791027,18.618765,22.267427,43.97879,34.55844,21.377226,13.54988,14.271312,19.065357,11.812122,22.885838,25.533087,28.632483,37.84218,36.687836,27.645826,14.989301,13.848182,21.376116,17.098673,10.554001,19.153807,31.50696,26.206581,17.180992,12.299676,15.258924,13.559871,8.138235,4.555292,10.401247,27.530785,35.73046,29.063086,21.238815,24.744356,18.738565,17.710392,19.51842,11.961618,10.650007,10.24659,24.45441,23.381807,30.064579,19.485298,13.121638,16.39209,15.668279,9.998954,10.331712,18.920694,24.366161,24.309616,17.99533,13.316404,12.063422,5.290338,4.5976925,6.4098983,15.031717,24.860714,20.524805,14.756191,15.948983,21.077038,16.96222,15.79513,23.78999,12.6116,5.059431,12.303729,18.88409,16.610828,11.669441,8.088014,8.335615,5.7837358,14.5121975,15.860483,14.090772,17.734276,11.996427,9.006252,4.918601,3.477474,2.7582817,4.630868,5.552373,4.7452493,9.397692,10.417382,8.039971,5.3305125,11.52357,16.60707,11.222174,8.592556,7.1198525,6.3939033,9.893629,9.371127,6.1910486,4.786804,6.552975,11.989414,11.89041,9.323856,17.901554,16.834578,8.63379,7.28252,7.6054454,8.87531,4.5072227,3.1752918,5.8382263,7.9291005,8.108109,13.456627
0,0.94768673,2.2844048,8.483126,14.7754965,15.398911,12.051368,5.1816792,5.677355,6.610628,7.85868,8.684189,5.4659038,2.7296817,6.5144076,12.1351595,18.68886,28.471224,16.137781,7.8359423,6.3832645,12.53732,12.727099,12.651203,16.423313,14.985915,13.049321,8.877682,12.887448,32.16809,67.78925,98.38238,98.95201,45.30477,36.91314,29.43864,7.126176,3.2262406,7.027299,10.931242,10.838541,8.664482,8.628046,16.528345,19.519615,22.438929,26.075287,22.136652,19.226473,15.0981455,18.976206,16.587652,4.6273317,12.338125,12.166915,15.315806,35.992325,26.678125,11.482838,26.422812,40.307316,49.43413,54.910885,40.258904,31.498774,29.877344,22.023182,15.534797,8.784664,30.041214,25.038761,5.431819,11.454946,11.428015,16.848812,35.032833,23.093653,11.55433,23.323677,14.809177,11.391204,18.123758,9.24262,7.947289,13.680085,11.107106,9.534853,8.534447,7.8352275,26.605825,43.928577,69.43959,55.92177,41.375694,13.042729,4.6637797,3.7788322,5.886227,8.996665,20.014078,33.16131,32.429306,33.062664,34.509632,12.942884,10.87859,17.278652,25.134073,16.09126,1.680599,5.8453426,30.869713,33.00416,10.41088,3.859301,2.3080544,3.9421618,3.1040335,19.87409,31.117617,23.722328,34.740734,42.277573,13.962332,7.957678,14.171469,25.104712,17.555143,11.681397,8.967526,8.907763,7.5301204,9.009745,32.146656,29.161835,17.94872,8.280477,14.069157,21.530489,29.801256,21.488728,12.145337,3.9382045,9.328081,9.872334,2.9781587,5.7409897,8.698104,12.649299,15.079838,11.836933,4.2112565,12.10468,9.141683,8.4654455,21.180803,14.737092,10.056645,17.77393,14.588194,12.677795,13.158804,21.64413,19.642132,4.410827,5.4142504,10.131197,14.043784,5.460777,7.105741,9.9091425,7.6966305,12.408303,14.875311,12.687974,6.9326806,8.083392,16.246431,11.494943,7.770758,3.4196641,7.1231847,7.0101933,6.1118116,5.8596478,4.575085,3.5211074,4.8314176,3.9347744,7.573334,16.006235,9.964589,8.125864,13.851855
0,6.697831,9.275627,5.993711,8.789304,18.989597,21.931833,13.229302,19.0318,44.582813,49.070614,42.703617,27.933043,10.931186,14.789057,23.072027,18.125046,14.572776,18.413921,62.33617,62.23863,13.957189,14.112235,31.931578,47.85885,33.503796,33.625603,30.860441,57.80866,83.40818,48.56651,19.676296,25.170649,29.854044,74.15258,76.44274,27.46953,31.427416,17.531103,14.88124,11.164294,8.6617985,27.09587,35.153255,32.558235,42.997917,26.648708,27.61714,19.537548,17.745188,25.831722,30.928299,60.380817,109.05292,60.869312,13.253857,15.293408,23.976595,26.900774,22.278553,16.338984,34.555058,86.46006,74.49914,34.665882,15.8873625,21.252838,8.862274,11.436267,22.522947,26.832987,19.577173,18.315989,27.470984,23.647251,18.816555,35.52515,33.62485,24.393785,18.567574,47.0682,70.21145,44.41205,25.335243,29.739298,40.554382,51.38253,47.830944,26.792423,29.684353,42.000645,29.530132,29.474077,34.192936,31.435535,35.380962,47.10108,24.910393,15.415426,8.336342,5.8167562,6.0538745,10.248786,22.25682,33.766357,31.855652,27.166372,24.291048,30.654505,30.085218,23.522182,32.930687,25.285488,18.102951,50.581238,44.25624,18.365412,25.19983,37.20907,23.858313,13.874466,8.513947,23.110298,35.83582,40.531803,36.41103,28.66222,17.264519,11.0170555,25.565166,22.592482,13.67309,20.504278,23.764086,16.901072,15.934592,24.608665,43.46509,39.755455,13.510754,11.944581,14.788051,32.560898,25.229456,22.885464,41.432144,43.56482,24.647427,29.086521,13.684632,6.2452397,15.621511,13.879189,20.558733,25.860909,15.486564,20.109625,14.55308,18.773315,25.148706,20.320093,3.923589,9.7824,19.740803,24.363007,30.654692,25.375738,15.408618,21.643625,28.853136,19.968342,21.023355,19.633179,19.410397,13.297753,16.474283,22.421423,16.347227,13.9627905,29.434214,26.326765,18.65468,10.6447935,12.7712,17.453304,6.3823276,13.697103,37.339096,30.913315,23.418903,22.108923,16.329317,8.097407,5.4919434
0,0.47861674,5.2362757,13.262551,9.006006,11.119474,8.952533,10.194101,9.768512,2.4742763,2.7638226,25.553413,37.62349,13.673823,5.094741,2.3490455,0.7259046,1.3900926,4.0203724,2.9089487,0.6224583,1.2545056,7.0265656,7.785621,7.7923737,10.422718,48.56082,82.28252,34.586617,1.7938989,2.7865994,7.345937,5.550668,9.323092,7.882124,8.660489,9.980719,40.197086,50.726154,19.107368,19.447765,7.5601735,2.5636392,2.7732553,6.260935,4.1070714,4.6708784,6.067478,22.65053,21.487913,5.7050133,6.04393,43.105244,62.449257,28.298933,32.3396,15.639527,12.535208,7.172477,1.3397237,4.916273,19.582518,19.243427,51.815067,56.228428,13.370334,4.9384613,4.051519,6.261423,11.742061,24.05269,14.680416,20.592186,14.874616,22.686665,18.523205,5.41431,5.66997,22.079514,27.465288,20.80011,29.631357,15.466319,20.471506,9.932127,1.6644075,1.3110114,2.5761404,9.11754,39.715714,37.153576,9.529562,8.068078,14.334134,20.217415,20.338049,33.92545,15.445853,8.31648,16.983662,47.977726,33.73043,10.001255,8.374894,7.357734,7.881947,11.034729,14.399929,13.796668,21.387306,13.484863,21.582338,11.235249,3.3684254,4.4237556,13.6858015,11.013497,3.2609072,3.0151665,4.413643,5.354791,2.8793848,3.7759984,9.623407,18.148607,11.628398,19.146116,12.01894,11.103491,8.407974,7.3518023,6.7986994,5.236141,6.074145,20.123617,28.182278,11.078685,10.373423,4.9405046,4.4184203,4.2586436,10.10469,6.9742217,0.71685934,1.7123436,9.28106,9.806059,5.778362,6.9645314,5.1517735,7.5625405,6.204148,10.959308,7.2534375,11.950437,7.74462,5.007889,3.9750528,1.9792687,2.6685374,14.264357,17.209703,7.962799,9.73987,4.948307,6.449453,7.413305,16.205568,9.60388,3.4924614,3.454226,10.032418,9.108769,2.2102928,1.9572947,8.025001,11.083052,6.7893677,9.813763,6.8174667,11.59238,6.314776,1.0195467,0.68938607,0.24029477,1.4475127,7.7395844,8.033917,1.7386,0.6620891,10.066452,16.030966,6.3134446,1.5067319
0,1.0147744,4.1961074,5.5245576,5.5229254,9.56485,16.284962,7.9362674,7.0315785,21.200714,15.788097,4.7731776,21.232399,24.215197,15.519222,12.558775,12.409006,7.41599,7.394565,13.262346,9.109221,3.769711,7.34281,8.75129,12.214473,9.198878,15.001353,62.994667,61.537266,14.3889265,8.928772,11.5999,20.165257,18.97175,11.069816,34.412956,48.559975,33.39722,37.318287,59.395943,33.948326,13.12979,18.123941,15.941525,11.646091,7.168355,5.250253,6.7903924,20.02425,38.579826,24.531303,18.972288,14.194329,14.517561,19.951883,23.297241,29.86018,50.538033,37.186428,7.504317,6.110796,14.296567,38.638203,28.264402,15.510581,50.519123,54.644047,30.639864,20.337708,14.513515,50.597904,51.790314,14.9657,20.896633,30.973167,17.754818,14.866838,18.108696,14.321383,13.671091,7.9344296,8.33563,14.23441,32.30404,44.23365,15.718861,18.394123,39.735344,25.143778,16.525568,12.813176,11.398396,11.711263,31.297117,39.834133,15.763063,23.02924,43.00166,23.467379,16.021496,37.68332,29.688833,11.344322,6.8109584,7.2702045,16.244713,12.028588,3.795789,20.985722,24.575998,21.319822,14.473253,2.5012214,11.904968,14.313463,18.028183,13.347955,10.093834,12.173174,18.473927,37.20113,32.075123,33.38732,19.439823,14.750385,7.050732,6.5009956,7.7120867,6.762379,6.186454,5.4639697,14.272051,19.761543,8.932806,16.473345,34.514668,19.129747,1.7728546,0.5647446,4.055651,8.535986,4.8414507,4.8339553,15.195584,13.686166,12.342032,17.8519,21.655788,22.52648,16.852182,2.3360524,8.514728,11.11935,15.282106,11.297311,4.57503,17.514345,22.254927,31.29235,22.206324,8.153654,16.866047,19.062634,20.485695,14.212591,6.9855013,7.1405945,7.572144,9.106359,7.79664,8.403675,11.536374,13.660227,20.339375,13.982554,10.333693,13.969242,12.596294,2.7737684,6.9960313,9.804997,4.2602234,8.841102,19.051756,21.855045,25.806456,9.145814,3.5781295,1.1410689,8.634105,11.296687,7.407766,8.672176,13.608219
0,5.603566,11.804511,10.852488,4.2357435,1.6585602,3.1653523,8.397532,15.908777,26.636156,32.930668,35.48339,14.9284725,6.6360507,15.521024,27.077524,17.250162,13.462692,12.537928,7.4435115,7.8061037,32.669395,57.94961,77.49563,57.120667,24.909132,22.186481,12.629427,5.068086,4.343179,12.02541,8.263695,51.060238,102.20939,53.194332,28.974922,42.311615,49.122246,46.300858,38.95994,18.2451,30.008787,31.923225,31.237944,25.232006,14.287197,10.418264,18.891432,24.472034,44.19058,53.182785,25.996029,39.401672,51.217484,59.271385,33.06301,16.775978,19.312826,41.046173,24.22777,40.418713,61.21222,23.828768,36.931934,46.740765,40.255936,19.601799,23.963966,37.38652,35.856335,25.082607,28.836273,47.27555,24.831074,23.811453,31.169292,19.95668,29.162628,31.56254,26.022427,17.01727,28.54269,42.294666,56.27316,32.73656,49.994175,81.9192,44.318497,25.718384,18.814186,13.272878,13.379673,26.655443,39.3256,31.622103,19.927626,8.573475,12.095925,16.850315,15.468858,11.930248,13.64624,8.49165,21.576351,40.412468,18.983053,3.9429038,6.0918465,9.337135,20.111282,26.91037,32.5826,26.90647,30.985489,37.753338,43.217278,24.536055,9.531907,13.127661,8.386716,11.545242,14.967756,18.527126,39.15265,38.785206,29.564394,35.78214,23.541834,4.752843,6.5565596,4.5463095,4.955617,7.5103164,12.172644,13.005031,23.704163,39.404255,24.762104,14.5605545,8.060131,10.981985,7.435528,13.939931,23.709055,12.608335,38.665035,49.993652,16.035631,13.924912,16.775148,18.112473,18.377638,15.064244,12.779185,15.373071,20.459728,17.690817,6.1550956,4.959391,9.398558,10.662719,6.3178096,11.592309,10.093528,6.612532,14.568576,9.833993,18.222013,33.726875,17.679832,10.169107,12.728676,16.391743,10.458833,5.738562,7.0957317,4.6636996,26.2107,34.30181,13.97367,5.8517365,2.4595804,3.0592902,7.3330593,5.2991447,14.213322,30.430357,19.077492,13.637638,15.551522,7.7759404,5.6029253,6.440653,8.190814
0,0.26442653,1.0530576,5.013224,4.985201,1.6329459,2.5910478,2.2189372,8.596308,8.381604,3.3796217,5.7958574,6.607322,27.652882,26.483095,4.8885245,0.83432335,3.0423665,13.663603,12.857951,8.4475,14.992632,7.9389524,16.5523,15.31362,12.294862,21.884394,10.0784025,7.3872113,6.721558,13.38515,23.802977,11.543729,18.688732,16.727837,22.49302,39.044,18.289803,28.332052,24.865355,4.1411514,2.5921652,1.701417,5.1699834,4.5217237,17.942764,30.209951,12.986654,11.331504,9.622645,13.920065,22.951359,10.836996,19.76274,16.46883,3.3669038,4.1101727,2.4470925,6.6433544,5.575641,24.318708,38.811764,15.728258,15.101285,12.19132,18.49237,28.829346,11.304302,7.6892304,6.0795302,1.0996262,1.5440592,10.69302,35.865784,27.866173,10.550058,15.253742,8.2895565,19.849232,15.153547,2.021227,1.8211334,7.203098,22.942858,17.286493,18.478085,26.763632,9.635438,6.3646197,4.703179,6.661698,9.530315,5.6111755,14.062533,10.175682,2.0133796,2.5364661,9.248232,27.434963,19.514086,1.8225547,0.86537784,5.6164436,16.369226,11.516774,12.591285,17.01842,6.8960323,11.866918,8.213742,11.4924965,15.315331,5.2831764,6.4435453,4.932801,21.0404,27.546011,10.474349,16.747906,11.094547,2.7506657,3.3926039,1.0122844,0.2176788,0.21864079,1.3697371,1.7993096,9.097534,23.717001,15.180141,7.573983,9.329015,4.016521,7.629523,4.784109,0.9203804,1.089035,3.1687398,7.883112,4.994577,9.15523,10.984415,4.2730184,7.4586105,4.523332,2.2103868,2.6073024,5.747516,13.6982,8.242865,8.668387,10.036386,3.627601,6.1164603,3.9406545,10.726344,12.212594,3.0417829,0.66177654,1.2616973,7.5920644,8.494653,3.4039555,6.0611534,3.4783418,4.716174,5.185365,1.7081099,2.6034336,1.5505853,3.3173494,3.5893142,2.1858535,4.409532,2.8992295,9.125242,9.695815,2.4710226,2.6481876,1.748868,5.636274,5.886019,1.4468348,1.5129807,2.640591,13.218811,13.564827,5.2345653,8.895551,4.543939,1.0118692,1.0215467,5.8215566,11.641041
0,3.3459125,5.9105053,6.6042023,13.304559,20.948126,9.445807,5.8159137,6.764665,8.964486,14.927636,8.676423,19.474865,25.14008,12.810893,12.911947,9.67311,4.6043386,7.512312,18.971731,12.948967,7.291261,13.583333,24.568943,17.53728,32.32538,43.282368,39.530155,21.026642,8.761836,13.23399,20.757957,11.818861,10.662275,21.661055,30.972876,32.016872,18.258183,22.106455,41.163628,60.551945,46.521465,30.373714,21.73431,26.121136,30.01405,20.18703,12.921908,15.108287,21.346178,10.60658,7.44918,11.5971155,19.19157,36.580395,25.45375,11.185948,10.811421,13.641005,21.277315,30.251299,32.457058,14.930142,11.358009,9.71422,30.602098,55.07705,67.72065,42.084053,11.066081,7.8873997,8.882255,30.284191,37.943172,36.147293,16.158745,12.075159,20.407438,21.304731,17.89177,35.142944,21.874073,7.4478526,8.171326,6.780561,3.728854,11.100363,21.809298,31.382261,14.718879,7.6648216,21.342056,30.791473,12.864426,24.039595,21.948025,10.654221,15.140246,26.04582,31.195948,28.49084,11.270863,17.894035,14.656694,11.6376705,19.579016,37.414276,34.19332,25.869587,16.059017,12.36191,6.747177,5.277825,6.257863,7.616753,10.456089,9.486983,15.812621,20.50905,9.286626,15.467269,13.156307,16.931602,29.810217,15.025622,8.56785,13.919652,19.089586,15.189036,11.366704,10.513327,16.603977,27.127798,14.959131,4.4237137,7.643037,15.242305,22.297691,14.976571,7.676185,10.816141,4.6610584,1.9763899,6.1528263,7.977199,4.8685784,13.651243,11.75427,7.8119416,8.342076,6.5469165,4.807725,12.916,19.740746,17.214077,9.062665,3.48236,5.9305406,10.536045,22.508535,17.200294,6.445354,3.449009,5.644657,4.2907577,4.0149007,4.718194,2.4724293,3.1742096,3.100189,15.576274,28.554184,14.183889,4.4294176,5.9500494,8.727061,5.906254,7.027205,6.03367,3.7716198,6.823131,5.3503165,4.1172385,5.1244717,7.457693,4.9995174,3.5972378,4.3535204,8.927188,16.828495,10.782508,8.690589,12.379038,14.79293
0,2.1863036,14.794619,21.85274,7.6429086,6.3844924,21.859941,19.075361,18.051878,10.859783,4.8751807,12.250837,15.115467,6.3853292,6.977048,15.304454,13.082463,15.822944,13.635062,17.141815,34.529663,36.7761,14.999346,24.709412,53.849945,48.031544,61.1196,53.139675,59.8465,61.205597,55.380093,22.5191,17.60137,21.11098,11.860705,9.81755,34.137306,36.727165,13.9692135,13.227444,22.612286,20.06609,25.459303,14.9215975,16.736088,47.022766,44.065704,22.67738,38.854584,72.1793,45.50374,40.839268,17.68461,20.473324,59.546932,48.042343,16.016039,10.163298,9.675165,33.387417,41.83058,24.169586,25.445621,47.463516,33.64909,17.651424,16.481373,20.490332,9.404081,8.712659,20.182852,16.648354,10.142108,21.777527,35.622177,16.537182,15.090561,54.51062,51.059944,20.594732,13.331238,7.312975,8.881469,13.102064,33.73354,38.2314,46.245213,36.76159,10.729307,17.73948,28.594664,13.035518,6.4066844,2.554928,4.715257,12.604749,10.851666,12.996036,11.092467,13.783814,25.851528,27.874868,18.909922,15.216648,12.522211,10.295034,12.614526,17.328444,21.4558,25.069494,29.921854,56.931065,52.469963,70.79267,35.9792,10.297055,16.498917,17.76254,13.550662,11.4753,11.697181,17.656887,27.658155,16.886253,15.186466,4.4996815,4.916539,13.59431,15.861767,25.814302,13.2312975,5.4127474,20.360836,22.618809,21.766712,17.918955,13.942254,22.516138,35.92207,48.562637,57.94581,18.799522,8.639536,2.7171493,1.6021156,1.4758371,18.186243,26.451435,9.330927,3.838645,12.731825,12.334657,16.786604,15.467236,20.117195,9.227263,4.885399,6.284654,9.370627,21.441256,22.877705,35.29981,23.79842,23.62874,17.336899,16.759335,13.751448,10.639349,1.38246,7.1082225,12.067799,5.473936,2.8302386,4.9288225,5.9813986,11.359877,9.142781,9.428478,4.7355156,0.9508667,3.0645807,3.7842677,6.543539,5.2252326,1.3895978,3.0786479,5.5931196,20.232887,25.350403,15.994241,13.770385,10.282808,8.088887,8.327222
0,3.1591933,4.6332316,17.791613,17.763813,7.0474668,10.494318,8.358533,10.099575,14.699159,12.568141,12.039934,27.078953,32.686867,14.022716,10.429804,9.960732,13.238099,11.983903,12.540353,7.711325,11.524971,27.56895,35.74555,62.710308,47.67603,29.719501,40.04053,20.55739,36.850758,29.704548,14.160724,27.963758,47.412025,58.5061,48.21874,37.591236,27.220085,25.403786,24.156456,10.437023,11.843582,17.973503,18.860725,11.942278,13.453939,8.68044,14.625179,22.19242,22.302755,34.325092,27.390854,28.886147,29.987947,17.185015,39.320576,62.593704,27.982723,8.378657,22.459805,44.766396,31.828587,45.935036,45.101994,24.074545,14.754973,12.886352,39.7666,38.782127,14.993501,22.47023,16.263533,11.228456,11.049055,9.815662,21.216711,24.654211,12.620025,19.702606,26.711803,15.870424,17.062569,19.716913,23.170738,31.87627,36.432148,33.783913,14.3638315,12.478788,18.63298,35.960293,31.23408,22.226202,40.473976,30.596914,18.40675,27.580954,19.23628,8.056309,8.897966,14.00655,9.007266,8.277095,6.8503604,2.4523923,5.000395,6.641965,17.222015,19.401196,23.989805,16.650225,17.478706,18.58433,27.404861,20.510946,13.981125,19.16942,31.87381,27.263355,27.410898,15.835448,18.461042,19.117483,8.245718,13.872002,22.648182,23.392088,16.496372,17.455877,27.324953,23.805517,18.087467,11.5244255,8.353897,14.232276,14.211328,9.722151,16.039564,14.307487,10.052204,20.65641,21.490152,13.752093,9.71344,20.08923,29.539429,14.100229,7.7020955,6.696489,9.257937,5.2862873,7.8641014,13.476297,9.954167,10.475542,17.4682,16.576445,9.637332,10.861293,12.617439,13.377448,10.26032,6.548592,5.625148,8.471684,4.454482,4.2333355,12.052032,18.652544,14.991879,8.672291,4.930663,4.6960206,5.284612,7.3586264,9.159394,4.438019,8.988115,13.949801,14.761793,15.140382,11.598978,10.763444,10.614478,8.618057,7.042073,6.3464375,7.5817585,12.490817,6.8619113,6.6411986,6.9611735,10.06178,17.220139
0,12.930595,12.385184,10.567339,9.186943,9.858954,8.961509,10.581806,11.354859,10.333067,9.969431,7.712892,7.2135253,7.54157,11.736782,11.278482,10.159472,16.658026,18.082827,21.541985,14.570511,10.206241,8.76331,8.54461,9.8664875,11.690855,13.822977,13.279954,9.75687,14.391506,17.623753,16.904242,16.323263,18.725277,24.434448,29.614973,49.99493,83.472496,95.858795,64.71554,29.33705,24.388706,22.887457,22.453787,18.686714,12.969194,18.949467,24.49339,17.396658,12.577708,16.335938,12.918924,22.60119,18.335571,17.499216,26.830153,20.545858,16.356485,18.87527,15.369921,13.278545,13.741405,14.366662,12.654205,12.455053,12.7292,17.31912,23.13158,18.92499,15.68983,26.615679,36.431866,37.06761,47.01984,54.370903,75.54605,68.30952,26.672342,21.155836,23.490839,16.897768,10.97406,9.867457,10.726297,9.356672,12.011213,11.6812525,9.096492,12.12863,18.386799,17.501713,20.874722,17.741785,14.132238,18.898582,17.734632,17.17227,13.282363,13.460176,15.439917,16.02038,19.505117,25.723541,16.376339,12.126295,11.799274,22.991215,25.868767,22.470743,33.15336,26.616255,24.320406,50.046352,37.412106,16.902176,15.366304,14.894741,10.303422,10.64021,15.977581,14.625465,19.942028,17.149368,9.286822,9.235762,11.629597,11.511429,16.831985,11.686179,9.739997,10.319944,13.240413,9.206974,6.025267,7.512008,7.925894,10.088707,14.830919,15.393051,11.17795,7.4622016,5.4735465,14.421499,20.778006,13.866744,20.945196,24.464048,20.571793,20.253586,24.621672,29.365738,18.935366,9.664907,11.064493,9.857281,8.685884,11.251607,13.250556,9.533104,8.605004,5.386076,8.477689,10.33482,11.419346,10.528987,9.501006,10.882946,10.091378,13.070059,17.805574,12.334737,11.508735,10.275762,10.340665,11.8552885,11.081919,8.275997,8.551289,6.610314,12.331841,11.214551,11.779263,8.759569,11.413034,13.27179,9.960386,11.763826,12.644519,7.4351497,7.2832623,7.246403,5.830601,5.6208963,3.6836138
0,2.8675725,5.142706,6.0016723,8.402011,6.1516314,8.295504,5.364655,4.099405,6.250487,9.199387,8.527589,4.4624577,11.811991,43.505753,44.042152,12.490076,5.1891165,4.9392114,6.6940722,6.7667975,4.193915,5.7692084,8.994335,14.210859,14.80458,18.622213,43.10126,79.13034,77.9006,51.98993,60.74871,30.081427,14.650923,10.170315,11.025826,10.326219,14.782915,41.026215,31.360914,30.927843,54.136494,60.88837,39.017563,45.286995,44.39814,22.450453,14.393362,4.990155,5.7300024,5.989511,6.903867,8.667589,9.10369,25.574005,31.372322,21.580276,15.193152,30.043547,37.643036,35.510326,25.019588,13.487448,10.118746,19.96715,38.437542,55.0263,48.932877,41.162243,33.093502,25.822186,45.509514,57.840576,52.676815,48.199234,32.430145,16.1244,16.401287,18.266935,19.374891,24.46629,27.471413,20.044361,12.665479,10.002819,15.097834,11.51412,11.620553,21.309595,19.12872,7.268553,12.826701,23.78972,25.121632,21.902386,24.645214,22.775621,33.482998,40.31264,29.66617,25.603973,38.19609,48.771866,30.588093,18.653145,26.849895,23.449219,20.900434,21.42422,18.117468,27.080387,37.461227,22.207993,11.506577,13.562377,25.479088,24.515957,16.151518,12.5334425,13.104081,12.87781,14.258291,13.932028,6.71462,13.85482,28.967093,19.876629,5.8529315,12.433305,28.246508,21.465372,12.026549,12.73753,17.857231,14.306014,8.125792,9.709694,14.754998,29.411472,39.53409,22.976084,16.38594,19.328396,24.259842,17.0004,14.889687,16.168982,14.833912,7.918621,9.99015,9.4520235,9.29449,15.19597,12.499055,5.2447705,8.064818,13.156415,13.105146,6.4975567,4.790287,8.755029,7.4930677,6.0935464,11.294367,13.090156,14.579329,14.668728,15.491305,20.000244,21.846172,11.618642,12.170055,15.13019,13.260506,12.859362,8.99168,7.396496,12.355704,9.737228,7.5676913,11.669583,14.301061,20.750767,15.276909,10.336144,7.2633343,6.706526,11.545422,8.122217,4.990518,9.794181,10.253407,11.503657,11.056475
0,12.204678,10.649464,7.2779984,9.93223,10.889076,5.20308,5.0777063,7.203896,10.989335,15.413556,12.143378,9.732125,13.333399,19.834871,16.57309,19.20001,14.88453,6.547728,6.838977,5.042875,9.574277,11.1320715,7.8774366,5.1383286,9.392735,16.065228,26.38111,41.13067,46.28616,34.642086,16.680202,17.081757,16.5896,19.824858,19.25674,9.386222,10.573242,15.579595,13.536898,11.819089,18.974983,14.6856785,26.17157,39.213963,22.128124,12.771985,13.491878,19.54302,11.591669,10.088695,10.297758,8.193248,9.335211,16.707556,18.111626,17.612902,25.459988,24.458378,15.971114,33.12446,31.632067,19.83966,12.626159,16.736635,24.287024,21.926533,25.59256,33.35532,23.327194,14.643088,9.001107,16.831411,17.40533,13.52211,9.625524,6.506008,12.9184675,11.690017,9.244161,11.194571,13.1864805,9.870713,13.910386,13.139315,13.130445,21.461926,26.401628,21.349731,27.072039,17.929802,19.254467,20.617859,20.16308,21.687458,14.263351,12.724739,18.798454,23.232697,12.382495,7.0175047,17.383842,23.450203,16.848581,15.060041,10.224578,8.210718,3.0971282,2.0340211,3.3012981,6.908291,8.625501,3.9711823,5.221132,3.9754133,6.9464226,10.888358,9.246036,8.616825,12.832206,16.531652,13.299153,12.885813,18.218163,22.935452,17.190138,13.041994,12.032972,7.5824327,9.734731,18.174454,18.327278,17.737465,7.5599394,5.5766,6.8021097,9.97905,13.761019,7.8000436,3.177963,2.662327,3.0556862,5.018308,6.217001,7.240317,8.97671,8.615626,9.329405,14.439977,11.6379595,5.9292426,10.062702,12.114376,10.110657,5.474635,3.764305,4.8978705,8.850654,10.304118,9.981441,7.286458,13.299753,12.155049,5.9258523,5.0520873,7.2102985,5.0740876,4.0013385,8.646624,8.84765,6.219553,4.405719,5.698053,4.943816,5.640205,6.413618,6.1055617,5.7512174,4.7971888,7.388455,7.044523,4.530383,3.652081,5.0069156,5.573837,6.23736,3.228897,2.5163314,3.5293229,6.556668,8.088413,4.6964693,5.586767,7.8547425
0,11.64733,10.5811205,12.486143,14.022935,8.749159,10.432276,13.684337,12.864448,8.154086,11.636359,34.330914,43.142834,22.755808,19.485052,18.091606,11.216031,10.666485,12.497637,11.245597,7.2422357,17.072319,27.813234,27.462868,23.91113,28.43533,31.458796,28.882437,19.53052,21.380556,34.37159,19.912899,28.524174,37.79794,26.948383,19.821268,18.503567,13.094006,26.27311,39.974525,40.442276,29.928293,14.799868,26.176836,22.039568,21.326077,20.834515,10.40682,12.983369,27.67628,24.430023,29.910597,37.518024,34.213257,25.1178,16.951418,20.650671,21.348469,11.553581,18.310968,28.365782,31.195986,27.791397,41.253147,37.680603,23.641722,25.30067,23.001413,22.617275,17.630703,21.173346,33.53313,27.819227,21.090778,32.836025,20.648046,23.941347,29.786776,30.062424,16.936865,25.086073,27.270704,16.073408,17.235666,27.728634,25.875648,15.455992,18.69573,15.196388,18.744541,16.838446,17.382975,21.897038,15.833671,16.61171,22.096651,16.598846,7.991832,8.720733,10.910285,24.138826,18.775772,11.606443,22.201632,23.074266,22.159552,26.752619,22.479448,20.452957,14.879463,10.884512,11.8088455,8.48955,9.684481,18.231245,21.245546,33.17158,26.221542,14.945218,13.825293,10.4782915,9.818842,4.248028,5.369968,7.30258,11.063514,19.345985,26.878233,22.488075,19.160795,13.050172,13.954033,11.709967,14.137273,16.083889,8.953581,7.9905596,10.936728,13.556203,18.52866,15.159416,10.115597,12.632141,12.54452,12.907389,16.766176,9.299713,5.9372015,10.126174,10.976481,9.8018675,7.455089,8.975159,13.15588,18.27737,14.654183,7.107926,4.6118784,5.820205,6.8968644,6.5039535,8.472108,10.314829,9.21193,10.355198,17.644926,16.98254,9.787017,7.8994126,6.81728,7.0514493,7.212517,5.958157,5.648497,5.080392,5.905368,8.731453,8.426826,8.825103,11.714029,7.661541,9.350137,10.467588,8.952261,7.513632,6.7196827,10.237289,9.780693,6.598496,9.2828665,9.709796,12.412253,10.110996,10.6076145
0,0.34088063,1.071983,8.185706,10.276057,3.4629817,6.6918807,5.341961,3.5513833,6.9870296,3.633206,8.2919655,10.448819,12.41826,42.35601,33.880795,8.2581835,14.324561,7.4578266,16.314287,20.388273,5.841451,1.8419771,1.3996223,4.344504,8.725513,5.987321,33.473103,41.85221,12.671033,15.333709,12.21549,82.37796,164.66423,82.413055,20.77639,25.969076,11.248464,29.250456,23.401514,14.706664,28.741465,14.733822,24.412804,30.513151,10.987003,22.998215,18.40256,16.246788,32.222492,16.246513,15.196871,19.000242,6.138674,10.320395,8.2355795,10.709872,21.276127,11.075871,23.460836,29.32489,8.522841,5.1304355,4.073172,65.27437,130.54086,65.359695,20.48466,25.61016,7.615001,7.7837853,6.1977515,33.106976,66.2176,33.41532,33.210915,41.508865,20.597206,58.37759,46.716396,16.844088,31.77068,16.299389,28.009424,35.0108,10.500268,11.71174,9.321263,3.0667975,5.6318083,5.064163,33.46749,41.828182,14.755757,29.741896,23.79488,51.680172,103.265724,51.641556,5.3145423,6.6374063,3.149216,8.708555,6.9664927,24.330257,48.602913,24.484533,21.681747,27.11742,18.857882,59.819225,47.863373,20.427446,39.249294,19.60836,1.415777,1.7677644,1.3358873,4.3107586,3.446043,6.2025204,12.409542,7.0916853,28.323027,35.398834,11.061822,15.228634,12.17305,24.092579,48.13192,24.095201,13.002264,16.256306,4.744885,3.6699243,2.9065905,17.39047,34.74785,17.967012,34.83984,43.541885,15.0866,29.294361,23.436815,10.26342,19.752571,9.914509,6.4439836,8.049882,2.3550603,1.6544005,1.3195595,5.0400405,10.073954,5.5180826,17.558527,21.943605,8.608206,20.352549,16.284151,12.306467,24.331678,12.168944,4.596371,5.749154,3.549453,10.935751,8.752264,13.335266,26.609074,13.468021,15.594087,19.488108,8.786635,23.523975,18.825825,2.394498,1.0134125,2.2484026,17.710377,22.133778,6.3559756,2.005641,1.5466756,10.878442,21.758963,10.974481,12.834564,16.042482,7.9581537,22.560022,18.049036,12.780121,25.23264
0,3.9483428,4.594238,8.109292,10.83721,11.612897,15.094437,15.565822,11.066705,7.26053,11.027132,11.775539,11.365108,21.934961,31.450495,28.775906,12.955461,11.818003,14.048128,10.39204,11.262767,7.632606,9.970085,12.777548,20.201628,22.998455,33.107243,72.57401,114.92341,61.22414,22.288694,27.045881,25.122774,24.614847,28.0228,21.283953,17.254475,13.260114,12.394031,22.055582,44.38056,40.77047,27.451462,14.231157,11.066227,11.074294,7.226531,8.510914,12.908014,13.644356,22.566372,32.293865,33.582897,41.48587,45.238964,64.34448,48.557922,39.65508,39.317917,38.59047,28.280998,41.36848,38.997917,21.959425,29.43817,24.613903,37.817066,45.895443,30.233353,28.608334,20.986988,26.746504,18.841652,18.51575,17.405,14.669579,11.897342,10.733165,24.835016,27.037916,32.18089,16.718374,24.265823,26.046038,29.884771,29.480894,29.869318,28.372402,42.49635,46.81238,36.324356,40.231068,23.855732,35.35051,33.29139,21.3291,22.41484,21.783983,27.52735,24.787914,16.543104,15.536731,15.328736,15.213651,17.539835,23.301153,16.544243,16.272278,13.347844,12.0864,14.842099,20.895061,23.781029,29.121092,24.503714,24.248386,32.014027,35.177006,25.773365,23.973644,28.30436,18.754017,12.0707,14.216201,17.220572,26.33518,24.800293,24.907125,20.749374,17.56331,22.029238,18.190987,22.261145,25.199146,15.686405,17.113226,12.614089,11.28613,19.642761,22.798609,24.257814,14.338915,13.476704,20.589273,23.760477,12.528909,17.269857,22.613401,13.223463,7.5740757,8.871501,9.8024025,16.322002,27.210007,23.90722,20.085838,15.368002,10.920305,9.110951,15.95468,20.742432,14.803156,14.655199,13.577654,10.310757,19.075727,20.197365,12.688186,6.2225,8.606142,11.883296,12.983846,15.372633,13.464829,16.44015,10.331005,6.361473,12.655242,12.91252,10.831408,13.623653,14.141476,15.191677,10.374042,8.386794,11.291801,17.015474,18.608969,13.86275,12.728733,9.783086,9.386681,21.4831,29.42352
0,0.66256493,1.1893746,2.3836083,3.928205,5.813117,3.2939143,3.422046,4.2581453,3.1150823,6.3305473,12.50772,10.733238,20.027617,27.530838,19.681053,19.104559,13.24584,4.6142726,2.3270528,5.76484,5.6319885,10.816932,9.089613,15.811916,19.654299,16.5277,20.935625,17.820662,12.372221,32.157864,33.012722,30.947477,41.426403,39.964787,28.247257,19.608883,23.342138,23.808575,25.811993,21.616495,23.723774,22.707342,12.170825,12.867085,20.43002,17.431656,6.9965463,15.195201,14.753815,4.258867,2.5337663,1.6119677,3.0048058,9.040767,22.669365,28.217617,19.09771,14.1385145,19.540686,19.806002,28.93961,31.555614,16.913261,6.170006,27.192636,37.706818,24.669271,32.666103,41.098404,19.277945,6.6485677,6.0115223,19.461866,27.379526,10.378674,8.854402,14.520768,19.799395,15.513313,12.4340725,14.391871,21.484999,10.392306,12.241887,20.911175,13.83538,6.416226,7.4126163,12.494397,23.864698,20.727,9.020405,9.513719,17.276215,20.915295,25.518362,25.99615,39.657936,24.847734,31.61881,18.72375,17.680895,17.108637,12.305757,17.61639,11.501854,5.34021,3.9991245,6.640672,12.527335,25.809525,19.000254,22.23531,14.414901,10.208976,15.253031,9.789284,7.465817,7.1696544,9.744471,8.297788,15.533262,15.064095,20.17112,32.066513,23.807045,18.284235,18.14292,11.622066,9.652228,9.390983,24.325972,21.69111,14.228307,11.335959,12.215769,15.548426,20.446371,16.704529,7.3807697,7.232247,15.718681,19.203726,12.68406,13.216807,13.033692,5.055584,10.023023,11.948513,8.247411,9.3170805,11.965468,12.928539,12.17131,4.4277296,2.4373298,8.151448,12.666681,15.227584,14.069294,7.3815312,13.397377,17.834192,16.137865,17.373434,14.308649,4.6179347,2.6065967,2.5090559,5.4414377,7.777774,12.229172,18.721272,11.489024,10.139214,14.483039,6.88142,10.084474,15.641169,14.799561,8.637285,12.23387,10.430852,4.4570527,3.875948,6.7995996,3.2275426,5.7588954,11.6760435,12.581652,13.932307,11.293652,18.235859
0,2.4835153,3.5348687,7.7136803,6.6821055,11.773493,13.854111,16.145063,18.119411,17.233843,20.656916,30.4145,52.162735,51.565742,48.218346,21.869543,10.290127,17.7944,17.112629,30.76391,21.95737,31.72642,55.353424,42.356453,28.559212,25.47756,20.386028,25.399048,52.11583,38.98802,23.888245,26.851318,15.841191,24.820166,40.597538,36.767834,22.194883,12.762782,13.652546,22.12426,28.235094,33.8054,34.96854,23.944078,39.187557,72.533516,98.87788,84.86368,34.424664,35.87631,39.018738,28.417383,23.401278,38.74173,35.016766,33.596718,48.971287,45.102222,25.92785,34.74656,34.81425,18.553392,6.917858,3.1671636,22.68553,49.416935,51.52513,63.717705,54.6291,21.276333,22.687712,29.633661,42.076683,34.956818,20.562979,21.208448,41.594776,38.871468,17.082804,21.175243,33.657234,26.39906,13.873271,14.892176,29.492119,45.11774,36.908672,41.381714,72.68114,71.824646,47.462276,69.43583,57.883247,25.308903,24.855494,24.07506,23.243967,18.09291,29.312675,34.154846,37.16586,28.04762,47.312687,32.804832,27.139978,23.885183,10.765853,10.469702,13.315176,17.448734,27.60886,31.050093,25.977259,27.790232,33.07929,26.176403,21.335968,25.677633,18.874462,8.246893,14.894466,23.634323,24.234983,12.94644,14.455349,16.203505,17.352816,21.048336,12.3265085,19.217896,20.196459,23.802637,25.611258,23.903326,15.698104,16.260227,15.333643,13.115064,19.698605,20.990541,24.028532,14.079051,13.42718,19.122423,14.0607605,29.606438,27.017061,21.686243,17.263868,26.366282,14.435599,14.635431,14.120608,14.3805485,11.969551,15.483311,18.07146,20.15218,29.071636,17.093197,10.067476,19.197996,22.385368,22.920866,8.526202,6.3402205,9.444632,14.545232,12.429013,20.15855,19.773045,18.47751,12.045504,7.196448,5.846696,6.2157483,6.88607,6.049037,21.312841,23.817196,7.5936966,6.5202003,21.249481,29.57779,18.49066,7.83394,6.659907,4.4535036,6.5528126,12.221364,18.27601,23.34843,20.259525,11.49676
0,2.956941,5.200111,10.504499,12.285129,8.503139,10.616671,9.614484,4.289955,2.17277,2.8928156,11.683257,16.447945,9.721225,10.412542,16.17195,12.055754,21.324066,33.422005,20.31245,5.0464187,5.0498934,14.509729,14.580927,11.681741,17.82217,20.751738,17.667337,14.098476,15.639573,13.544366,26.398361,58.26303,133.60803,133.40047,101.85992,63.12098,29.454092,21.104912,18.177319,7.7229056,11.311876,15.220792,10.326633,19.45259,25.143291,17.320984,26.516415,19.870428,19.646393,22.637274,24.300165,18.913296,8.264768,9.276529,15.037527,17.487524,20.23721,21.533424,11.396121,8.348765,15.514036,22.96542,14.0403805,9.193747,38.4937,129.58008,117.78901,33.550217,30.297493,23.51512,11.639927,14.442123,8.792313,15.378631,19.755156,16.813377,34.03117,24.984896,17.675486,12.226711,4.991272,11.037057,28.23948,31.87474,19.278984,16.35039,6.9781933,7.5485845,5.7045083,17.154297,37.807434,38.026608,26.282715,23.197872,16.27746,11.920323,13.805731,55.59566,71.67384,54.25431,47.6249,18.791492,14.590397,10.9792595,18.92257,18.58659,21.384321,19.812304,13.078577,7.355284,11.215464,22.329937,22.77232,20.788603,28.554243,22.929794,14.834613,22.635122,10.096437,5.3131075,10.171629,16.690294,21.870842,16.036177,15.945577,19.619415,22.50759,29.156967,27.060888,17.387354,35.915398,45.793163,24.216452,24.686985,25.643084,18.331537,10.500751,18.380404,17.185303,17.045713,14.966896,6.7506876,4.7957764,7.398724,11.134386,14.630149,13.052025,11.41487,19.48397,20.188234,13.389786,7.125044,4.7163324,5.308861,4.417024,8.531015,20.32037,23.241646,13.080158,5.167699,12.334115,22.694565,21.092764,14.714141,11.215052,15.676372,12.440308,23.660294,18.858719,7.0051646,8.915939,8.3913145,6.608389,9.174295,12.116799,8.107208,7.2140036,14.640528,15.861906,8.634912,7.2835555,6.9060173,14.983096,13.001367,13.890517,13.44571,7.5297465,8.672446,11.701402,15.370558,11.3826475,16.981499,11.537181
0,2.70721,5.6773763,12.76357,22.77548,38.928867,23.935102,11.503213,20.10727,21.113056,16.241152,9.273395,6.9522653,11.360191,11.937756,13.574017,25.437618,23.510477,19.729425,15.866313,24.620003,22.914696,17.549732,13.84235,32.595535,41.790127,46.52454,21.83218,13.020816,11.988893,4.0942874,2.4479725,22.338654,32.749275,20.87845,32.331554,33.545204,33.191303,89.14402,95.875175,106.22437,133.39937,72.18347,44.063023,66.82413,37.629177,32.793285,30.151363,7.9832397,8.397411,14.508625,21.653719,31.07859,30.807522,25.11198,9.554364,18.350466,32.349434,35.717667,15.08818,46.44206,49.986053,45.4801,41.708378,26.443012,13.715084,16.324915,17.369112,12.861294,11.744975,23.541502,24.874924,28.489542,34.078865,35.129543,30.9251,24.338058,21.911068,74.21021,64.04925,30.317692,26.217167,59.9295,59.066593,26.853031,55.107815,41.840176,25.753746,41.805195,39.575764,55.813427,69.93144,33.948597,44.57258,45.736164,16.86352,11.6002865,46.52679,61.631413,40.50633,60.52915,54.338814,15.439411,27.586401,25.948013,27.521915,35.09812,17.099121,2.9060295,5.6139073,13.226474,14.125903,21.342491,30.993856,27.977448,32.44076,42.212196,56.466393,36.560863,26.01835,28.839952,36.07817,44.73521,49.168777,47.513824,31.197107,27.558857,28.460096,20.264555,38.336346,35.737614,12.053454,14.143999,32.52978,36.29504,14.536185,21.64063,46.401047,60.057842,20.911215,22.738165,24.412127,16.86331,18.433834,19.40421,18.295591,5.936368,9.883142,24.262222,34.032326,13.095522,23.907309,26.739939,13.543644,11.727414,8.72383,5.2638946,7.7998667,7.9492397,39.69385,63.243164,27.675528,25.999746,28.740067,7.599314,3.910973,12.599124,17.435848,8.014801,5.504784,4.6263957,4.500248,13.036364,9.961517,15.438446,32.379658,18.920918,14.081286,20.634771,25.171598,15.85692,6.01935,11.123146,8.306723,10.289708,17.931786,31.656858,25.082588,21.945225,23.222002,10.103935,19.563404,24.422348,19.252693
0,0.8722657,5.1159163,20.399788,18.222666,18.046791,26.830776,15.872207,10.721263,15.710324,12.978178,15.0335,44.06839,76.82906,41.94417,25.191793,20.61177,11.86373,16.736826,18.816229,20.349466,27.31436,25.200243,78.008804,115.74847,49.259308,20.101507,26.599693,26.323404,18.564056,14.959915,30.194199,61.178474,41.648643,18.643497,68.69175,102.4111,58.961006,29.296854,18.019423,17.930496,27.809093,35.17174,18.807182,32.68714,28.306486,24.140123,32.07482,40.639366,35.495064,23.482784,17.39208,12.912512,40.537994,73.21224,85.1261,41.906067,30.35231,57.115074,75.30603,73.01836,28.338058,30.38716,44.771362,50.724697,44.109516,26.993513,33.72714,43.42015,37.65705,37.252308,45.185707,47.845566,32.67751,26.39104,29.297182,64.643364,72.38477,33.127323,21.529978,31.069761,20.7565,29.52432,34.295242,16.551971,24.21497,41.4986,42.649826,36.813076,28.04915,23.257648,34.99999,32.531513,41.83602,33.749996,21.642122,38.13671,49.579067,41.771225,32.574863,24.89826,16.900614,23.617695,46.210804,29.31207,23.058708,17.489454,19.798811,29.692776,14.169573,10.711062,25.862087,22.513512,17.68788,26.321112,22.0334,41.73937,29.521578,17.289972,21.783121,21.765629,8.507132,6.3974214,18.702469,16.348692,20.91336,36.335945,41.232445,34.34274,28.099977,35.86885,40.37131,30.177158,11.457873,11.764287,16.757282,14.771252,10.054082,18.79293,32.55921,18.553362,12.218028,9.687876,14.64763,21.640614,11.537574,21.615438,15.538782,8.676764,14.189725,23.242447,31.414207,20.986526,11.218812,14.71039,19.932274,19.65788,15.760745,18.671707,12.177468,4.6904736,18.705492,27.488611,10.068613,2.1464105,2.61515,13.993401,16.16372,10.277459,17.681726,12.963788,11.179677,8.797869,10.780077,15.667254,11.248451,11.430551,12.1794615,20.161064,21.113203,7.2986903,4.0226655,10.474565,18.731144,16.164156,7.730607,7.5033317,3.488081,4.1226563,3.659407,7.2174554,8.786484,6.1538773,3.718282
0,7.7315216,12.842201,12.091683,10.827221,12.517058,5.7014866,3.9628897,8.931694,11.082341,6.50743,9.265406,11.178865,15.048031,13.928669,24.569588,28.290838,24.774508,32.2055,26.823193,32.249126,25.159067,18.773857,46.4819,50.297062,52.54006,58.990154,44.196285,47.109467,34.632835,45.10435,40.06386,28.890911,19.110876,40.21635,57.76878,32.0511,36.86826,45.49124,36.129997,34.95295,26.48331,14.977038,32.702797,34.856064,24.878094,24.681686,22.048326,21.071518,14.822401,58.233494,54.4782,31.326143,37.033466,33.014423,56.168972,61.326694,47.28361,33.084187,24.072954,26.765617,15.377519,37.123184,42.202362,27.067297,24.039824,22.633554,22.793455,14.566217,8.884826,15.799121,26.78385,46.929214,49.644474,28.583124,20.979557,35.68644,58.40382,36.90016,32.08941,19.250238,22.385695,20.410524,18.185183,32.948944,47.817142,32.9653,26.647654,21.067064,22.68871,18.26222,38.912975,32.46948,20.620045,34.153828,21.235699,8.903178,12.72905,11.121084,20.814556,16.799303,17.806417,14.829386,6.525237,14.423858,24.127703,34.334564,38.451466,31.54355,30.391048,31.760231,34.581287,35.96537,29.748455,19.145626,21.732965,28.595598,16.685133,12.664156,12.866461,10.316844,9.609373,8.481858,15.188223,14.249267,15.544366,19.316696,26.990904,20.789543,15.476874,19.922913,18.876192,8.820479,26.266277,29.397186,13.487514,17.926865,26.749289,26.911089,22.851608,13.937292,10.501967,14.143507,21.779013,9.740008,10.756751,14.552557,8.253127,17.987745,20.078005,9.069886,7.4465218,7.0391154,7.1634927,13.432357,11.6378145,7.145357,9.23078,10.741896,5.897203,21.62929,30.951948,14.433981,12.978033,9.729168,4.104291,4.4251037,5.899301,3.9737513,1.7509347,2.7962625,5.3222604,6.430418,11.2139845,10.978862,6.6001678,8.091378,7.908546,10.344264,12.704268,8.631783,6.5344424,12.58589,21.427006,11.219564,8.071802,8.731273,9.325987,14.700757,9.707711,9.069028,5.198918,4.3039365,5.189201
0,0.08281182,0.24959269,1.4850163,1.758994,7.830835,21.140028,13.876405,3.608725,5.241913,9.786433,36.888653,31.352419,14.947612,27.50366,13.190256,0.42391652,0.5182846,5.751083,14.85028,9.602667,24.661968,34.859825,11.937468,8.1691675,6.7103033,43.710735,80.65935,37.179573,11.995533,12.639688,8.267308,19.328735,11.876085,18.289272,24.918262,17.20742,52.055756,41.144154,33.290123,58.54694,26.143343,18.773312,19.102798,4.086718,2.4051404,3.6718848,30.860458,40.515095,12.675918,9.406607,7.1976895,27.999016,47.756855,20.211193,1.1972796,1.0634571,15.410939,34.920914,20.174704,39.420486,49.879707,18.89539,37.14868,27.305346,35.786446,58.69003,23.884066,12.303476,11.611766,11.286757,24.147783,13.156139,9.640242,11.771932,8.103817,22.153105,15.669318,2.192814,2.7382035,1.1195372,1.5271524,1.4067827,20.891514,43.544727,22.97991,28.548946,33.586338,14.7662115,33.261826,22.684366,11.846862,17.876123,6.628508,1.8800883,1.6192554,37.258095,74.525505,37.25973,3.6639316,4.192439,10.970042,29.460285,19.341076,4.8918376,7.0399647,10.329015,38.503555,32.73055,9.590621,15.937976,7.9450903,13.387199,14.644052,3.9115455,5.0496125,3.1800866,2.1827204,3.1034849,3.4638524,12.024601,9.866555,16.991087,31.24726,14.451684,8.482668,8.942996,2.3294146,3.021578,1.9382073,6.019749,8.210369,8.0542755,26.065866,20.603102,2.734383,2.099442,1.5976679,6.746492,6.8632727,5.9156537,13.518878,8.063136,12.654098,16.617264,7.5266175,18.394047,14.033879,19.71236,33.5118,14.180632,1.0186808,0.873128,1.1505586,2.5656626,2.5870147,17.622679,22.294748,9.029847,19.308477,14.179576,8.455376,13.737186,5.916395,9.536656,9.030696,1.6356176,0.3807248,0.7546605,5.5539103,6.780009,3.4146252,8.551633,6.047581,4.5156865,7.115136,3.4728577,9.227363,8.433717,3.8807337,7.5158,5.3350167,25.621973,30.140388,8.197211,6.168739,4.1831207,1.158089,1.6861727,0.64596653,0.6068278,0.53432184,11.053832,22.106054
0,4.4932647,5.516646,9.264688,22.716002,31.518225,19.07597,10.512495,8.868239,17.660547,27.053513,33.9356,28.393215,35.632305,28.698126,5.464199,9.385177,17.01987,12.739776,6.619021,10.366546,11.763542,9.5466175,16.682682,33.618336,42.25469,17.649683,6.073336,12.829186,36.620453,36.917397,31.280544,29.795977,22.693026,41.196922,29.865492,23.073795,41.7469,26.475067,24.84207,32.18899,29.280851,34.241222,17.393179,6.8200374,4.686329,15.702285,25.484232,21.229872,7.066932,8.047561,9.333319,13.827694,36.489525,27.327085,6.984402,6.7598357,3.8550413,6.822929,17.334051,22.460123,14.677508,10.5541935,18.095737,36.32389,49.982742,42.989918,16.889826,39.52981,41.316666,19.408506,10.011783,10.209164,25.355223,23.112827,30.716116,41.226643,47.604202,29.07714,15.64578,21.804314,20.65726,8.921395,9.970713,12.962409,6.0251856,6.358938,16.796963,18.969288,26.56147,35.933514,25.542425,9.488809,17.31838,17.35418,14.694521,8.786268,9.697352,7.920821,24.701216,37.136173,17.346237,10.623294,13.288965,24.866215,33.536476,22.588917,10.932225,20.593388,18.99889,8.258532,12.660916,22.38922,15.16796,11.909327,7.036681,4.7052135,7.879606,6.193287,16.837034,26.081785,19.6303,7.8868136,14.727872,18.849201,11.9677925,11.656486,17.952576,18.044308,26.996523,23.214033,10.125934,4.424832,6.8474493,4.9978423,12.938835,22.461037,11.728203,11.570453,21.143684,19.71213,10.950414,8.45431,15.460046,15.68045,10.231879,15.497864,13.898653,5.0110197,7.2235823,5.81907,5.613525,8.719314,8.734594,12.229436,7.5359535,8.142156,14.239606,16.327892,9.086649,7.8591056,13.457227,16.647692,8.807349,11.487056,11.778504,10.290888,20.858673,16.711212,8.819417,8.228009,10.517556,6.3919764,2.528324,5.26198,9.716288,17.486515,20.596294,9.061516,7.888261,8.654496,4.8286247,4.82592,7.221963,7.6013417,4.5403223,4.1721306,12.8476715,10.317934,8.328048,6.3292656,3.7223055,5.227479,4.5615125
0,0.27688813,0.59042007,11.68421,29.378706,18.20281,3.044382,9.3603115,7.1279964,4.962665,21.398787,19.828657,3.460913,2.6401181,2.9473875,2.1039088,20.529509,28.260862,9.230846,10.008577,16.906982,7.0725985,1.9236442,4.0087357,2.1107678,1.4039173,3.707781,2.4607482,3.2740788,11.184935,9.717371,28.588385,134.90886,130.53099,25.821043,52.362194,61.66158,16.16238,5.159636,7.0041714,2.5400813,25.614885,45.402966,20.023785,2.4646904,5.3475614,3.2659972,22.275354,62.653214,42.532864,12.715729,45.20298,37.52106,6.8606067,22.873022,23.122482,5.1237273,14.984977,18.44505,5.6190925,30.539864,46.031803,16.832321,44.682373,83.037445,38.527313,35.422657,82.45007,47.62988,5.549747,15.895086,11.316002,6.086778,23.752966,20.6106,4.103905,15.117262,15.973239,5.274724,34.480015,44.363453,13.495459,43.470425,68.58525,26.495352,15.833967,30.828669,15.037067,11.193143,27.463194,16.649252,15.553664,49.038033,36.4332,4.33137,9.5517235,8.66564,7.3357134,43.268295,47.76085,11.392104,16.68469,22.350637,7.080112,2.9707756,4.780719,1.9560237,11.147304,22.846327,11.708518,3.1071656,8.050358,5.2422147,14.032726,47.08631,36.568733,4.9206166,11.099398,10.502141,2.6620708,12.213715,14.076418,4.239029,25.021053,35.23262,11.8309555,3.9315157,6.6565695,2.876245,17.194326,37.055405,19.93691,5.906596,16.14468,10.713783,3.8543754,13.471504,10.944207,4.151953,19.040636,18.830618,4.7304153,21.200571,25.554407,7.018541,16.955341,24.932777,8.871041,6.5402184,11.848724,5.356999,1.0502763,2.3702905,1.3679885,4.476298,12.951977,8.995734,1.428313,4.6913586,4.0135903,4.525504,23.78565,24.5808,5.21019,0.8452725,0.6391924,0.38612413,5.1743402,7.978739,3.0006065,3.7398198,7.1254735,3.4089613,11.733812,28.031668,16.577251,1.8892156,5.4681373,3.9756804,2.9302328,11.831017,10.494402,1.7829964,3.9330823,4.2328863,1.0008855,2.5301232,3.3244724,1.062043,5.9516416,9.602444,3.812768,13.429075,26.864899
0,0.022957865,0.032319058,0.12672488,0.8326038,0.99632025,0.5777083,6.9275093,20.611765,14.627282,1.305284,2.046189,3.3376317,1.4106934,2.4792867,12.108524,11.956924,2.3476756,4.934579,11.713736,6.9154463,0.45855516,3.858812,5.3002205,1.7408478,2.7139223,9.976852,8.2540245,1.128574,13.312169,25.894382,12.589971,3.9448762,25.927227,29.768856,7.944595,35.41439,101.846016,70.428444,5.751984,1.2385974,0.74903893,1.1943152,8.4643,39.576515,38.114796,7.1124854,9.630191,22.192688,12.740271,3.3570418,31.877857,42.65949,13.430163,7.2837834,25.402899,20.50209,2.6184726,11.206538,21.158306,9.993501,0.64773774,3.8943424,4.371952,1.9352884,24.805664,69.0989,46.544975,4.074645,34.90052,54.609787,20.9191,5.985764,26.279793,24.679064,4.3970637,8.65452,19.337404,10.817041,1.143537,9.918325,12.94172,3.9490888,5.407144,18.459915,14.514499,1.865173,33.618862,61.84155,28.37692,2.753759,15.938494,17.404451,4.0950036,9.276845,24.962261,16.387386,1.4980235,15.323232,23.329077,8.794801,11.400315,48.925426,44.80416,7.576397,13.363179,29.073624,15.795299,0.9892254,7.7062583,9.81179,2.9576316,8.466932,27.92024,21.40247,2.4262486,13.417669,24.015017,10.694912,0.40636623,1.7430379,1.8551879,0.7005248,10.399586,27.175186,17.374044,1.315547,11.04705,16.383764,5.9059467,3.5062914,14.36099,12.823045,2.0666025,9.572145,20.237791,10.729075,2.9928508,23.431194,29.04177,8.196266,1.4478469,3.8330157,2.8523824,0.39000884,7.1022415,12.378756,5.359969,3.011488,16.12596,16.751503,3.6453402,15.770977,39.96182,24.868336,1.4738878,7.7503085,11.212426,3.8932672,0.4284386,1.3243058,1.1506573,0.1763228,2.045741,4.2110033,2.1652067,0.020952802,0.09565856,0.118099906,0.12286435,1.459537,4.4898257,3.2710724,0.36728433,4.933911,8.359635,3.5084333,0.13502195,0.20977262,0.21506268,0.18813105,4.332871,10.64646,6.4499307,0.44869703,3.6512797,5.154557,1.8355124,5.778578,22.068653,18.730654,2.6971166,0.826441,1.3510616
0,5.2697196,7.1622305,7.751728,8.777859,9.275657,17.145895,15.304198,14.491174,14.028491,7.9804068,19.165342,28.697092,21.84566,21.109161,23.9649,11.659972,13.943146,20.89352,18.278873,8.114746,6.296372,16.099686,28.843744,20.907713,10.9583645,14.608877,22.638777,59.279114,93.37587,83.638275,55.43605,27.027836,19.04232,40.542675,36.272816,31.256922,31.024483,32.218193,26.599466,35.235058,37.045876,26.327112,29.416098,41.395718,29.94371,34.16659,39.158817,18.818062,15.355947,19.493174,22.62502,13.227385,6.169936,9.607833,12.853009,25.776917,65.2142,75.21508,51.25166,37.879944,27.874737,31.04614,38.32482,28.550985,37.079727,29.55395,15.712365,15.551738,17.863834,30.32979,54.51078,51.280994,39.291348,20.832378,31.323458,41.905617,28.976133,22.207457,23.523014,12.478646,13.2585745,14.630765,18.398623,21.471998,28.211826,30.29954,40.519505,41.24746,20.144754,23.491688,20.049412,33.378925,32.99356,35.51786,24.235285,23.070799,22.790787,25.834507,50.07926,44.69438,27.752747,20.46503,22.325432,23.430666,32.909344,36.862427,19.706001,20.607107,27.306559,18.480272,8.682845,7.1005783,9.153127,25.435694,21.94851,11.296405,11.993299,7.542985,24.756107,28.07084,27.273731,34.155216,15.319246,9.629399,20.078997,17.579575,23.186962,25.083784,10.218624,15.789885,18.607965,14.278878,22.847282,24.883512,28.835493,20.392141,10.142818,10.881648,13.384733,11.629588,11.47816,14.865697,16.968046,13.423049,13.727652,13.27077,19.074152,21.338718,24.737806,18.081465,9.086103,10.592842,14.937621,14.017929,9.482233,14.600143,10.830255,15.049487,12.800893,13.615881,17.78338,25.426462,17.550207,9.268489,16.104969,11.351139,12.669832,16.540764,8.654821,4.4933043,7.202234,10.510055,14.017917,13.269256,15.538307,17.107449,6.4604325,10.4843235,15.184011,13.721766,17.143877,17.972664,12.20359,6.737595,5.5498137,4.9251714,2.9003348,9.399675,12.944402,12.551696,16.180428,11.190605,10.142463
0,7.432411,7.2993455,7.1273384,11.262053,11.927035,10.391054,6.929328,4.460277,16.666965,21.513388,9.776326,9.423287,15.020016,19.885288,27.938059,22.813105,20.521013,26.935987,17.523151,11.749443,15.917112,11.819368,18.856888,24.086357,17.724316,9.694185,16.74659,19.50306,9.2241535,7.931071,11.955904,18.649559,21.992748,27.838911,92.10764,152.081,91.20755,36.249676,26.42163,27.324963,15.397404,11.473649,22.131702,15.880629,9.85314,12.7793865,22.892563,20.273369,21.44622,17.560614,14.350257,16.293705,28.941483,34.514156,24.61743,15.6565275,11.875534,17.580275,19.698854,16.821806,17.328379,13.360097,21.888529,27.321175,19.422466,8.570726,29.855946,53.74974,44.423786,68.39105,127.069176,109.44575,66.5547,46.10522,47.58141,23.311275,28.388735,26.714226,21.14885,22.517632,26.103579,25.154016,18.96073,13.461633,16.365564,19.16863,28.307024,34.459538,32.739094,24.310772,14.657174,15.810942,16.407097,16.224335,12.780023,19.290236,18.522156,14.9034605,19.476433,18.54272,14.411663,34.43487,40.989597,25.745663,36.6388,64.22849,60.98984,53.349323,40.443172,27.855297,23.684797,22.43213,14.789838,10.663343,14.495699,13.533967,11.46779,13.067724,15.008073,20.110317,13.33595,18.182262,17.508343,22.753933,20.770502,16.163916,15.597762,14.828026,17.552414,15.994536,13.947902,6.0708003,10.905577,15.4370365,13.850324,9.216299,17.138107,21.403246,21.422619,43.37528,45.62546,40.08726,40.124893,26.657772,21.943956,15.796457,18.331566,13.143088,10.642074,12.475152,15.283844,10.9750395,9.7212925,10.5096245,6.549805,4.583321,7.1156783,14.737765,21.904024,19.310312,17.138376,16.378954,16.828732,14.24061,12.23881,8.729255,12.319069,15.870033,12.656593,11.972129,8.249655,9.320284,14.350536,19.09526,28.730843,20.192816,18.061277,20.260838,13.174516,13.615966,15.111294,16.121141,21.86522,15.778712,8.483152,14.440969,14.419105,10.773338,10.119827,10.146585,14.162044,15.597175,18.728928
0,9.449719,11.1124,15.380584,15.504813,9.042393,9.703094,7.636753,6.55451,8.995145,5.6692834,12.846862,16.141428,20.596292,15.035972,7.920741,30.787449,38.577347,30.498154,20.811592,18.75296,29.449183,13.796349,8.695505,25.608501,21.706663,20.849607,29.600557,15.241465,33.459366,77.470055,126.48573,84.66655,26.536276,39.837345,24.899897,22.879625,20.2757,40.63431,35.288147,18.109627,16.126747,23.682264,26.711657,30.85215,29.48666,26.76977,28.047482,21.846601,25.11988,19.41308,28.779034,32.875557,18.43983,13.834635,13.4695,19.59908,26.499784,29.464571,52.35399,82.80123,89.9578,51.71349,11.9272585,16.275671,30.149523,25.630356,24.017561,31.552567,33.104683,22.019655,39.730446,46.885952,33.59803,17.307323,37.98071,45.164906,28.277063,29.507822,22.27638,16.305704,22.511658,36.40685,32.12914,16.502686,16.501734,7.5131483,5.178018,21.604324,37.907627,41.81831,66.36459,51.382015,27.820972,9.4421625,6.712975,18.59713,27.505577,20.584562,22.586897,24.457827,34.586517,70.69119,52.56224,22.54917,26.791595,36.065426,40.55863,41.138367,27.484482,11.0275,12.665564,13.9555855,17.021011,14.1396265,24.809027,20.13449,20.863613,21.528406,15.419984,19.740227,35.187683,23.545582,7.0718904,14.162511,17.914091,15.365859,21.15942,30.8577,25.989666,26.160122,25.930616,30.581625,23.75298,7.1084986,9.780651,11.690109,16.516613,21.937687,26.608015,32.662857,24.810396,19.422089,16.777937,15.284609,10.066447,14.599259,21.65991,14.438317,11.79312,15.577533,11.604445,3.9763236,5.3972096,4.026251,13.758124,20.820389,8.481834,7.672132,10.203719,20.913057,21.965162,16.240612,15.007684,15.007987,23.866264,17.946953,6.0227327,11.714457,14.61405,8.201018,7.7132797,15.114837,12.753207,7.556797,12.975471,14.287817,9.8197975,9.91378,9.049998,14.342368,13.899163,11.359306,17.477213,16.104631,14.793121,14.377488,22.453793,27.995878,12.24837,7.570331,10.695361,22.812744,24.002817
0,13.790645,21.238457,20.121986,14.295508,12.94046,13.030102,17.531921,19.976717,21.530819,25.326225,22.895256,27.418686,26.805027,30.27106,19.47405,14.051489,21.663162,22.061613,25.847128,22.60065,19.65987,16.093992,23.362822,22.598436,20.959948,72.05325,75.66462,58.141033,50.443657,31.148254,26.502821,20.370535,10.137215,20.09958,29.288486,23.910286,30.519152,49.78546,45.31102,26.932858,29.091251,38.700813,26.51763,23.433369,32.624004,39.031185,28.17912,31.531399,35.03711,28.17239,37.339687,41.862865,27.899904,32.778275,24.986109,28.877052,24.183956,31.137196,30.649862,36.595165,31.91066,27.24494,34.54719,55.22119,39.485554,48.358215,52.951046,43.84392,34.372757,33.664783,25.713432,24.297546,23.04557,27.492456,28.055964,27.799026,31.461634,23.478909,16.213491,16.940002,18.85514,33.997078,40.611767,40.109993,30.857363,25.367321,32.78041,25.076595,29.628044,34.810974,40.220547,42.860096,26.79866,27.298494,19.230112,23.060062,27.472162,31.532766,18.62084,16.162989,23.401548,28.923107,27.64593,22.587688,30.596083,16.507353,20.000587,21.09223,19.471216,26.927708,35.7638,40.487465,33.417416,18.39669,21.728355,19.993065,21.031847,20.242838,25.421843,21.490246,18.835491,19.06211,17.262262,19.605202,16.7681,14.39184,29.275406,29.100067,20.35747,22.57611,20.753437,13.914207,11.802996,12.921469,15.2681265,19.46933,23.434568,28.851336,21.424429,16.397312,19.504557,22.947708,16.941685,15.215552,18.68266,16.31524,17.497313,20.312916,26.110415,18.65638,14.432481,20.69054,19.98244,14.18626,18.733475,19.93748,22.561071,17.399998,7.975578,9.434184,12.953335,9.89978,15.648023,21.35882,16.85497,14.665653,16.604994,17.86538,10.972177,9.469368,9.357051,16.206238,21.695793,21.485695,19.886574,17.234365,16.910034,16.220879,9.239033,9.783328,9.571604,15.011737,21.45712,18.979212,15.102478,15.424055,10.495643,13.030213,8.897929,9.628456,11.230554,18.196096,21.066858
0,0.053396415,0.14824055,0.9753644,1.1986812,4.260397,12.967026,9.393176,3.1924949,5.249901,2.2183983,0.9466027,0.9685696,0.44133312,0.99744934,0.7897551,6.0346484,8.908073,10.757566,42.34122,37.590652,7.399177,9.557842,5.938778,26.026247,32.747597,10.372456,14.64798,11.187576,24.565361,44.504528,27.136465,108.865105,118.17455,42.783638,88.57998,58.40013,37.874638,58.340958,23.043736,31.945602,29.93184,8.676963,15.7708235,8.915451,9.015677,11.998291,3.9999304,5.2986255,4.2935457,41.076042,78.869514,37.91716,13.350929,15.3135805,7.663641,19.143251,13.376551,12.810371,20.876635,9.726489,23.24835,23.057358,4.858268,4.542564,8.709847,92.74322,130.46883,44.612904,36.29552,30.899405,5.043594,4.3357387,2.3087156,4.722795,5.729114,2.9164379,7.6422544,5.6487536,3.4668016,6.0173984,8.419661,43.499496,45.526627,23.28925,54.31431,34.452904,7.961657,11.5980425,11.764154,46.63076,42.161106,8.940976,12.019942,7.24151,25.893974,33.27324,23.364082,72.11448,56.27844,11.89999,18.172403,11.106271,45.228096,49.999153,11.8965025,3.132208,2.0351555,13.142824,20.729164,8.035371,2.966217,2.8298419,5.3085456,12.250931,8.383818,44.380394,60.126236,19.282888,7.8542128,6.33831,13.052941,25.551832,12.80233,17.486422,20.424221,6.401956,10.570611,7.5202355,2.2769492,3.7135785,6.804617,33.64013,33.974174,20.324877,47.586723,29.043375,8.782347,12.39161,5.8731136,15.837561,13.809894,9.575447,19.40857,10.131862,3.3636508,4.2828503,11.995615,38.393223,28.875605,9.735757,16.311367,7.2084656,3.332954,3.5808802,9.229151,24.401165,15.773924,1.5188602,1.7892845,1.7447045,7.052784,6.501856,8.333625,18.37715,10.183929,6.909716,9.022932,6.02916,18.516886,14.724152,8.316616,15.221108,7.6747246,16.917173,19.055973,4.7712865,2.8702765,2.0667374,13.912394,22.350927,9.827235,20.022034,19.482838,3.930681,3.033893,1.799371,3.2869492,4.5389833,1.5456834,1.7011424,1.424479,1.4877177,2.9410944
0,3.9210858,3.8065152,5.9203706,9.415847,11.916393,16.307821,9.896714,14.532993,30.642267,45.15204,23.202759,9.51249,7.070428,5.35281,4.1071777,3.4173214,3.7163098,20.573988,34.215694,21.913519,22.894384,22.397224,17.73766,22.18622,23.219738,16.770311,42.94309,60.042923,45.934326,42.006474,39.636047,36.215168,28.860422,20.710207,17.43596,24.698359,31.14791,33.416073,22.710386,16.56115,13.534978,8.626602,5.916181,7.4284725,6.849465,14.833631,25.779036,24.553297,20.95746,30.456528,28.566101,20.666733,17.743042,27.130705,36.195175,46.0973,35.91837,39.695724,46.747887,32.606194,22.128143,15.998853,24.208113,30.409056,26.741577,17.124937,20.999334,18.129461,12.561785,8.597401,9.957308,11.599482,8.945628,16.210974,17.585726,18.472086,27.114998,24.14186,16.729673,20.550573,26.674406,21.793236,27.818838,29.440605,33.00983,30.708384,25.523138,20.017544,22.300045,29.808615,22.224815,18.320538,18.594454,14.245639,16.854568,20.013735,13.18678,10.808117,12.32377,9.003664,6.2412615,5.494565,8.738206,11.674213,12.260165,11.435295,17.303751,18.735527,16.401655,21.293394,21.007008,19.804035,24.31323,25.353283,16.931475,18.386997,23.123922,17.659367,17.43975,13.193872,15.961601,17.0686,13.555147,11.141147,10.025544,9.927141,9.846652,11.323353,11.285983,15.445566,12.55427,9.09402,3.8960018,9.804133,14.4847555,12.05579,7.926154,14.973175,24.370716,18.783459,15.43825,11.703961,8.781791,14.826151,13.69504,10.655104,11.25036,16.420588,17.04441,13.137487,10.672666,4.7478967,3.853482,5.5892396,8.367818,9.457167,11.413814,11.087742,9.390809,5.9109087,5.5172825,11.300668,9.586007,4.6988115,6.3914804,10.613857,12.9887905,13.804637,10.829591,6.7289743,7.842713,8.922304,8.005414,8.305272,9.290318,11.3304205,13.195189,11.839662,7.8067346,8.733157,8.845925,8.129732,7.365594,6.1497235,8.448255,8.366751,7.9869723,6.8882356,7.6145725,6.988482,9.908652,9.915992,5.330767
0,3.9027545,7.211302,11.586621,12.007947,4.1873946,8.304085,7.8084073,6.3016353,5.504921,6.6233144,5.7972984,6.567038,9.647234,14.016784,16.697914,25.388063,31.184729,11.222859,9.510117,9.479248,10.747686,19.33117,16.643549,12.068433,7.3247766,6.324473,3.634454,1.6919656,13.549381,25.462822,24.622784,38.65558,42.8297,33.474663,22.969856,32.347958,31.450352,14.200451,9.176975,5.356455,2.508364,3.656594,7.3216534,6.943198,7.053948,6.936466,8.08741,27.192316,29.69847,25.203625,8.959166,8.766446,7.273913,5.2902718,7.2382026,12.9607935,9.689477,5.999601,14.267172,32.948406,22.148327,53.398117,80.99227,34.452114,10.648305,25.204012,43.464382,56.65451,31.800354,15.159529,18.042921,11.90464,8.346532,34.825493,43.2417,22.354015,13.332783,50.6576,57.24132,18.344772,11.832056,7.387408,3.4636383,8.023399,16.06136,10.889906,6.703091,9.207164,11.482989,12.1563425,13.173354,13.516856,10.99458,22.620588,27.215284,26.036503,17.504995,47.391953,39.48346,17.527828,10.202392,18.46432,13.933806,13.060157,20.796446,13.804097,7.3158073,6.356146,12.081197,18.643288,18.623365,14.407326,20.62353,46.994225,27.658705,7.846402,8.310951,4.7249107,2.1568131,2.557817,4.095344,5.222167,5.725929,14.866173,17.195892,8.029886,8.823203,7.918558,15.360881,24.232569,16.263775,8.925993,3.750496,6.361536,11.8229885,12.092253,9.798543,5.3670874,5.9157157,5.6168137,4.1025143,2.1970747,4.594131,9.116596,29.423664,35.47531,11.997961,13.532407,10.221654,3.3782165,4.1141434,4.517036,5.5716233,7.970014,10.616514,10.174576,13.557185,12.461024,10.990445,23.96009,14.438573,3.37462,4.597054,6.3295116,16.245459,13.811107,3.2764728,3.7923548,2.7622123,8.410098,11.931802,13.76816,20.11323,15.011118,14.797362,24.301933,16.569607,17.025105,15.549582,6.132797,9.1332,6.189188,2.5339718,1.4060519,1.1185688,3.5443583,3.3024464,2.21299,3.9547322,3.3672645,3.2500086,16.727036,32.867508
0,0.13657436,0.39817005,2.2423873,5.134585,5.4731417,8.432458,17.16901,23.19314,28.045858,10.919686,7.290552,9.580409,13.367255,15.454245,19.934963,14.726453,15.554525,21.932737,13.902486,8.743159,2.292353,7.416727,9.42259,3.36213,14.605057,21.135752,8.824839,10.735714,16.844013,13.457914,62.12437,116.637955,55.554195,6.921909,16.01993,42.54961,48.63806,12.725198,2.382105,12.804293,38.93425,28.314236,5.9511166,2.6738613,11.662065,22.181139,44.875534,47.322727,46.017834,29.600832,20.947506,11.469298,11.490195,13.344387,17.137678,11.512891,6.0264754,14.425515,11.225992,8.059642,25.720585,44.057194,69.37758,39.30597,32.561405,49.610806,62.20905,63.41403,15.273809,2.1762366,10.410455,29.895582,21.56189,10.167856,17.726044,13.968865,8.331239,31.81947,45.919113,68.42788,42.02158,32.32509,38.203014,27.210308,20.269934,5.5576873,1.5894454,2.7993822,7.891319,12.281697,17.119913,18.198559,20.847944,26.838621,19.761526,15.457907,10.703358,42.652046,45.429836,11.220441,22.79603,27.955639,15.141681,8.783851,4.881466,14.616242,15.603874,20.084862,38.176315,42.200306,49.57324,36.996696,36.812344,48.400673,45.70511,42.673122,17.100143,8.830177,4.956634,10.409491,11.261805,13.555619,16.948107,15.282415,13.598311,5.7935257,6.5040493,12.390246,18.667608,18.545177,9.836824,33.66675,38.78176,10.022021,9.15236,12.187522,6.7554903,10.922835,17.957968,34.229557,28.966887,14.4821005,6.877114,16.834393,33.57641,34.7105,34.467365,28.813725,16.50891,4.152164,1.8028951,2.1842792,3.0430741,4.2999897,6.495872,9.441047,11.297986,9.221811,1.7753059,4.8334594,16.764961,33.99187,24.59116,18.858309,6.442717,3.6489806,3.5033128,5.628902,12.698353,17.954128,14.478263,10.366648,2.2523096,3.7257361,14.359386,26.809744,20.835943,21.361004,29.59574,16.744928,4.94073,2.9396977,5.490052,7.000661,3.4442887,9.40019,14.0044155,6.374851,4.013653,4.797824,8.0937,18.507938,33.89404
0,4.174372,4.9229736,3.6143422,7.07831,12.150143,17.846594,15.548207,9.929276,16.12294,26.517824,19.138754,15.676604,17.082066,16.96179,12.379527,12.328853,9.798589,10.773082,13.765847,17.711143,19.187939,19.67303,26.225233,19.175518,7.6559844,19.507078,28.029581,22.581503,18.639986,23.39382,19.272627,15.364043,15.467157,20.007662,21.671644,19.961964,10.559873,13.575404,25.088068,17.789564,7.7988825,10.770983,17.83459,12.68738,6.8082957,10.258255,19.540833,25.01023,23.973793,18.485405,11.142363,18.18174,16.039375,17.594084,19.239872,23.701773,19.621971,26.046968,27.419382,16.219427,15.526305,13.0833235,17.613394,17.391333,12.889255,12.950354,18.951626,23.943537,22.094814,16.349867,13.652005,23.032892,28.551558,20.117172,11.534703,14.45201,18.597664,23.669037,27.526098,19.729332,20.650415,18.239897,8.35824,4.7214384,8.709439,9.722189,9.544243,8.543169,10.922178,21.913988,17.503262,8.527309,10.405194,16.333874,11.786421,16.240292,18.848646,16.94796,9.397681,5.7764897,4.697748,8.175488,10.52199,9.0564575,7.487013,8.116141,9.643291,9.06327,15.555736,16.59357,11.411707,9.808469,9.843634,15.329967,13.215663,11.004847,8.489633,8.497274,7.745332,9.142129,6.6094775,13.308728,15.635816,13.606198,10.972333,7.9516068,11.20224,10.130529,6.4282627,9.035255,13.41115,15.865245,12.348952,7.2714953,5.180562,11.370504,10.574755,6.0320683,10.184187,8.800986,5.5736666,7.18634,5.7219205,8.442905,15.461721,10.401502,9.775558,12.309054,8.554474,3.739262,6.274329,8.450884,9.308571,8.827311,4.284143,7.991728,10.341925,6.9895754,6.5986204,7.0570374,7.667718,8.522078,9.7572565,7.4469237,5.32647,3.4506273,4.040611,5.8342614,7.0144305,7.26159,4.1235104,8.138085,8.049843,6.5498886,8.447342,5.0809464,2.7918265,4.138545,3.9655955,6.766652,10.842016,7.653745,5.1288853,5.901829,3.3746824,4.530802,5.9159904,4.478465,3.6967492,4.789344,5.1449337,4.71537,3.4777308
0,0.20890488,0.41025987,4.018076,13.398882,10.40191,2.5262434,15.198836,17.864672,4.661093,8.876442,15.9780655,7.220058,6.4936624,19.16571,13.532557,1.3468341,3.7803419,4.0369,0.914665,0.83714616,1.3698233,0.7048719,8.2515335,21.64926,13.929477,6.0521812,28.838152,28.180626,5.5769763,19.353443,28.689995,11.030602,112.251465,263.3255,153.20438,5.7972527,7.5267735,6.7443614,5.203721,50.36967,68.065475,21.6647,23.466888,49.218094,25.945322,8.47897,30.321232,24.650265,4.025978,19.251135,23.666986,6.617947,2.8698976,5.260793,2.6388602,9.342374,29.335855,21.755266,6.724134,39.96311,44.8186,10.900078,11.690326,19.906448,9.690361,70.5361,196.26878,132.08278,13.682827,48.998413,50.17297,11.236369,70.61327,110.00929,41.948273,25.360903,62.521053,38.238113,5.3086915,22.21431,20.728512,3.7083921,8.712031,12.2956915,4.1701074,1.9795648,4.3130207,2.61366,9.087161,34.822136,29.654593,5.323516,27.975737,36.036,10.77023,5.7091646,11.315307,6.382476,33.06634,110.782616,85.89498,12.82685,55.106956,64.77017,16.931938,61.995678,111.875084,50.393806,18.433079,54.28102,38.327503,3.4639232,5.3433905,5.671776,1.2947806,3.947835,6.446279,2.6256661,7.3385773,19.275417,12.36144,3.2459347,15.075941,14.749964,3.3233757,24.265526,36.034744,12.955195,12.76611,29.937967,17.451181,12.4721,51.252274,45.674404,9.052551,51.601913,69.74215,22.202785,44.053368,92.67244,48.801327,7.6758866,27.419027,22.272755,3.7297182,17.755447,21.85845,6.105384,6.273107,11.837402,5.6343884,3.6919568,11.591536,8.581613,1.1307586,4.618943,5.171983,1.3660004,14.177526,24.377625,10.403398,11.561205,32.175323,21.652037,3.369226,15.312493,15.670643,3.819423,31.750153,49.491314,18.902607,24.190687,59.89316,36.613953,3.6412892,14.264839,13.30067,3.4213827,28.085524,39.794838,13.478303,15.767608,34.927124,19.344002,1.6387775,6.047739,5.1634064,1.982514,16.039663,20.676582,6.1746354,13.7028675,27.410719
0,0.3365782,1.2177235,6.804709,7.4174223,1.7497227,1.372443,2.69712,21.845804,27.802631,8.92676,11.100954,7.805657,6.7948513,10.159555,6.7778554,20.789078,17.246035,6.168261,10.1013365,5.2137523,13.136544,12.792446,24.462608,51.810783,27.52092,12.372454,14.218764,26.642136,68.033104,43.08833,46.153076,61.99458,41.31594,114.44291,85.19548,19.227585,26.995016,12.270647,24.745567,21.66054,3.4811964,1.9881164,6.2073355,32.231834,33.103443,8.590503,11.705989,7.5474315,28.152052,33.952854,9.365824,4.4671626,3.350452,18.23548,25.880554,8.791293,1.7763588,2.2419503,44.294727,74.33818,35.097397,71.15285,65.6901,44.494987,86.403824,43.230694,9.783774,10.6126795,27.415966,65.69665,39.207172,14.784425,18.678709,5.7488804,5.3916607,3.8648155,12.289338,18.436432,9.428952,24.153976,20.027254,5.398641,8.381049,5.5791993,20.172016,19.645184,16.839588,34.80921,18.674053,19.885494,22.892788,49.06766,125.50966,79.220535,29.911201,39.675133,14.122155,21.186123,15.73071,4.086635,5.9059644,4.0715227,13.299119,11.643828,3.5584178,5.7695255,3.1458607,8.565656,8.796694,4.951815,10.351416,6.1884394,16.076256,19.407827,12.520938,31.457298,20.980629,15.415915,21.834526,9.893359,22.731743,17.860003,8.070957,13.187665,15.5840025,63.36746,58.491222,15.2168455,22.608728,11.574183,13.430912,14.568175,9.797256,22.30202,13.283211,4.4648013,5.651708,1.677939,0.7658519,0.530635,0.23734562,0.35457078,0.6022063,2.170107,1.8452477,13.829507,24.581194,10.940414,6.60269,6.426471,4.64681,9.564672,7.027274,31.251448,35.733643,16.560492,36.191624,22.87198,15.690626,20.97567,9.16181,19.736748,14.703052,5.534225,8.441259,5.2021437,16.345398,14.300173,3.4379408,4.947992,3.0707288,10.720165,11.006894,3.334367,5.522308,3.217412,6.646193,8.022396,7.531336,19.760683,13.174103,5.8019066,8.192428,8.573479,27.806448,21.86073,12.254922,20.052425,8.8827,14.01294,12.9212,5.65927,10.340489
0,7.44953,7.939367,6.851231,7.4415064,5.254827,3.9558365,8.374742,8.655297,2.0764325,2.0629396,4.460223,4.930388,6.664859,4.290758,1.9281038,3.2510188,2.0848944,2.7232735,4.8157163,4.1095276,3.7854507,4.884142,9.259699,10.37693,9.411883,20.53785,24.907164,35.906925,22.929909,6.3242216,6.3618197,9.806373,11.65675,5.6983213,5.0829515,13.526779,14.271432,11.679332,11.752479,13.116451,11.56877,6.667755,11.937922,22.91661,13.733267,4.37451,4.265177,10.980991,16.021656,10.748792,15.122347,19.89705,16.257391,25.912903,22.87137,19.668732,14.117755,3.317118,5.196178,9.984229,6.6543946,5.324245,11.992125,15.791682,8.828937,10.994317,24.146656,24.208752,14.180714,18.271458,20.264372,15.3120985,7.059329,4.834718,6.113186,6.8159757,8.441193,5.8716507,10.6671295,22.667881,28.311062,24.278198,15.256296,6.135204,8.535533,7.7508984,15.268969,20.468477,15.953664,18.595066,14.564672,10.824802,20.789776,21.912954,11.819768,11.426365,14.177749,13.499504,7.806875,14.478744,13.879513,9.190513,7.403141,15.351327,22.392323,23.448101,10.757829,6.099607,9.775004,14.412531,10.84604,7.254542,7.8209195,15.721272,14.065555,10.950333,10.18258,15.533269,12.5897,11.712199,8.753788,17.189,24.183252,12.633246,11.443663,12.042694,5.103107,6.9441175,12.029983,13.431797,9.753251,7.652337,4.5441966,5.1574197,6.566922,7.328078,6.6044893,4.155983,3.3994071,11.929141,15.56004,10.1923895,6.1411796,9.977649,8.073698,10.515384,11.390658,8.930185,12.159325,15.466221,9.11814,11.210038,10.854278,7.1631575,9.519024,9.837558,6.556624,4.8243966,3.972816,2.5306172,5.1404295,10.268403,10.947516,5.4752703,3.102296,5.0719147,7.225522,3.4329042,2.8993046,5.442375,8.791278,7.1445866,6.4671183,7.075601,7.113196,5.1232486,4.0765457,4.149352,6.1470504,6.425716,6.4585824,9.445388,7.718964,7.22496,7.107405,4.461729,5.3476696,8.676646,6.6066036,6.7965117,4.5879836,2.9419065,3.5619328
0,1.511829,12.175705,23.15843,16.503784,7.2270613,6.5779824,10.061151,11.878091,12.575149,13.299809,21.310633,23.884615,14.909746,12.018147,4.8724885,16.461208,25.079123,31.37598,24.593304,16.85508,11.248262,8.792592,17.86297,20.44463,17.169388,10.357122,15.051868,16.568659,26.347305,57.36468,64.826355,42.1953,33.68154,19.327785,7.5730534,18.597757,24.44061,11.988749,25.455528,39.02014,42.94034,33.353355,15.470153,13.248182,30.459824,31.497084,51.878567,42.284595,22.25187,21.364674,27.159752,37.92129,27.97346,25.645966,16.635736,19.592556,16.607536,15.306465,7.470183,8.805135,10.664189,12.769192,17.899393,17.63898,17.178198,9.961276,14.248185,25.010857,46.425957,65.88602,55.026833,21.979181,8.341717,14.117239,21.875917,29.762054,59.43846,42.05892,15.762434,30.31818,24.296474,16.723837,20.838234,14.826311,18.454838,14.387971,18.388758,29.413113,21.268698,17.018982,9.596529,6.124294,10.451926,19.17007,19.747679,11.750145,25.327236,29.837135,19.790327,33.235775,28.363014,10.7668705,8.507166,7.7222,15.640862,30.080442,42.293377,25.190752,22.490854,36.168076,46.267254,25.222485,23.59856,16.21184,13.65204,21.566263,28.156351,16.615044,14.019431,17.466375,11.52514,10.656575,16.643213,16.612747,14.795917,23.788223,21.595919,10.86119,11.069889,9.091575,8.567558,16.3759,20.88458,12.11519,11.976919,26.899477,18.570608,21.475052,19.228062,20.879406,16.117489,16.723108,11.913294,8.113158,6.6749654,37.495438,48.779385,18.131136,10.007843,10.718679,11.01483,13.263516,10.275812,6.376261,6.792094,11.549123,14.3490505,12.231638,6.7459464,6.966938,14.141393,20.128117,17.00555,27.815638,17.698338,8.889169,13.32572,6.445513,5.224722,9.629297,8.992297,7.382274,10.089463,10.404185,18.288784,27.359701,22.193571,5.9033885,9.572007,17.94864,17.46786,9.195252,8.545595,6.972501,1.9742947,1.4068751,3.7954185,8.813407,6.342163,2.8179514,5.2211275,17.636974,31.011738
0,4.4502177,15.846177,17.519495,14.165486,14.732243,11.483206,2.6774552,4.5009165,9.647619,11.526047,23.75292,23.984816,12.70142,16.720997,20.634912,23.01526,15.626212,16.51647,16.1606,12.357578,24.05049,53.27703,39.6941,28.512585,19.196512,15.792141,8.815879,20.767193,25.984184,15.475245,22.722904,29.55769,62.995266,52.32324,22.638847,14.401982,16.271252,23.920555,24.081987,18.59117,6.078163,10.454758,19.763136,21.29528,24.675312,22.130028,22.30804,18.727463,15.366522,17.155884,37.919804,44.750603,27.401545,65.68415,65.71583,28.271944,31.192837,34.56355,22.667532,23.099424,38.540447,33.215973,28.161257,15.510734,21.450418,23.923117,16.298416,14.574145,16.065239,13.674094,16.654095,14.954267,9.113726,7.5214725,8.734589,13.972088,12.489721,28.567078,33.939106,30.780943,27.106018,22.68019,19.265835,17.39324,13.749595,34.701065,46.978054,24.395483,15.338122,19.23202,32.225777,27.57846,20.820107,13.861375,16.692184,9.919613,10.65517,9.353004,10.802491,16.777933,15.499297,19.695969,12.933432,24.424986,36.82298,22.270962,15.788844,15.424658,9.682201,11.947659,19.265818,15.299917,27.19892,23.773743,21.053257,17.460392,31.402416,22.774837,6.2786226,12.628332,17.996428,19.694046,24.481401,21.412455,8.205277,9.372209,6.2818837,3.2248034,7.9408536,11.57722,15.554525,20.986177,12.057157,8.632029,6.2155695,3.186627,5.9074492,12.899021,16.715595,12.0536995,16.047474,14.843602,15.635307,18.834839,19.533216,15.514306,12.069633,8.956649,8.162996,7.34951,11.59159,10.770743,3.2799616,2.7290564,8.622153,8.199886,12.219009,13.920712,16.10652,16.287098,8.067408,12.247105,15.653115,20.540377,20.700634,15.673372,13.444787,10.490375,11.824122,10.951659,8.8425665,5.4344254,3.736268,1.7690041,5.236558,7.4707446,7.5141273,7.604661,10.703687,14.123668,10.289254,9.858363,9.48916,8.4553,11.324858,9.592661,8.161888,8.417951,5.419306,4.6146145,5.317844,6.990318,7.218691
0,3.9118176,9.689266,10.068301,9.479766,24.76983,21.481781,3.5745492,2.6455731,22.589317,33.53582,13.293776,8.915965,10.826794,4.967325,3.120607,7.5579276,17.805262,32.407795,34.987663,13.837301,22.50037,22.36628,5.6622577,12.975892,12.867955,15.155552,50.75482,44.54478,19.47777,18.076242,16.620148,19.425383,36.60754,29.425613,22.136988,28.178104,18.018064,5.0728674,6.460522,6.281813,5.7681713,5.2756047,21.541403,23.374844,18.140198,14.504782,15.642959,19.58724,9.767848,24.85588,38.670387,18.058405,16.589481,22.650373,26.447683,17.804922,7.317617,17.533878,23.008263,24.128174,7.7779493,7.0879965,9.506096,13.015618,8.149598,7.940353,12.252635,7.5847254,11.837828,18.46753,8.691578,12.536924,19.067537,14.786158,33.058586,45.165627,31.26034,24.187881,20.490929,18.816284,16.97895,15.281727,8.442006,13.519585,15.212196,14.193184,8.397385,9.671111,15.7289715,7.16722,1.6275721,9.171175,31.377449,25.65105,8.155568,8.612173,7.9583354,12.676949,28.805687,21.156729,16.574186,29.555504,23.485672,19.281452,17.611773,13.160961,9.839729,7.7017345,27.072508,29.755724,27.611994,15.712614,10.697691,10.120094,7.1176853,10.234088,13.507036,5.70889,17.540567,23.689505,12.87375,8.036016,5.065945,2.5124218,9.876055,11.048365,5.849329,23.67201,24.00523,5.947365,10.846362,12.041162,11.992264,5.249269,3.908157,7.026259,12.177113,11.238933,9.319413,4.7556877,9.070439,11.474203,4.0980744,9.913413,12.836709,12.498115,7.6983047,3.5573509,2.9771016,13.919319,14.856182,10.832508,9.20951,7.981257,7.076058,10.641238,8.809428,4.1210356,5.44578,7.914469,9.976266,8.049955,6.2095137,4.680421,1.8122998,6.0560737,7.1870613,3.7776601,7.051382,7.3201303,2.0030656,5.565286,8.459788,12.166616,7.1562085,5.594839,8.594394,20.333183,16.809652,6.2642965,4.8570805,3.246612,0.76068217,1.1116072,1.7291127,2.1681736,2.2802582,1.4086248,6.0327406,13.379759,9.035532,5.586532,2.5136175
0,6.883321,7.163934,9.784078,9.399215,10.166858,6.9260864,5.944965,14.809851,17.509413,12.864839,19.782513,29.592596,30.457455,23.375479,14.040995,8.455131,9.90107,10.021112,5.715477,11.467292,19.827032,32.02624,25.416916,24.355785,34.930237,32.331657,36.265347,22.641386,9.135265,14.19885,20.884026,33.95878,35.44947,22.208204,31.957005,37.94381,33.06455,36.98886,26.992893,14.126648,16.45792,14.985283,16.211288,17.632957,20.654457,28.468569,31.117208,25.93592,18.641052,24.272429,20.307673,22.291216,34.528202,29.686234,25.283833,55.272694,49.52913,29.791553,32.108135,19.177242,18.431063,23.317366,20.816708,15.343973,22.454672,23.529617,29.740612,28.044619,18.107967,15.205083,13.519672,17.39653,16.52153,11.408276,13.783618,18.396755,23.472406,17.958138,33.770035,47.49939,32.96145,16.977142,29.118507,34.026283,13.930227,17.68725,29.736652,28.986748,14.488379,23.503008,50.275673,39.76075,27.255487,22.101048,17.657574,16.225595,10.474485,12.992164,19.846096,19.674612,17.07408,15.598778,15.110093,20.972239,21.209068,20.975178,24.472992,16.252413,18.025434,17.874704,29.423746,20.075275,16.316032,19.042347,16.841795,24.131226,24.54384,27.568655,17.47112,17.005468,14.343799,10.715392,10.678746,15.395185,16.744986,15.9428215,14.283103,14.281083,17.807594,14.063032,17.963566,15.545125,10.49269,8.982182,15.314747,17.033592,10.438509,14.114762,19.699442,13.488553,12.804653,13.077065,19.492277,27.168327,19.378138,21.88792,19.312698,8.717083,8.821163,13.552213,14.157221,7.359386,9.69903,9.853459,10.540207,8.847771,15.309606,15.311039,10.083661,10.016588,7.249303,15.044071,17.285202,12.072558,12.21178,9.319189,15.142711,15.618009,13.465077,16.20315,15.647562,9.970431,16.29569,15.267663,13.345717,20.310999,15.294014,15.857492,10.870049,11.279112,7.610277,9.570844,7.047601,9.997581,12.020946,10.854298,13.438333,12.816992,13.183498,10.346152,5.074768,7.8394585,12.484507
0,8.779474,11.155323,7.411369,6.015666,4.617283,7.92738,19.940237,28.289755,47.326836,59.334457,23.802948,10.648178,19.34185,10.846653,2.2488952,8.903828,31.860874,36.551674,28.78079,26.782505,36.35658,43.42345,17.673569,16.612934,39.48694,74.479805,91.55658,63.140118,37.226524,42.49215,25.71158,19.745968,41.11155,56.0038,27.972721,31.754503,28.504677,16.770311,30.296413,27.068201,13.065077,12.870244,25.283346,37.355373,30.789343,51.309868,29.352367,39.41595,34.52988,20.807676,15.628116,59.47152,65.28605,45.052696,59.19324,34.327442,33.847607,25.041222,36.35797,45.183434,32.194717,20.942884,34.522747,34.41513,15.447467,24.594883,37.159435,18.28244,7.196715,12.7889,24.724401,58.182137,50.658615,23.700733,8.886669,2.4153178,4.904122,8.601176,12.391244,32.529366,64.623795,41.8984,13.598696,7.8343678,29.159538,35.43326,28.01834,24.10277,31.48572,34.195698,15.589399,15.3297415,36.26997,23.767166,13.419763,14.974912,37.77763,51.540497,42.22071,20.384007,28.569971,26.988672,14.828534,9.469309,21.67339,42.273716,42.83552,27.393003,10.852886,13.335518,14.421806,13.688838,22.854204,29.524334,35.725647,23.23727,16.040195,21.369421,26.907343,21.6347,7.3402953,8.545796,26.904509,44.228775,26.469936,35.522923,20.999485,24.016575,25.179602,20.737165,16.26714,17.194313,18.571167,21.123465,32.090054,26.02543,24.735594,14.184951,18.552399,14.891328,9.235445,7.5814414,26.715229,37.535652,29.32701,13.634884,6.1029677,8.205528,8.366869,18.700115,18.832636,35.837627,33.912476,15.390089,3.353213,8.809805,14.098699,11.216707,12.851154,25.846296,24.037663,28.778526,21.236616,18.636927,17.68305,7.8029685,6.6403513,16.278599,27.468004,24.780533,19.094566,11.715767,18.357529,15.473741,7.233477,3.4467084,11.044033,15.053415,12.076053,6.9668913,8.077451,18.312824,23.291338,14.927128,7.3240013,21.130941,18.940325,5.148751,9.127218,22.311295,30.852304,17.083519,13.958509
0,3.5641537,9.545896,9.991629,4.8654723,20.211296,20.193151,6.6211777,20.940947,20.915766,6.839605,21.459953,24.344517,23.421251,18.520288,17.448797,19.00762,10.451759,7.372114,11.946333,17.91787,20.331995,22.768152,12.953555,7.7458286,14.062981,57.685184,57.558308,12.195653,13.088432,19.024008,27.946936,14.020863,11.431719,22.963797,23.839382,21.738504,13.766284,25.473173,29.445126,32.351013,30.896637,26.705801,8.375721,6.271493,10.051249,17.119162,9.222538,7.0483785,13.393228,27.261059,26.897686,9.706696,13.44414,29.153006,54.05222,68.95711,64.8052,29.920345,37.415386,38.16081,30.145037,14.664518,16.971981,34.345657,31.03024,37.18149,53.36747,30.962593,23.349571,33.589146,18.022957,9.982467,14.726026,12.72083,16.817213,26.79393,18.868313,18.412127,25.920422,29.654846,38.296413,54.410522,33.03189,22.490616,23.962948,12.775523,4.747743,2.384276,8.890603,10.19161,10.724167,16.094334,23.67308,36.86165,29.278803,26.749298,28.336315,19.087975,17.781443,24.272905,12.900496,4.5492954,2.836971,12.700059,17.753069,24.960354,18.574516,14.447471,8.712899,5.6327877,3.9676461,3.550679,15.821505,21.801783,30.500233,19.358875,12.515992,7.6595144,22.523727,23.941462,18.08238,19.968338,20.839577,21.61166,11.810922,5.698126,8.352719,31.570965,31.749569,10.765557,5.9330726,12.278599,23.39403,12.431931,19.306612,37.705936,20.311659,8.102013,8.794753,31.23209,31.294147,10.390971,12.393564,13.597144,14.462194,22.764732,23.722313,19.511026,15.973935,12.951048,2.6922202,3.1288798,12.362014,23.89693,12.121558,2.117406,1.4994493,2.342471,3.342433,5.8812504,16.334435,16.671213,8.865685,6.368335,5.1756754,3.9409244,5.302997,5.185931,3.4441283,8.1778345,9.470173,10.284767,6.054494,4.486061,6.0929785,3.3425999,7.3610525,14.627748,15.28119,14.597735,12.032684,19.60847,20.574907,16.66948,8.665512,12.543248,24.385784,13.202752,9.205837,16.113033,24.34407,23.345343,9.78917
0,3.4356382,4.146276,8.699515,11.365761,11.329303,16.827871,19.515371,13.807424,25.313986,39.802353,35.01342,23.301863,19.943521,16.162151,12.233787,19.15913,19.39306,14.950925,19.962017,31.516724,24.01874,24.825562,38.209507,26.233313,14.492497,13.810341,12.343446,21.440466,23.313633,9.080774,8.8091545,13.726607,11.815768,42.002636,56.165104,32.546577,26.287241,26.066586,24.767601,30.712013,39.84628,50.075703,72.981636,135.13802,102.22226,40.581856,49.65976,31.410168,22.003935,37.173462,31.873226,34.44294,34.141907,30.701567,29.928988,35.09303,25.033232,19.801764,22.353962,38.919098,34.26867,24.277487,39.48744,52.431698,57.271614,56.236565,41.07562,24.089418,25.798605,19.757343,25.09904,55.481873,46.911396,29.148972,19.346153,22.683458,23.07189,21.939573,33.607403,28.41339,19.918665,18.678799,37.976616,41.190536,45.74187,76.705475,60.645782,68.62831,49.809803,30.430285,64.198555,62.10191,28.020073,18.2428,27.747202,31.169453,21.060442,18.188969,18.55939,21.254204,22.086134,12.401192,15.89336,13.553583,23.066334,29.664398,53.122387,88.59397,58.685856,32.593517,22.070618,27.78383,35.150826,38.016174,24.411463,25.172947,21.318783,15.837874,15.888266,19.252728,18.2984,13.482027,14.77597,16.077766,8.697624,11.356838,15.894033,18.727142,21.999638,21.865736,17.634888,10.003668,8.223172,31.275438,42.711647,24.726555,11.105395,11.078052,20.462353,33.89208,24.276182,13.2266245,15.729033,9.928415,6.0509405,15.752025,23.719736,17.545755,14.605726,25.058123,56.803482,41.250103,18.04393,16.203066,9.950724,12.297748,14.730971,13.196506,14.104465,27.520658,36.828392,22.04204,14.30428,23.716105,21.832565,14.619398,10.273159,3.2857344,4.688682,7.359435,9.05866,8.960949,11.731122,17.904083,11.637722,7.9717093,6.555707,11.245948,13.548094,11.775082,17.014057,32.685234,26.888859,16.310404,10.525268,11.010057,10.555682,13.233214,15.0455265,16.376928,13.876313,16.914083,20.604832
0,2.3692594,6.3600097,9.560693,14.497201,13.719395,11.805809,3.8607826,3.172487,3.1927872,3.499886,7.62832,8.051581,6.252234,3.073869,4.1095214,8.221822,5.825869,11.137174,20.966858,18.85631,16.864826,13.265141,15.256028,20.395964,30.312357,16.12256,6.2644095,11.979492,56.21553,57.060146,23.605618,21.219221,19.671312,15.183357,22.644247,22.121302,11.428961,7.085149,17.095709,32.808285,16.402588,6.6317105,13.442695,15.153195,13.826886,4.7204585,8.664152,23.76001,44.374893,27.846313,18.575174,18.567293,56.49361,55.992874,11.552233,6.7399945,24.207924,46.71436,26.605616,24.383877,41.91576,21.43157,18.054878,34.786484,18.932114,18.851215,34.607826,17.865675,10.764646,19.816124,12.6313,18.753033,34.250362,17.703253,6.288752,8.561838,5.1491423,9.362884,17.826597,9.916634,14.581645,28.22586,24.709488,20.301989,4.4920053,6.0855327,6.4538827,6.5793643,23.81326,24.721392,17.116982,44.44328,45.18059,23.137527,11.451183,9.454351,17.496037,21.20868,21.467241,20.041622,32.477615,31.317589,10.267739,4.2109675,0.7764343,1.1174107,5.09681,5.9928308,7.2043886,16.881384,17.439548,12.4639225,30.33327,31.912922,23.479437,11.532535,6.5441847,12.859763,13.544423,12.067992,4.6975703,9.639988,17.704367,30.157827,16.34331,8.138313,10.007674,5.708002,8.397758,15.768087,8.58473,4.687582,6.2692504,3.3722873,6.185308,12.262483,11.761205,10.8790455,8.518333,9.853978,11.306749,13.930302,8.825804,5.979386,6.6631145,22.679708,22.586092,5.3347597,4.394091,6.7018127,10.692081,11.63196,10.769606,5.934406,2.834712,1.7488774,3.564809,5.8362045,6.3480263,6.526406,13.184167,12.896357,3.7661464,11.351322,11.30391,3.3947628,12.313281,12.583957,5.8056135,7.4616814,8.061021,8.064623,7.3192577,7.5702224,8.733054,5.8002267,5.077811,7.1318417,15.368942,15.234158,5.810095,4.961166,4.2613974,0.9273895,1.0695052,1.298061,1.9340938,5.99587,7.677581,9.874164,4.962289,12.063892,24.069963
0,0.5829744,4.005966,11.962697,9.373957,17.592237,18.021486,19.610926,28.004852,9.8490305,2.858899,7.4814334,23.906866,18.81862,27.656395,29.574793,11.346202,14.134001,7.0827575,10.777337,10.554752,30.50625,25.030766,40.8234,45.86517,16.82639,19.979168,7.9284415,2.2418456,3.6238723,12.682513,10.974519,21.501219,25.32651,6.695461,1.7234582,3.2764413,8.004853,6.8371167,19.308395,16.951395,12.819496,15.56799,7.0110345,9.855605,20.489862,53.069214,34.315613,9.056791,8.958301,36.010147,46.71783,33.411083,56.23173,30.332674,42.201878,30.864874,56.017467,53.882782,29.838339,38.455975,52.461414,100.45057,50.234894,26.340427,20.565563,42.111454,42.396667,21.186304,27.846556,18.409708,32.452366,17.46214,14.537313,11.140285,14.9439945,15.968104,33.85191,50.453583,22.674213,29.649036,16.900507,17.569641,13.789109,6.080978,6.522093,7.921653,12.314051,30.763384,70.38361,40.570705,11.523837,10.2743635,27.504948,31.8929,18.553549,27.4223,19.984068,40.089,25.967325,35.630684,30.696028,14.586156,16.955923,5.537938,5.358978,13.858584,35.47799,22.720182,11.810844,10.585109,2.6794133,2.6473987,6.5424185,11.913916,16.216492,41.871193,28.407534,25.753984,24.346972,6.502927,6.396643,28.658958,55.145054,26.694849,5.201021,3.6579034,1.6584495,2.131794,16.075327,22.596357,7.901062,4.4367137,4.477038,11.944113,9.474051,18.751183,19.490858,16.926453,24.287952,13.996763,23.419806,16.393406,34.567093,26.733917,15.339309,16.452892,12.051649,17.794155,11.214617,20.537655,12.4825115,16.979635,14.049434,20.828827,23.768368,16.79057,25.473433,11.780787,13.751209,8.622118,10.147324,8.625284,4.3946424,5.0682335,13.037452,22.185352,11.039993,14.929003,9.558398,8.442748,7.492844,4.24157,5.156206,13.7326,24.585516,11.475574,8.888832,7.2031064,18.483364,17.312563,15.565396,20.08188,12.612622,20.708586,12.624852,22.365997,15.728142,14.390918,13.991398,5.47834,6.668919,6.7574267,12.7459755
0,4.262962,10.253771,12.006422,12.488168,14.3414545,12.309105,11.709761,12.678742,9.68473,7.761003,8.151226,6.1034718,10.616109,18.606413,20.756765,29.90197,40.772602,27.82598,18.453514,12.778815,7.430932,13.945337,16.313065,12.624729,10.174015,13.303498,21.419899,20.438253,28.295122,29.539791,29.179184,45.48895,85.85146,107.519714,102.433235,60.856216,43.04807,39.704906,29.621891,18.943335,11.610384,13.298225,24.108717,23.306328,16.701439,12.668403,9.022187,18.25295,29.792572,42.994705,39.904266,29.714794,16.293644,19.062006,18.911171,14.524398,16.858904,25.284142,24.103117,19.673567,23.6359,29.106197,41.648853,36.890514,50.34909,80.917076,86.80389,73.868095,62.375534,36.074173,42.738873,24.641443,23.839872,24.973642,38.49218,25.360212,20.20442,32.97157,29.736204,18.34316,18.448942,38.740215,34.455395,21.575344,32.919266,25.443718,17.871965,17.043135,15.204301,11.087905,9.824498,8.562757,14.58474,20.556871,19.235714,23.290161,28.32121,46.437225,45.922554,52.331455,79.20705,41.9336,14.791255,20.06533,27.14794,17.157677,29.018187,26.667297,15.356537,14.435016,20.849388,23.483747,23.143,18.61089,24.69128,36.824066,33.76729,26.070108,12.831726,14.424784,13.444897,7.35234,7.69328,8.045655,7.6319084,17.32596,28.745333,28.754393,27.774437,24.11154,40.048374,41.597713,24.720156,27.290874,29.300625,23.419418,22.0159,29.052227,20.847712,16.526415,13.535285,14.052796,21.69855,33.35749,27.128263,23.3013,14.104761,15.110005,21.953823,18.76511,10.700406,8.997062,7.893624,13.373125,14.727826,11.950414,10.307158,9.670319,17.509535,21.265612,19.19039,17.130278,8.045969,9.77077,14.980559,15.933397,22.546831,24.360306,20.09023,23.368269,25.70781,12.512759,14.562099,15.551647,20.034575,20.737637,23.05592,24.689466,16.765516,18.220835,20.81095,22.00511,9.754626,15.554502,17.403967,9.809505,12.223326,9.915547,9.405681,7.660953,5.946376,15.586349,23.049526
0,0.9297156,2.5644708,3.0201285,2.900917,3.0492885,3.033649,3.1298926,10.32495,16.8041,28.366886,26.690363,26.385574,25.244078,21.71652,19.032354,5.5264173,19.560066,23.262817,7.135792,18.784252,27.73973,41.283318,30.931273,21.243721,7.156934,32.74889,42.913696,15.1650915,13.649958,16.953348,8.485174,68.53842,95.92287,40.956184,42.81598,55.987247,25.57663,42.17254,60.221336,23.120605,8.6129465,9.049228,4.963285,27.051336,43.601322,32.55905,25.218699,17.54152,8.325104,6.3735213,11.464459,31.0003,32.754494,33.21348,15.226562,5.0874853,8.296295,30.412748,32.5155,31.344759,41.691795,38.095684,11.566304,4.6063647,11.220074,24.730934,56.356884,56.969757,20.375072,77.45812,82.050674,24.425686,33.93603,36.400406,15.673768,13.2579775,15.231016,21.046196,13.010605,6.8917685,9.756436,12.182816,15.693574,23.222126,16.970997,11.687041,5.904526,13.04074,16.814909,12.26743,29.474094,41.402145,48.602577,37.25836,25.770378,17.556932,15.232511,16.373396,21.304977,22.086964,27.162516,43.745937,33.27703,25.944067,77.897575,60.92783,9.8868885,2.9455085,10.254444,16.937635,15.490394,11.649967,2.4569383,6.859769,7.1500077,7.723096,13.73962,17.692259,23.322565,11.909179,15.534261,26.864676,20.48871,16.862875,12.654122,13.82467,12.218859,2.8302577,7.553014,13.852448,24.01455,17.592285,13.040206,2.860994,3.7724383,21.453857,46.484886,26.326975,10.257151,16.331861,11.602457,12.280873,22.459486,15.659542,10.428856,8.073983,12.340012,15.563582,18.354778,22.987347,25.444136,13.019503,9.318715,8.64891,9.717689,11.199182,12.73157,8.78205,6.3839936,5.6415234,10.723427,19.175018,25.221714,11.5695915,10.067519,12.938655,14.4970875,10.594006,5.5389614,18.138008,17.071478,15.095044,9.184123,16.419783,25.48076,19.400795,15.491953,11.67252,7.8227663,6.211202,5.4177732,2.381195,6.8541102,12.54535,11.309085,10.501928,10.792499,19.010426,17.622555,4.599039,1.6831181,8.896033,17.783266
0,0.010200412,0.0137743745,0.07739032,0.2558264,0.22329077,0.6607734,4.561617,5.3580203,1.4146506,7.7746143,14.052554,6.3348656,7.2203436,21.332172,15.065217,2.1909297,10.09875,10.809304,2.4467838,4.396807,7.156235,3.261508,26.958971,70.74913,45.409176,6.26365,27.21182,26.570929,5.176097,10.788331,16.020733,5.763585,13.72,32.188698,18.726753,0.6752896,0.3889608,0.36137685,0.9500693,9.328871,12.612696,4.0092916,6.9200435,14.562351,7.8828053,16.758404,59.98449,48.736298,6.336669,2.0388284,2.149944,0.63246983,2.000391,3.8212519,2.5881965,22.552042,70.87085,52.466724,7.4932604,33.626568,37.676727,9.2379265,29.100664,50.04455,21.324205,17.358225,48.252766,32.610687,16.590391,85.81759,87.79491,18.35553,20.355398,31.574173,12.020482,3.6717405,8.973378,5.592238,9.588074,42.485012,39.685215,8.368446,54.362396,76.96445,26.0562,7.8384323,16.985971,9.436311,10.464985,40.05748,34.112656,5.710589,25.660156,33.04918,9.870068,12.26053,24.496677,12.239539,3.1416693,10.510007,8.158135,1.3620806,6.915665,8.122691,2.1206923,6.142544,11.089271,5.090463,14.82135,43.801197,30.91285,3.1187053,8.574579,9.186563,2.078545,4.9666753,8.115678,3.2746584,4.3924103,11.518923,7.436776,4.9962792,23.904577,23.383987,5.60323,46.449047,68.98045,24.804678,13.883134,32.28606,18.790161,3.657746,14.776097,13.165695,2.4974985,12.8844795,17.416607,5.538549,3.17737,6.6353264,3.5217104,3.925898,14.053035,11.420329,1.5742164,4.27842,5.2528076,1.5023409,29.73645,56.494167,26.80742,3.8229313,11.99441,8.87824,1.379986,6.6446586,7.4445586,1.8964171,14.915851,25.64726,10.929245,6.3783355,17.732895,11.943298,2.2139113,10.667821,10.906942,2.439237,13.867491,21.621447,8.236262,0.7014796,1.3610015,0.96506214,4.0060897,17.770906,16.58494,2.9618466,5.5553946,7.859526,2.6610794,7.313602,16.253536,8.99492,0.5960064,2.0979443,1.840111,2.2811265,19.682373,25.377089,7.5774817,3.18406,6.2455263
0,2.591477,7.8579345,12.253551,18.403873,24.3759,10.802257,3.7204785,6.0631976,10.8377285,9.330549,6.4627934,9.007234,5.357171,3.8711765,10.060629,14.210716,9.214392,9.056483,3.3081932,9.665774,22.533731,18.825024,7.1041536,5.370588,6.7936444,14.338873,20.366125,19.993628,28.513226,61.890347,71.18659,57.829624,108.60342,122.273125,89.14932,118.90273,83.98333,41.681774,29.745872,12.123632,11.3754425,13.766776,19.932058,22.102283,17.917418,16.945997,28.695343,22.880907,12.901253,9.698734,17.101288,31.10185,27.966337,27.31317,39.667862,33.479958,35.90928,24.502415,21.67312,27.149712,49.392666,49.83439,54.34247,106.5522,68.16042,49.95,82.4816,110.291176,124.04287,66.30587,53.788967,55.095703,26.6802,6.266487,14.44251,34.34259,26.317238,21.04198,15.78492,8.717832,9.264189,6.1974397,6.2010946,5.2563915,10.469252,11.864108,24.140099,36.803772,23.895948,21.7895,37.62779,29.87259,35.607357,29.981594,32.843246,49.882,44.05718,15.423984,27.39692,56.059544,55.623558,74.24811,65.00313,83.74975,47.236324,26.086855,22.06769,21.25548,28.9802,30.432568,23.322725,16.46004,17.35679,15.171236,10.75656,8.581848,12.379751,11.180329,11.644317,24.036207,24.2918,10.48795,12.112167,12.621758,25.061674,22.914896,22.191187,15.667385,20.302313,33.61422,46.14486,32.677216,46.06064,46.959625,18.600689,20.460989,48.386898,40.86974,12.760991,10.503526,9.699718,13.596669,11.929874,13.318228,5.952642,4.876983,16.755053,20.384205,12.839573,7.42196,7.0121255,6.091316,10.800948,18.212944,13.923634,18.908823,14.521718,26.200535,35.87986,22.773476,15.957903,14.293805,19.619225,26.147392,17.727146,12.111115,23.16852,22.019573,23.446634,20.613424,10.478268,10.789085,10.332461,11.764368,10.675749,10.41005,28.044325,20.951532,7.2624946,7.606199,11.348032,15.308469,7.226518,4.1685743,7.6779976,8.783822,12.634972,11.624967,6.3824615,7.44781,14.184064,24.14618,22.973177
0,0.114944145,0.38958576,1.6231396,7.0653877,6.777941,3.0332096,2.0853496,1.7826552,1.8160667,3.2607155,9.99837,12.61745,22.276093,13.27362,4.2697096,6.3937907,7.231103,8.400303,11.256624,19.412682,13.658181,12.932411,4.809522,31.544935,89.20279,61.070316,12.145999,9.778443,10.481574,7.7273693,6.650793,5.1561837,4.418364,6.541226,25.951176,32.50216,49.96443,39.775837,16.816416,19.193798,25.059433,15.742823,15.053754,21.300594,15.800895,9.882413,8.307493,12.1362295,35.18413,32.10979,8.469531,4.29668,1.5469961,8.810202,10.385738,3.6298754,4.81057,10.129013,31.289194,47.411278,49.181416,48.81086,13.059853,12.753966,22.678366,14.217759,12.633734,23.005219,22.01537,13.245489,17.386724,27.034277,12.532245,4.8903146,6.9206257,6.168915,5.1816535,3.5913277,3.0773096,2.2002964,3.742327,10.251606,16.012735,29.032269,25.635164,29.517225,13.359958,10.240628,14.302265,9.9210415,4.3142548,12.652721,16.242516,14.895942,21.233276,42.26467,27.417423,16.238,13.47772,13.333574,4.124394,3.121036,5.243311,2.877004,1.5622932,7.1245203,7.2522016,1.544264,3.531052,6.8820086,14.896549,19.276342,11.301429,8.900613,3.6445243,6.087562,9.81989,8.79105,11.291077,24.223879,22.662277,25.715368,17.0365,13.584919,5.0759263,1.2547513,2.963588,3.9951735,6.67302,3.9033883,3.0671737,5.8425803,5.819161,5.5302405,13.52077,23.11051,11.771143,7.0836115,2.226755,3.1392422,7.0974646,5.695753,6.111476,2.8135087,4.773597,14.628219,11.186485,2.646675,1.4232385,1.0219529,2.0831406,2.4825475,4.0272,2.9861755,2.7001653,12.844562,16.255308,8.260037,10.464892,20.99445,13.566531,7.433574,3.6911433,2.6571517,3.7140703,3.8972094,5.6465983,9.3961525,13.19868,9.9204445,9.209661,7.550795,6.2799773,6.8634562,3.4744382,1.5110351,2.0429273,2.8989654,5.8771296,5.053228,5.908172,9.33626,10.794144,7.141827,5.4028993,1.417404,2.3836284,3.673509,7.426106,7.793298,3.6016722,8.170021,15.602911
0,0.93284565,6.308785,9.329018,5.1744633,4.6987123,5.7124333,10.02826,21.429167,14.697618,12.993762,22.373154,27.127802,10.487669,7.5424647,9.858238,12.325896,20.784643,11.742437,7.8316727,2.8401673,1.8117322,5.677074,31.880627,74.87459,44.31394,9.451843,22.543049,28.862606,35.31869,31.929544,7.6359367,4.223265,4.6610126,32.452198,47.49553,41.102158,42.405037,41.206543,32.254387,8.444639,12.472906,19.940775,16.560204,18.082447,10.010462,8.002116,3.0778475,20.109266,40.117455,24.88903,22.022404,33.918385,35.590622,8.73596,7.9746556,17.776154,25.177315,39.31547,41.48768,49.422665,55.624172,50.39233,19.516731,17.994135,26.97207,17.780264,17.051195,6.28131,7.5059776,25.25737,24.464836,32.470585,19.45959,7.2582893,8.361759,9.725548,3.7114573,5.0584397,12.989547,15.331444,25.14535,27.772905,36.287094,17.41013,12.75442,3.0108879,14.106578,33.470505,19.724457,3.4885283,22.999859,28.77211,11.815681,8.015569,1.5967182,16.001608,32.080612,34.651653,44.554394,17.828978,9.238192,2.3729138,3.5146034,8.087228,10.917723,16.79408,10.4385605,10.466985,17.44894,17.831068,22.44261,15.330557,3.3641052,23.714025,34.481518,14.176361,8.725812,11.021891,11.997184,19.481028,22.77443,33.326572,16.316267,10.757253,8.498974,8.865596,14.029734,10.066914,5.9838862,10.895015,15.459937,13.538158,13.921924,13.920028,12.598819,15.5017395,9.815635,6.483661,7.9623437,9.452671,5.090396,4.2000294,3.827377,2.985687,3.373144,21.185516,30.724915,10.762817,2.7656941,9.119024,8.1936455,8.780215,6.590558,7.1397057,6.853908,7.786409,6.7089396,8.363761,16.805616,13.8166485,15.0893955,9.910568,9.305304,4.570316,3.5719798,2.7520406,2.1163573,0.57211614,13.043433,22.172186,9.647678,3.2996578,4.180586,4.059395,4.148864,3.2625773,3.3017416,5.6011605,7.8103333,5.820005,6.282614,10.107861,8.021338,1.1719257,2.397846,4.2144303,11.121167,13.897406,8.986233,7.6480646,4.62004,5.8846684,10.120764
0,3.8660305,8.495219,8.005062,4.1853905,9.261117,8.952292,8.114001,6.132526,7.0615172,11.3560295,16.873005,16.72605,20.61917,23.907076,20.969852,15.67659,15.669111,21.314579,16.63903,13.463829,11.109065,7.474963,4.245414,2.1273508,4.002991,3.6541991,3.2834175,14.418389,41.71695,32.73769,26.4907,41.97801,22.977846,25.584642,44.16345,38.828377,45.526505,49.3423,16.07349,8.167256,24.79678,43.46392,25.154104,25.571068,31.925053,13.336461,21.32381,26.294807,25.109407,12.448028,11.966029,22.093294,36.76045,41.21467,40.40851,19.123138,12.11673,8.381939,3.7851236,8.245909,17.223455,21.342339,8.385837,9.770336,14.867222,21.811508,24.78133,23.148651,23.09164,34.123447,22.883562,38.00312,74.53158,49.093052,31.01362,23.225676,35.11895,28.171488,19.590395,16.822142,9.260201,14.773661,26.046913,30.61305,27.487373,23.949492,24.173737,23.799267,22.564505,20.060486,25.966639,21.603928,11.694271,5.0275984,5.4314833,5.7316284,2.6456618,7.5418663,6.928213,11.429171,32.606403,23.821497,8.808702,4.3917384,14.972278,25.723385,36.416027,19.444588,30.319221,38.20597,12.250408,2.459572,2.1746547,5.858837,17.417976,14.861596,7.7285757,14.008193,39.62477,43.721054,10.709422,1.8379742,13.0574,22.344585,28.839579,24.994184,19.429527,9.037003,4.2148323,3.0708632,5.213577,6.5590234,13.567628,17.292818,10.382689,5.558994,6.532736,11.97565,12.198006,11.414354,11.159833,13.5287695,8.971564,3.4168851,2.839924,9.643095,9.065884,8.06696,18.776754,16.065958,12.015324,8.261408,9.136239,8.054711,6.8780823,19.315268,15.955307,9.756764,12.090641,10.0132065,7.8378286,7.329998,19.82246,16.479921,5.1643248,4.2787676,3.3245168,3.9016685,6.1719494,4.083553,3.736071,5.9065695,11.492935,8.994424,6.219787,7.9711256,6.9305196,7.099292,8.2380495,5.2254496,6.3135924,7.391047,2.8405392,2.8433578,3.2974277,3.352444,1.5542839,1.8051171,4.623243,10.283585,10.888396,12.1921015,14.716448
0,2.7700627,4.583549,9.42101,10.777944,17.6398,16.654573,9.997586,9.771821,17.881592,11.858454,12.39709,27.234756,41.976147,47.99296,23.476656,16.269695,9.94658,11.985641,18.118307,15.007795,17.835262,19.21063,13.183788,15.832587,25.49424,36.59093,45.628185,58.536858,34.126602,16.585934,9.604846,16.20978,21.66375,14.453775,19.055477,32.320354,34.40636,17.367678,7.937648,32.175926,53.8882,25.156887,12.888104,21.003433,27.37237,19.217503,13.43194,21.919771,18.103754,25.055283,23.414822,23.668293,44.92517,45.127617,34.753723,35.61824,38.70719,32.95102,17.28741,21.189512,31.439312,35.030193,37.88029,28.547525,36.005848,46.22446,40.502644,41.353752,29.190645,12.965429,19.63274,15.927886,17.79712,14.473186,12.659574,16.647884,21.842081,22.241648,21.84966,10.650258,13.070686,13.78457,14.28159,31.980078,39.17243,18.043524,20.337978,37.884186,41.132877,29.843996,21.067354,12.701677,14.616688,29.611101,39.576763,39.860638,30.10437,31.814005,21.359306,12.956781,11.285757,16.293655,24.334661,17.608038,12.73018,13.203685,27.17371,31.289646,15.283712,17.74369,26.24562,23.595564,17.486202,11.1439,19.421051,16.83151,14.553996,20.867393,23.709776,19.695028,26.125704,32.795193,32.838634,30.300522,20.541943,10.742574,12.548301,15.295739,13.293326,12.267554,10.421879,10.5899935,12.233742,13.484389,16.15062,14.97211,10.360634,8.011876,9.650541,7.2250786,7.7674294,8.906773,8.345733,14.791127,15.126022,14.467229,16.220263,13.46419,11.678065,18.414711,27.985035,24.732578,14.571253,11.644382,10.71743,7.3278184,18.31464,18.428337,10.433248,10.718948,13.7632675,15.781345,18.269533,13.264148,9.427814,9.927248,5.5613937,13.973612,14.01672,9.246651,16.152626,12.349384,9.138784,8.1343565,11.746045,12.935483,10.678338,6.4263573,8.458968,7.6863594,8.982958,9.276703,11.208983,13.41188,13.611534,12.29906,15.458485,18.36916,17.545341,9.681325,12.409548,8.51862,10.073311
0,0.093914025,0.13617001,0.38323745,3.4520118,12.797881,10.667048,1.536022,2.123376,21.0018,28.507898,9.12027,0.7726362,5.449595,12.539248,7.163259,0.24353866,0.68055147,3.0467324,2.877705,0.73161256,2.490209,38.617233,59.40786,22.279177,1.293582,4.0496836,10.792253,7.012049,1.5432379,9.508033,53.215137,56.54826,12.560584,1.9123703,31.97951,55.93917,24.319067,1.6084963,17.470787,54.6157,40.237812,4.0309687,1.1488004,5.9467154,7.1395783,1.9216176,0.2157302,1.7013696,3.3957741,1.7210757,0.80272377,7.424105,27.575895,22.979555,3.1699648,0.5570176,0.37244603,0.45073706,0.18427515,0.37100226,12.226006,28.135881,16.0719,2.1349316,15.687512,70.578156,66.427475,11.866499,2.0828662,15.042088,23.142488,8.693884,1.5255963,25.067776,66.84039,43.45081,2.832577,3.1128964,17.177309,18.245625,4.054568,0.81839705,20.206993,35.35576,15.369671,1.2234904,13.76344,43.021614,31.697536,3.1725643,0.7383102,2.8245113,3.3888562,0.9121068,0.1058315,7.2318892,14.461208,7.233523,0.13011265,1.021591,3.764948,3.1732774,1.218424,5.8853126,58.86846,79.89082,25.566513,2.1376882,4.474181,10.151316,5.808354,0.24613172,1.1138864,4.996147,4.703958,0.84119797,0.23519042,2.9889185,4.599856,1.7285212,0.37075484,6.167585,16.452852,10.690287,1.3293487,7.2976303,40.8424,43.395782,9.643661,1.283151,6.514473,11.352857,4.9605136,1.1451027,13.538628,42.29608,31.170292,3.1205058,1.5251204,10.242938,12.281048,3.3090205,0.36120602,14.8967495,29.802317,14.897288,0.4545993,4.194699,15.582557,12.982073,1.8397318,1.996044,19.638792,26.658218,8.527862,0.7220305,4.9468555,11.37376,6.507325,0.71327,5.2321987,23.55287,22.165867,3.9587471,0.613354,1.1974462,1.8071691,0.7026653,0.5811538,10.0827675,26.890741,17.47363,1.4514291,5.7953515,32.393715,34.422325,7.647074,1.0541599,10.794858,18.869102,8.205496,0.35967517,3.2227526,10.079714,7.4239736,0.7555999,0.70337605,4.9625463,5.957075,1.6033796,0.17371853,12.216556,24.435053
0,1.427543,2.511057,6.207778,10.383319,10.825261,5.3719134,9.72432,5.7609243,9.534017,10.523291,7.9624577,9.725646,11.935865,33.727562,29.356113,11.04691,4.7333198,3.729348,3.7843754,6.9449205,11.453021,12.3322525,5.6611905,4.6067476,5.8985825,7.691081,29.973572,74.1876,117.93919,78.5688,37.86446,13.930239,27.513214,36.858734,19.240711,36.242588,26.93799,16.346384,18.077991,13.559609,25.661077,19.268356,49.58012,51.43191,14.185963,13.926279,10.126325,5.130008,2.9121466,12.787491,19.51181,14.469663,29.847445,21.493093,29.872112,42.63986,44.834435,70.980286,47.667282,27.991499,45.752853,57.342747,28.883574,57.068386,38.719627,27.705097,32.917496,27.442331,43.71063,32.162426,50.31186,47.17396,11.9108515,7.915183,18.7185,21.95637,16.574518,7.0135684,3.5278382,5.173141,13.649174,21.825901,18.430187,5.882333,19.390516,41.870205,27.682865,17.436058,18.91859,18.867323,14.048857,25.22339,34.04749,26.235731,39.234577,59.047184,39.070496,31.104424,26.854591,25.516272,22.200243,6.8876076,10.31175,26.93837,23.310448,19.22244,20.34997,9.968343,19.301273,19.828693,16.897375,12.578744,7.518721,6.989765,4.6497335,9.847747,9.156684,6.477619,10.930517,13.322461,24.123905,23.92862,37.808155,47.022675,21.318296,36.60973,24.683556,15.28576,15.42398,6.4916453,7.356768,10.569709,7.550351,10.350178,14.113299,11.748276,10.817202,12.237895,20.761623,20.005028,5.196592,2.7263749,7.709852,17.25489,15.236923,10.265104,13.874341,12.523227,21.24863,15.523324,4.9747195,14.202987,25.803667,23.944708,16.239574,14.106023,12.408586,4.2737064,6.241446,4.7841563,8.014215,9.354915,8.039463,6.2296453,11.803516,19.002558,16.6239,13.238896,11.887826,5.272968,3.4737449,10.045331,8.816653,7.092899,8.801541,4.7486486,3.5686824,12.531988,16.000095,19.232641,21.745926,8.616988,4.794448,8.984225,9.571948,6.6177926,2.4654593,0.9770854,2.6330678,7.8032374,10.088272,10.713056,13.138703
0,1.0295595,7.54513,11.478093,10.933935,11.91805,12.052686,13.88292,25.358242,18.86203,17.865784,17.093739,21.73064,33.19217,35.606934,19.975029,15.202363,6.6804676,7.6304045,12.062004,8.150713,8.772278,15.0879755,21.928713,53.579662,42.64689,11.451049,42.380215,74.18578,36.78867,23.59329,27.978165,27.456322,10.625436,12.999273,25.54437,30.394138,45.05097,26.073523,24.54668,46.745743,45.12588,16.959166,11.715007,9.655976,19.237925,30.106268,12.144625,2.875819,11.294715,15.227338,33.001335,26.222483,25.009245,13.996342,8.666746,33.21576,39.932316,36.58752,34.667236,39.215576,26.956701,11.344351,25.715265,37.882282,23.315823,21.824308,20.77294,31.236944,70.2488,48.410877,30.476,21.159483,21.773603,7.8780823,3.2161958,7.859749,8.115874,12.230432,14.560359,23.230684,17.201569,19.932161,37.17904,38.99322,20.01582,17.137453,21.483387,16.26641,17.48947,10.127529,8.924032,12.016125,11.905784,2.9189284,20.862808,48.82665,38.252342,44.573875,20.228064,9.489183,19.566593,19.759249,16.348701,12.946639,12.00826,15.114372,22.319326,12.747272,11.278417,6.1557765,5.8379574,8.922107,8.063469,10.792495,9.378993,11.826306,4.7107935,2.0637872,7.0868697,6.748072,5.98982,13.806157,27.064678,26.151606,34.03519,12.809106,2.347577,1.9390343,8.03132,21.495255,14.433532,4.854708,6.534133,9.48104,19.93221,23.044989,29.314356,24.428905,3.5181322,3.1973834,5.90501,5.1548915,6.235264,6.0215354,6.278227,6.0608563,6.726382,11.820284,7.923133,5.907505,17.312992,23.444847,16.075462,14.8411255,6.4132247,5.791613,8.766434,6.2604647,6.5335703,17.325619,22.805685,22.237488,22.208532,24.603535,19.392918,14.911165,8.41798,1.9903185,12.469619,15.717659,5.5114856,3.0082755,1.4321752,6.2391543,13.402626,7.9887834,5.398953,2.2380533,4.3847647,18.97073,17.797846,10.503504,7.545284,5.4405713,10.214162,15.183205,8.626231,7.69209,5.236779,5.8615513,10.889857,18.847536,34.880127
0,6.329361,9.831385,10.887494,8.080908,2.9646568,2.3773005,4.412791,5.558798,4.052977,4.7009764,6.720772,8.158728,16.576914,23.915857,18.766632,7.500377,10.367159,13.986359,8.386743,8.355777,9.5863905,11.71028,14.542722,7.3742576,12.161774,30.67489,61.322056,73.597984,44.09988,95.91103,62.296383,78.26646,89.19723,26.709229,8.155282,13.794539,24.068493,21.217009,6.529523,6.7832084,12.080991,40.077595,35.350075,17.500923,10.768676,21.914719,30.463667,22.937298,18.805143,17.4816,11.385494,23.547272,36.239876,25.043612,21.643105,51.952755,76.91914,40.3425,40.72262,32.69169,51.11757,74.167336,49.179283,22.997835,25.46556,23.77843,16.605028,22.228134,24.430378,14.503711,16.570211,20.09765,20.763456,24.475327,29.540932,17.431635,8.207197,26.599028,36.999603,15.68826,14.0277605,41.609406,37.388245,12.599295,16.513636,20.632957,18.45373,62.716263,62.250916,15.399534,22.101107,53.325302,32.75982,3.6237855,2.4811363,8.804294,19.655321,29.511248,33.52574,31.474857,23.137573,9.185481,15.025324,9.799098,11.300329,21.442286,28.902443,27.230396,17.393597,22.189173,19.007156,12.615774,25.54662,44.209106,27.286942,11.043429,14.248249,23.10111,27.953257,28.584332,24.455097,14.972914,15.855814,22.092106,11.77493,7.980237,9.807089,22.030737,34.005825,38.131886,19.11756,7.7940297,4.854942,14.956426,19.097586,11.445699,9.935152,18.227785,20.356733,18.275032,13.804762,12.368889,25.96275,21.331003,14.674523,13.791498,16.741385,20.135258,21.747396,18.503613,13.092587,12.571041,18.257412,14.714353,15.22673,11.769656,7.723848,8.460977,6.570693,4.907807,7.7055626,9.4079895,8.241538,3.0150414,3.1619585,8.604555,8.897049,6.339308,6.9004054,12.139191,8.5388975,5.28112,9.180402,11.2435465,14.413273,22.440733,11.384424,5.063355,5.2371416,9.046957,13.686348,9.745016,5.7549133,4.739833,6.9886403,8.953901,8.488983,5.315415,6.3423314,7.9452286,7.0396404,3.9246833,6.779982
0,0.21821867,3.444806,6.014941,2.5693178,1.4647614,12.804332,16.885298,10.917124,11.036914,5.2441106,4.9691324,8.682302,7.6973424,3.9826398,6.16672,15.212992,13.36556,20.549429,14.279379,15.329965,10.968697,13.445949,6.931219,5.7550898,5.479923,7.000365,13.592291,15.706916,6.405303,5.8422604,11.837768,17.386429,46.701843,50.229023,97.08657,66.252846,7.0322833,15.842969,31.926449,18.314804,14.039789,7.105578,5.556068,12.792241,17.102448,12.487196,13.222882,3.5186777,3.9810429,16.706387,15.89322,17.558895,14.0221615,7.61851,9.283478,18.991915,16.691133,25.634653,14.700463,11.161569,5.4751706,3.6548488,16.787691,22.94839,12.474026,14.954641,49.35314,53.54015,60.74206,54.71393,10.002397,9.195742,25.352465,18.49847,12.91978,12.492366,20.456625,15.814225,20.892591,11.715748,11.001186,10.149633,13.354589,30.751411,37.376278,39.00077,40.188904,12.23683,9.525933,19.40008,15.773167,3.3543937,2.1338186,2.4231522,1.5592836,0.9725285,24.192081,44.965473,20.953947,4.6172853,30.571362,43.104195,31.719448,34.569164,10.360128,6.258058,21.711483,20.64821,11.644557,9.355827,6.0151706,9.360702,21.512115,15.074285,14.857104,16.973352,27.958447,13.374091,4.462013,24.326569,34.64433,21.442696,22.173334,6.6326632,3.2318578,10.831117,10.350983,2.58279,5.6760354,17.024519,16.889256,29.482948,18.788727,1.4626085,11.085879,21.193827,11.884973,10.15602,4.936071,4.1365933,14.600717,18.556662,18.823856,20.110432,9.85724,8.388211,3.5934417,3.5937755,7.487201,10.58446,23.775139,17.044437,17.003506,16.610325,26.215881,15.968012,16.024183,10.94989,12.831341,6.021199,5.0437775,1.6542264,0.850478,1.225594,5.228903,19.963842,17.400421,10.358983,8.961846,13.1365595,10.234466,12.5377655,7.160483,1.3211123,2.2139084,3.6185198,6.361884,9.186712,3.704759,2.373727,4.975844,5.6460233,3.8818545,6.4909987,21.473759,19.069622,13.634442,10.4293585,5.849316,5.593008,9.454311,14.685122,27.365627
0,0.18735258,0.32629004,1.7195178,11.825783,13.945699,3.7105997,8.05732,23.906775,16.972057,1.5443658,7.7603984,12.781623,5.2072673,1.7888674,8.704012,8.592857,1.6841966,3.695199,8.803066,5.189021,0.63035125,5.937941,8.183483,3.1851947,17.0083,62.55195,51.75798,7.039602,15.453525,29.866713,14.96,19.969404,131.19183,150.69072,38.02345,22.232864,62.48662,43.217968,6.3922024,99.47369,159.82187,63.080044,4.7118635,17.196825,16.52083,3.098585,5.3711767,12.423954,7.186113,5.863188,56.14163,75.150604,23.621094,15.783617,55.594093,44.841198,5.735183,30.130524,56.888733,26.88455,2.7618432,17.001524,19.04585,4.617902,4.0246854,11.149195,7.514607,3.252495,52.871407,82.7649,31.795776,27.726652,124.19807,116.618645,20.72798,17.894672,39.687546,22.195478,5.4783845,48.8302,63.66374,19.382391,13.581436,45.877125,36.099632,4.3318715,15.674618,28.795376,13.388723,12.283884,72.58955,79.285965,18.44699,18.183443,48.77056,32.00317,2.7144065,25.213865,38.410324,14.306173,13.303166,57.16766,52.338467,8.854651,4.7205334,9.775828,5.3170285,0.42377695,2.514474,3.3559237,3.8258028,40.80157,134.54518,103.14687,11.569762,24.378897,43.54467,19.387535,1.5783875,8.396299,8.931734,2.4276986,25.1406,65.68719,41.98859,2.5745516,6.766748,10.022616,3.7627504,8.579212,35.389343,31.604465,5.0708795,10.221481,21.590326,11.60772,10.663986,83.57354,103.576546,29.24656,5.2615128,13.658945,10.214866,1.1198233,9.565254,16.661009,7.21443,3.8678493,20.725767,21.51654,4.6375027,10.38945,26.23317,16.35031,2.5363982,29.379824,42.481876,14.762832,1.200345,2.3417602,2.0331895,0.36035708,25.309223,52.083885,26.784597,4.7465754,34.942177,42.21075,11.629259,20.30427,62.282692,45.370148,4.4094424,15.497554,26.205528,11.004881,3.9611907,20.21617,20.46021,4.251276,15.336276,37.604534,22.815323,2.9605,31.271605,44.06614,14.819878,7.6322217,28.917688,24.53482,3.5357265,10.142846,20.28927
0,4.5270786,6.8322186,10.5628195,6.0817723,2.1032853,1.6232358,1.1687794,3.2138598,2.7735157,2.0534387,8.494077,16.139519,30.984177,35.70905,19.379,7.23892,4.6513605,3.0852814,4.81264,10.463114,20.971073,14.45334,16.892746,33.466293,96.43349,74.65082,24.295267,46.352993,50.963127,35.951805,27.787413,19.443874,12.805806,37.86792,51.42831,32.717617,52.747643,77.2742,45.37154,33.01227,17.137667,6.9857516,16.160282,11.679535,12.605459,10.128368,8.480777,16.904678,21.77833,19.565125,12.211188,22.127274,31.599346,24.590889,18.723734,23.593904,40.34935,26.529217,45.99457,67.40254,50.639473,37.48623,22.154158,26.82764,46.834,42.967335,62.087456,58.204353,19.026493,18.877274,31.46251,37.13106,33.979603,19.077969,7.0938067,9.13212,17.385843,12.498277,5.109636,9.721692,25.697155,18.959751,16.30694,34.900078,28.473326,10.729556,7.894808,17.580019,25.920439,23.721462,35.280327,44.34194,26.659338,46.30763,53.50334,35.249706,45.003857,31.155155,18.513067,14.229195,17.069891,15.703233,23.193975,28.519178,20.051788,7.217386,6.44311,7.7195683,9.664115,9.748911,10.201983,6.559285,6.3513412,15.812837,30.473686,26.141685,15.486143,26.433088,34.06011,21.607529,27.334948,20.709482,7.0629873,7.0218983,15.491445,15.963914,31.49756,38.15146,21.696115,13.0525675,13.93575,19.037573,13.695956,14.70719,7.519138,9.221184,11.226901,8.991518,17.915443,12.488141,5.214093,4.5138,3.0789404,2.8992834,3.6540332,6.7941413,8.450609,12.1978445,14.327384,7.9830484,16.026701,23.540882,12.586535,13.704586,6.918193,4.212294,6.1204724,11.551285,10.033988,7.266869,15.244423,13.834012,9.831308,12.553849,10.711672,3.6638904,11.865396,15.252801,8.8921385,10.719686,6.536015,8.36503,6.70322,2.757179,0.76589227,2.4055274,4.777485,5.0006104,4.8731875,12.964425,17.074905,12.373047,12.134717,12.573185,16.621017,18.950329,5.2901187,2.4236913,3.4870026,2.5474262,10.503477,18.792866,12.521301
0,2.6829212,5.6526165,5.5723286,4.446699,7.6705008,5.2008457,6.709592,12.0063925,6.923212,12.011988,16.4586,11.810826,22.459856,23.411087,14.67997,20.981588,16.258047,6.39058,3.0526948,11.023142,11.378359,7.8072863,12.072395,8.629983,4.50751,12.318321,38.316467,39.42782,46.97065,104.578285,71.046555,25.54588,48.947914,24.665873,11.862456,17.085686,6.513731,3.8844194,5.1531672,8.68282,21.583921,40.155136,53.784897,52.457405,35.553375,20.873154,15.984028,20.102362,16.313904,9.519275,5.731185,15.6040325,16.924255,13.214759,7.7822404,30.46778,43.518734,50.703064,44.144745,32.95689,21.311932,52.097275,35.50771,18.914165,37.267048,18.763039,5.447298,10.407562,20.31549,43.417824,51.723083,47.96139,49.1839,36.910988,16.886229,32.653805,30.524044,25.500511,15.83082,12.338599,13.093557,13.677743,7.194452,8.459977,7.6430078,9.211486,27.872932,20.518568,7.8476167,14.052276,19.730043,17.268373,14.651555,37.050175,25.402073,7.6776385,13.858782,17.405302,41.887054,58.43409,25.13323,13.335913,15.269383,23.290764,38.06145,30.432056,13.90903,29.138712,28.867397,24.951374,14.664694,6.372831,1.6141679,10.303641,23.60474,15.164764,11.385215,15.860986,16.224932,11.783991,6.5526576,7.8620615,17.463938,16.199097,9.072627,16.223173,11.022079,15.003267,30.099,22.641619,17.57466,14.256017,6.8727055,14.788263,16.890425,14.072249,29.6319,30.182102,25.943956,12.976315,10.669415,11.210138,12.281263,13.747491,10.767226,10.67691,20.38204,11.906749,3.3551185,6.3045626,17.08541,13.512502,8.166339,10.306437,10.822822,8.807345,4.1516523,7.6847043,9.5182495,10.446617,10.498256,15.406372,12.735372,2.5670497,4.031129,20.630304,22.952946,10.3669815,10.010087,7.639983,5.5434895,12.122714,7.325138,4.073765,7.3446712,6.443287,10.044134,12.917811,12.384279,8.851915,8.711156,11.419144,7.918042,8.140262,8.2192745,2.7682245,4.7763577,4.5241146,4.9899654,12.932535,13.186509,12.887614,12.990153
0,0.0,3.5163897e-15,4.139533e-15,4.0519418e-15,3.4135493e-15,13.072792,26.145584,13.072792,3.644143e-15,5.8519097e-15,4.2915877e-15,21.014782,42.029564,21.014782,3.289466e-15,4.74669e-15,3.739979e-15,20.18826,40.37652,20.18826,3.7276124e-15,4.806458e-15,3.3526428e-15,8.723509,17.447018,8.723509,3.9442517e-15,4.6365207e-15,4.055337e-15,4.888642,9.777284,4.888642,2.83695e-15,5.002096e-15,4.1037052e-15,49.514202,99.028404,49.514202,5.328761e-15,5.268852e-15,4.23483e-15,32.59842,65.19684,32.59842,4.6702305e-15,5.043301e-15,3.362009e-15,6.0118313,12.023663,6.0118313,3.459496e-15,4.2803844e-15,4.944983e-15,45.834785,91.66957,45.834785,4.4057055e-15,4.9883303e-15,4.756779e-15,39.417034,78.83407,39.417034,5.1429456e-15,4.1027413e-15,4.1536056e-15,17.403156,34.806313,17.403156,2.787902e-15,5.6607834e-15,6.235953e-15,80.56839,161.13678,80.56839,6.5442104e-15,5.2549204e-15,3.5643375e-15,4.530978,9.061956,4.530978,6.805199e-15,6.371013e-15,5.01747e-15,11.007555,22.01511,11.007555,3.0418474e-15,4.398959e-15,3.0988196e-15,14.391036,28.782072,14.391036,4.9785225e-15,4.9813127e-15,4.095468e-15,15.34223,30.68446,15.34223,4.5459297e-15,4.3918387e-15,4.100028e-15,25.018953,50.037907,25.018953,4.156295e-15,4.7729527e-15,4.3120842e-15,16.42287,32.84574,16.42287,4.0967032e-15,4.6646846e-15,4.640949e-15,38.2238,76.4476,38.2238,6.025864e-15,4.624678e-15,4.93389e-15,1.9525597,3.9051194,1.9525597,2.7585767e-15,4.6777276e-15,3.9306738e-15,34.334705,68.66941,34.334705,4.229338e-15,4.9706307e-15,3.770162e-15,14.880638,29.761276,14.880638,3.660026e-15,5.1569623e-15,3.5363596e-15,1.5916829,3.1833658,1.5916829,3.6991737e-15,4.7697022e-15,3.897461e-15,11.86407,23.72814,11.86407,3.3918486e-15,4.6721406e-15,4.4570823e-15,2.3918858,4.7837715,2.3918858,3.5918225e-15,5.6952145e-15,3.986009e-15,27.762535,55.52507,27.762535,4.6843514e-15,5.5251146e-15,6.2936907e-15,13.033643,26.067286,13.033643,3.8989647e-15,4.1166547e-15,4.0740493e-15,19.598938,39.197876,19.598938,3.738362e-15,4.8634205e-15,4.0179618e-15,14.131434,28.262869,14.131434,4.390567e-15,5.1664415e-15,4.522531e-15,1.0149292,2.0298584,1.0149292,3.3292029e-15,4.3398e-15,4.2957204e-15,9.728484,19.456968,9.728484,5.142673e-15,4.829031e-15,4.1487394e-15,3.8636992,7.7273984
0,0.8351406,4.9016004,11.625286,14.570159,10.595182,6.3539557,5.4764967,6.464982,5.747197,4.6361704,7.165926,20.810625,25.73055,36.311226,31.797377,12.690396,10.8367405,8.430861,5.568888,4.7127404,8.512019,6.8817506,16.696827,28.924961,26.61569,46.075474,48.441204,31.860674,58.61052,84.45064,54.258587,80.98594,76.63384,41.26198,30.217157,26.857988,41.6974,41.110764,24.697111,36.092125,41.668846,32.439716,36.91207,44.488132,44.28133,45.61082,30.92244,30.186344,19.543196,12.791879,8.31523,9.38354,3.8727233,3.3536983,5.426601,15.96366,27.418085,35.0619,33.17722,26.37489,40.81833,41.75111,71.06847,64.906555,24.061161,22.80361,21.602993,28.848755,36.021114,30.665558,46.682358,29.844992,28.951647,21.393202,38.012787,53.78092,50.78964,30.161713,23.49118,18.120335,22.02829,12.983832,4.8113894,3.4011219,5.0002604,5.678845,13.694746,14.373551,13.36536,26.898882,24.305563,34.615864,30.106071,45.778976,40.482353,26.457748,28.631819,17.964972,7.940601,6.124316,13.519866,19.929949,9.309967,25.436865,41.894623,37.77955,23.37448,37.193558,40.627342,22.351896,9.059782,13.997007,18.6767,15.56042,7.90723,3.6301115,10.277743,23.897678,18.147383,30.39238,41.616486,29.639116,21.247942,24.605867,12.513035,10.500187,13.494761,8.479484,8.908931,6.022599,19.2183,23.106028,35.17058,35.02989,26.241682,24.856415,29.792566,27.457756,42.03453,29.811909,8.268893,6.485856,3.4901779,2.416697,6.8551145,10.708759,9.773851,12.250024,10.192678,12.559276,11.70885,22.178806,23.044348,9.158547,5.6908827,8.345444,8.582134,4.595346,11.101498,17.735798,13.29617,11.278181,18.779646,33.778618,25.624949,31.763067,22.958908,25.265818,16.203445,14.627582,13.371846,12.718028,9.114685,11.3292675,10.49922,18.974335,25.545914,14.923867,8.316416,12.844051,13.957127,5.73686,4.0266194,7.3774347,10.793965,14.312737,9.441605,7.7515864,19.345808,14.055398,7.403318,9.879888,18.248795
0,4.2596216,5.968159,11.727904,15.231347,13.90898,8.377896,10.16439,14.467881,18.245777,15.943737,17.383055,29.89503,32.659634,16.621555,9.078237,12.762515,12.631551,16.370935,15.175463,15.385651,17.945032,16.582552,18.613771,42.074444,41.025494,16.588402,30.672861,23.976542,8.196935,13.660901,12.610655,27.148273,43.372597,50.060738,51.6077,50.574837,44.295097,43.81934,41.03464,16.08849,12.603753,8.012635,13.766235,22.53321,19.119238,12.884351,11.598825,16.228907,15.161581,16.50048,15.038011,20.285215,16.373997,22.82249,28.344503,25.5753,25.203543,27.932846,29.980625,31.952375,37.161148,51.47145,25.477917,12.345666,14.144643,19.539488,51.197903,46.114067,34.715515,24.674036,21.823486,23.243378,40.582172,32.16511,18.750095,12.598785,21.74903,27.644361,22.51832,21.46859,13.724522,15.989686,9.326853,12.81808,18.491936,19.919916,20.986591,14.342448,9.746766,13.781598,24.205347,19.339209,22.007046,34.442642,21.929516,24.047243,25.282547,11.5635805,8.020526,12.543745,18.930567,31.65652,26.598133,22.334219,28.42464,27.916056,22.917555,15.465971,12.643106,20.036884,19.413622,6.622922,10.64021,13.490056,19.197634,18.7879,17.204279,24.117443,18.171175,7.1639137,13.6996355,15.222269,15.038476,14.231781,9.953614,8.616915,11.455006,28.470789,26.715925,22.220642,12.338746,8.420057,13.107856,15.640154,16.791752,10.978253,7.428408,15.121981,19.814945,19.497873,14.432312,9.655856,16.258596,18.300327,9.856763,5.591258,8.918851,9.461363,5.875434,6.551616,11.0556345,14.141343,14.118485,9.516653,16.471035,19.48149,14.19584,12.821509,10.490589,10.243656,9.270946,7.408668,11.307068,13.102771,7.2871766,14.194348,14.901494,12.066541,7.809188,7.164386,10.897162,10.044562,5.439106,6.231287,5.3344226,5.6368465,9.940346,8.538188,7.3952703,7.408736,5.6824284,9.895676,8.083794,2.9125555,3.668162,6.146316,9.257087,7.689277,12.209924,13.206572,7.6930423,7.1797104,6.762561
0,13.951229,12.505479,7.1899242,7.5999055,6.7686667,9.088173,12.559908,17.3293,19.28717,10.429416,6.027847,8.314593,7.81134,25.626417,25.834044,23.095686,33.37874,38.741837,18.491661,11.05157,15.321884,15.30008,11.368166,13.70836,12.006828,7.607957,6.029439,11.142778,17.42436,18.356327,31.12222,60.941605,63.448547,24.87408,36.68728,30.966244,40.17996,40.78697,34.57784,34.485603,18.247513,25.872202,40.384136,18.512754,10.770572,10.800108,17.477856,19.23779,25.249664,29.253944,33.67376,29.538572,13.357629,11.342982,13.7653475,10.833052,5.1033883,13.830242,27.587156,23.340298,17.3376,21.273855,32.67394,37.557564,22.073254,17.660484,35.41302,45.449123,40.226074,24.304214,16.126488,25.895155,20.385178,31.749378,30.787096,17.237612,25.804539,24.556074,23.005907,24.991459,31.553484,27.634237,25.828493,30.313293,27.186947,19.350065,15.49021,23.260723,33.47276,24.963814,21.57379,20.384602,21.354876,15.243237,29.259697,21.077524,9.939636,14.142975,15.150333,16.017164,29.463503,28.60405,32.688046,24.638823,11.372403,11.599418,21.344093,26.431112,22.243698,6.858765,28.789515,33.63699,15.202784,22.002777,13.136234,21.954672,23.616636,27.972565,18.755817,12.396784,11.474103,15.160084,24.098835,25.584078,16.765625,26.307117,30.580956,20.524887,27.738909,25.438469,21.648232,11.760245,5.6251173,5.791258,11.445613,15.58168,10.114273,24.427502,24.615147,14.891697,11.408594,13.643254,18.693687,16.095253,25.873804,30.643705,18.475,17.832478,20.08774,12.080376,7.7935505,14.66754,18.011185,10.202742,20.389416,28.676542,16.132816,13.619037,20.244915,17.296377,23.474596,32.655212,21.519218,8.045793,12.90489,12.883233,14.681793,7.316039,6.5314593,11.542044,10.595754,18.19366,15.598344,12.085272,19.226278,19.710085,14.638861,20.44991,24.821318,9.2213125,9.874724,19.00097,14.446573,7.9932942,7.9085693,6.6879897,14.608396,14.789551,6.8686833,12.099222,28.743074,26.379051,16.071796
0,6.793599,13.777075,15.69294,14.366768,8.459724,12.518165,11.914969,4.521419,3.4630675,9.936849,11.219355,6.099968,17.428642,25.318884,29.004469,16.637007,15.428808,13.0217495,7.4790177,13.925411,16.44162,15.681426,9.10482,5.774492,3.9961998,19.713326,48.836784,105.821396,94.49242,24.183418,9.9755945,36.09865,38.201958,10.387008,19.053165,15.468618,18.905775,36.27396,19.812809,10.211814,32.51771,74.826256,45.9667,2.7944314,2.3186119,3.067494,15.220516,18.092333,7.7840457,20.606453,17.342878,3.9321387,11.440632,47.994144,60.045067,61.723614,36.097,28.466728,43.57181,69.1195,37.989494,24.647669,28.469385,29.963678,43.752476,40.10234,21.170656,31.71759,66.10208,69.39399,16.564083,6.9622755,13.039343,16.712347,14.618633,12.30262,15.9802885,22.23386,27.843037,27.636675,27.148489,25.424335,12.5780325,13.993913,22.714481,34.592903,43.605625,45.837685,43.97691,23.98579,15.384986,11.261134,9.098476,12.620223,19.06613,24.290894,27.546833,24.975796,26.786423,35.052475,51.688274,30.452988,6.267516,5.9072905,5.6157546,22.66186,25.78158,8.541015,14.393659,23.830357,30.924437,32.27059,33.047462,32.099716,29.580137,26.565151,24.6806,21.109463,9.236297,8.286382,6.615544,5.5446024,8.6140585,9.92893,12.770065,18.808601,31.05916,37.780407,37.316265,27.212679,12.592296,8.985094,10.085211,4.1207333,2.3656394,10.512539,15.763489,13.23235,19.663568,18.781515,5.8217797,8.082899,16.772459,18.887234,6.649599,6.152538,12.961295,19.236988,23.302921,13.388133,10.357873,17.300026,14.177786,23.216295,25.342562,15.247264,35.981796,28.936108,4.171269,3.6875148,2.1407118,5.150619,8.067035,4.313824,2.7530632,6.2607307,12.121912,19.270575,19.45706,17.167141,10.637001,10.655254,16.298065,22.916025,26.041544,25.578201,21.669449,9.767435,15.017439,11.685121,5.632209,5.738508,4.6656833,17.573643,24.953386,8.7781725,3.0069945,6.565787,11.088985,14.568859,12.691576,9.473591,4.4465413
0,1.4791472,5.6201954,28.89403,30.068123,6.431726,2.7272806,2.9105945,15.997298,17.759058,16.612844,37.934147,22.166048,12.564305,14.966409,5.608902,9.98668,6.3225574,7.203337,9.218704,7.5972276,19.768204,13.370301,1.2321477,1.25349,9.709845,29.785278,22.268463,65.25476,96.35774,35.556713,28.770817,22.453272,7.6642127,11.507299,9.398922,30.753866,25.861763,40.819004,69.63789,30.134586,25.451653,22.883533,31.476833,57.709137,27.015684,19.411236,18.748337,6.487084,10.828079,5.4173255,1.3336993,1.3833225,7.6228647,16.531672,9.697296,23.931671,26.594904,8.783848,14.115695,9.235389,30.894659,36.824947,13.180732,22.186687,14.3293495,26.423323,33.805927,10.003108,1.9226635,4.9374166,50.50817,69.432175,27.068846,44.856598,32.62075,4.1693597,4.167577,3.5044453,10.794534,8.436954,1.9702733,2.695433,1.5656519,4.393779,3.752806,20.484299,35.110172,18.316048,43.66045,39.29686,19.803572,34.495594,19.203045,49.436813,47.75092,16.876883,28.472254,17.22975,52.98455,54.866837,13.495878,14.406433,7.7865725,1.9932928,2.2233267,9.360373,21.982025,12.841796,6.788963,8.121636,12.169004,30.748083,19.930544,39.58195,50.613758,19.86471,36.052513,24.52287,23.458519,32.12269,15.376067,34.189095,24.879091,3.8748157,4.5542955,7.924249,26.34508,20.627903,21.617119,34.11651,13.519176,8.066075,6.7597103,1.0492008,0.89773196,3.7608755,15.64836,14.08704,3.0239613,3.7489197,5.4547014,24.280884,23.440903,4.836313,3.9611032,2.2211637,5.2827554,5.477656,6.1273456,13.068113,7.0685253,1.4368826,1.5887498,3.4328046,8.010492,4.746042,5.411505,6.4657207,8.331583,20.94998,13.238946,10.73997,13.705321,13.697417,36.472145,24.81103,23.560736,32.26212,10.508336,0.89040786,0.3312029,0.85806984,1.2585862,1.1920315,3.7601583,2.9373646,2.8473577,4.5112658,2.345268,5.905563,4.95412,1.1066104,1.5485599,3.9922547,16.461842,14.815115,8.998681,15.970702,9.066436,24.360739,23.521374,18.00846,34.794598
0,3.6001887,4.68389,11.490068,12.428119,4.693417,2.2081215,5.52386,8.745089,7.616149,7.051103,7.9592733,7.077422,10.207953,8.591892,12.76357,15.081206,18.169746,30.853016,20.28092,9.677662,5.6303616,5.0843554,3.6646254,4.3517146,9.377679,11.012343,6.160949,7.594654,6.5593925,15.130092,22.22306,19.616926,19.811584,23.398512,47.60324,108.89943,167.34097,71.54892,40.693325,24.93381,5.2506633,6.4439583,15.1414385,16.912668,13.508768,14.363751,8.003698,6.077446,10.137535,14.5589285,19.364939,16.056469,23.778576,33.466373,29.836782,22.975452,21.652231,11.014908,16.279219,10.764925,15.101922,15.216114,12.511934,9.9177475,6.598641,24.337395,35.03545,39.551243,37.202835,55.931576,80.867386,87.078636,97.14937,49.221962,45.324986,26.204529,15.7813225,20.590342,17.187214,11.46316,14.1942425,12.383121,9.43585,7.419081,3.998359,6.5722885,9.680259,7.130488,11.645204,24.451208,24.345219,24.526554,21.268068,13.097757,13.298672,9.202574,15.863451,15.077216,17.49288,14.408212,16.7979,26.861954,32.174076,34.904842,35.68577,62.46326,76.23995,46.46168,43.600033,37.101414,24.258276,11.884439,21.14384,29.137486,17.929447,15.215107,13.483351,10.027592,13.195155,12.744726,12.259654,6.714842,10.225436,16.998203,10.372625,10.24938,12.185817,18.036617,14.110549,13.486726,15.649787,8.422393,4.39177,13.174605,24.450573,19.195873,23.540207,20.183788,15.065049,20.716003,28.202309,44.849228,44.893406,22.239296,36.153217,24.817875,8.019739,8.709823,19.514692,21.485601,17.007263,22.357624,13.089611,7.864459,8.709519,11.013191,10.524971,8.275443,8.892545,13.572784,10.500427,8.976073,15.938438,10.619298,5.2436094,7.9005933,7.6512275,7.0674877,12.623304,15.815787,22.150385,19.473845,18.929485,10.19878,4.171812,5.7364917,15.267828,25.474356,21.305902,16.243855,26.887854,14.831764,7.1674414,9.169874,11.612841,11.841199,20.338045,21.655355,9.352049,8.975508,9.59684,10.645312,11.014507
0,0.38962692,3.724139,9.811935,7.2116637,12.643946,10.751532,11.317877,12.06978,19.164062,25.710009,14.726831,21.550898,10.526778,10.853858,6.323458,4.134186,3.1246414,2.7487967,4.92002,30.581196,36.72264,21.17881,28.660645,11.803017,9.500451,5.648843,8.101017,13.146944,45.079292,37.657978,13.361504,13.046487,2.9934132,0.9564139,2.787744,4.827309,5.112941,10.653294,11.858766,31.586521,24.06874,26.647963,24.957294,5.632852,4.262919,3.524641,5.118133,20.207552,40.186615,20.128935,2.5113304,2.4862287,6.874083,6.780257,20.136639,21.368032,7.3768406,7.7695284,8.129553,13.588261,16.603577,35.528454,21.23364,18.719074,14.13702,13.838978,14.037289,41.270634,49.54589,31.982851,44.52047,16.814096,4.419454,2.6800673,4.1710453,6.842201,23.298388,19.40571,3.8340805,4.097695,28.272156,38.35762,12.294751,1.5000899,3.6539834,8.322803,5.778242,10.05778,9.924921,29.464806,27.731586,6.9800296,5.9214406,9.985683,15.127781,8.896641,13.5872965,9.759892,18.90316,12.4375925,6.7310038,5.638395,4.9555845,5.229093,7.422378,9.975803,3.6535106,3.0894046,9.898678,22.593208,13.112721,6.7185707,5.180193,6.8437943,6.425238,2.8903193,3.2662592,10.662752,16.364895,7.539471,8.910717,6.5906286,12.842792,8.365754,2.5218935,2.0908659,2.1324286,2.295414,4.465781,6.0173864,4.4347534,6.9512453,9.2304945,19.979298,11.496872,3.9207535,3.7389712,10.965694,10.371942,6.806649,7.8445044,3.1636052,3.5868502,5.655382,11.022402,7.481557,13.366656,9.772408,17.063148,14.32054,8.884094,9.188295,2.0450554,0.3134538,5.0029488,8.750035,4.0694375,3.4218369,1.9813728,1.1083597,0.8346468,0.8216046,1.6734984,10.858449,13.026611,6.448521,8.399418,7.72774,14.05855,7.679525,8.471311,5.526916,1.5601264,1.4076914,3.4192317,3.6244524,0.88207835,0.5156947,2.1796174,3.8018303,1.7073128,1.0268843,0.953779,2.3753421,3.3618546,12.880837,12.127329,3.0070083,2.5069869,3.5551174,5.351621,6.660513,12.650232
0,5.21653,13.988366,14.458658,3.9308455,10.103686,11.271981,10.701754,5.3599634,9.7271,19.397715,12.086992,28.88424,56.298725,39.161884,27.214764,6.276116,8.39116,21.198965,39.27024,22.44116,13.627454,17.046724,18.999134,17.475126,12.950452,54.01495,58.228077,44.773228,39.631462,34.75567,20.741072,16.601982,17.41436,22.57927,18.014454,15.821602,16.805834,47.971195,56.4804,61.503113,43.612965,31.723936,8.2969675,20.150877,20.142488,5.464771,3.3009934,3.0399723,3.6712787,11.88432,17.226696,25.96867,36.328297,35.755253,23.542189,17.908474,25.923655,43.548134,23.751898,15.844443,25.384817,19.095062,19.610207,27.872932,45.09266,45.026817,28.729824,29.844688,32.264835,37.62408,18.674082,12.894623,25.91024,19.470634,19.048477,25.308008,30.034874,27.501652,9.923185,30.737526,31.157146,14.472909,22.429056,23.648926,20.608685,10.138648,7.67319,16.513128,32.326885,42.640755,57.814964,32.74701,16.879879,15.900949,44.751987,50.37033,48.14695,34.506004,27.79135,23.331469,24.556257,29.76611,40.624645,26.347187,17.161896,7.299601,13.38119,34.647232,64.06952,33.02103,12.317546,17.980879,11.078512,12.748565,22.018927,15.148935,10.818806,6.3412232,7.8062735,15.444113,28.035738,32.919415,29.887247,7.2436604,10.121784,10.83518,9.626962,17.622896,18.44781,14.264506,6.9479704,3.5235503,10.453343,40.21885,40.212193,11.842283,33.130962,33.248474,11.748431,19.496695,19.457878,8.995802,6.2523484,6.3312225,9.3593645,21.064095,24.259989,25.66159,17.326786,12.211476,5.3350916,3.7485385,6.3160095,11.219389,7.133248,5.5424423,7.3285584,18.155943,19.039724,13.337947,9.136689,15.239612,27.698328,13.988419,2.0421333,2.9500544,13.38633,14.000474,8.903888,4.379714,7.0010157,13.992804,12.01481,20.273703,35.87004,24.122545,16.29111,7.942083,25.069613,25.817287,13.822688,9.31,12.164381,20.470976,14.981814,12.234847,12.137374,23.369865,23.75128,14.709469,7.9082303,13.6560955,26.280323
1,3.7022138,4.3321834,7.486288,10.404848,4.9296455,4.494496,5.260706,5.660783,6.711208,3.9088717,2.4897487,2.5816002,2.0334356,2.2733405,4.746465,7.516645,10.509232,15.125155,12.635389,15.389926,17.968067,19.456482,6.215492,3.8297825,6.4170003,7.2900496,4.8836045,4.946283,4.62188,2.7212229,3.6410456,7.5788007,10.6560545,16.928223,17.193253,24.398851,51.41295,67.46278,36.812042,139.76462,147.97076,63.02363,58.313923,35.391293,12.717973,11.307051,11.549328,8.962396,12.840282,9.101143,11.203182,10.211639,10.549952,16.888647,22.2983,16.10783,24.91277,23.429007,10.757016,18.98437,29.862852,19.691284,6.5268784,9.798615,11.070855,6.8110166,7.480502,7.5819507,5.3094354,6.733312,9.477038,10.357658,20.579803,21.656668,29.467674,36.37704,72.98412,51.750362,30.707977,69.22573,73.46544,80.44074,56.880486,31.562809,14.412,17.339228,17.34724,9.620309,9.67957,13.964697,17.928654,17.55357,12.841017,19.234535,15.652521,14.604126,29.132244,27.901485,11.679807,17.371447,25.202162,13.474216,8.260847,9.652401,8.037986,2.6162863,7.063169,5.800895,3.082758,8.232196,7.8618784,6.0274587,9.067819,12.244632,21.714758,38.135,50.244793,34.114193,21.484833,25.727144,48.38223,44.36606,32.215412,28.072918,19.294773,21.920166,13.317737,2.435191,4.757853,9.737896,10.984139,11.332872,9.472614,8.938659,10.443721,16.68703,27.290634,23.61539,6.250194,11.689659,13.719222,13.614419,13.16016,7.99115,5.9590573,7.3314514,8.027048,7.1844397,9.290423,3.516984,1.0809039,1.6426557,5.615387,7.2382216,14.742717,23.269672,22.78736,22.46816,15.319906,10.995681,18.514446,14.754649,20.013296,16.408663,15.243017,14.133722,8.339816,7.7473516,7.123362,6.5908766,3.938211,6.871326,5.517406,4.0400734,8.210099,10.306553,16.997917,9.499421,7.3189464,7.9833374,10.49405,11.260399,13.832748,8.121863,5.374729,4.923289,7.0308695,13.329678,10.565539,4.2199435,4.90524,5.4246345,9.287105
1,1.785837,3.540324,3.347392,4.3273644,9.147249,9.122204,8.961696,8.733342,6.7690444,13.363342,13.471634,2.9382737,0.61811954,0.41548127,7.316113,14.169714,6.9691052,2.2415152,5.018812,9.475195,6.0343437,8.594767,12.7553425,12.675508,27.679592,34.79748,42.757694,69.560974,62.625866,46.511833,18.756247,43.102592,33.841423,10.819981,19.836084,12.323526,18.992348,26.353003,12.790374,6.6483254,11.245412,17.18156,9.237936,22.085176,24.480524,9.670528,8.010918,7.981399,13.435201,23.776474,14.962778,27.649435,39.416706,32.605537,17.765799,30.868174,48.395897,22.227577,15.956254,17.555,17.483294,17.40892,11.988472,3.1245253,4.631804,16.79119,14.665956,16.551771,34.76512,19.71515,11.71643,20.650883,28.31687,21.212513,18.804178,24.82654,20.24534,18.499935,17.239975,16.190413,29.968702,28.248617,21.128624,13.114151,6.738136,3.3754106,12.258434,29.234545,22.13951,13.237038,6.1520753,14.179486,9.923436,8.282797,15.340717,7.2553744,6.4750485,12.991085,23.201635,36.18918,33.32487,23.07507,27.501514,21.258368,17.7267,18.322262,8.290063,13.595057,16.364452,13.303887,9.302781,9.567512,9.721279,3.938816,8.653679,7.7420044,3.49222,1.3938507,0.7773282,2.46503,5.65527,11.572331,9.437369,7.2596765,13.460241,36.27582,26.835075,6.6110797,11.481304,6.223371,22.602436,30.628252,11.763891,3.988451,3.6749518,5.5728536,3.7568796,8.994297,9.9379635,6.676579,3.4677196,1.6189903,0.9050405,1.8357115,3.9473026,4.473842,4.6486945,4.7536187,7.908441,7.1528425,3.4387534,2.9352,12.5758295,13.375137,7.2860546,5.363886,8.485053,11.37633,13.365385,6.3445406,3.8254066,4.8849487,3.532475,4.3154917,4.974726,5.1721067,2.8150175,7.009704,6.8668184,2.1812482,3.9424806,2.6633914,5.669161,10.351833,5.6782136,4.091731,4.4813204,4.290652,2.8298345,3.907814,5.6852064,6.6900826,4.077477,4.2538013,6.443636,5.025228,9.364473,9.612393,2.578256,2.6846447,6.06078,6.984666,3.0902593
1,1.7774293,3.6040177,9.885137,14.591231,16.314943,13.103698,10.027666,7.7525125,10.563661,7.420595,27.018543,46.479332,30.191505,25.118643,24.92992,22.632874,17.372585,23.856588,28.04093,11.713922,6.758657,61.428905,92.52304,59.967945,32.955105,13.278977,16.257442,14.179588,28.540554,33.61697,26.197687,17.397028,59.142513,74.54171,23.177347,5.010655,3.6838105,18.754074,44.36909,30.033594,18.2364,20.478403,19.980621,18.197014,21.442347,29.124182,14.744791,6.1786394,7.2504807,12.826794,20.298058,34.853455,43.64051,27.583347,72.890366,69.86572,22.31792,15.215927,12.693935,16.764292,25.143715,22.242407,15.054837,10.352514,21.017696,41.65628,33.902893,14.702313,31.260271,19.575893,8.32717,11.17085,27.345907,21.836075,24.342884,38.308247,52.68863,43.17032,27.82366,7.7622967,2.974291,21.080715,28.222107,15.031172,8.953577,14.462739,36.038105,76.00958,47.409565,29.60242,48.266132,30.038033,17.775255,9.167803,7.995019,18.22571,14.17657,3.6463702,11.531569,39.408127,36.474697,17.537605,8.32472,15.145842,16.431715,16.150074,30.333267,27.41001,27.754446,35.527645,38.63025,29.524258,22.27186,34.71264,24.71323,16.027927,9.221392,4.5933614,8.379363,10.748419,12.265977,12.134147,9.69533,12.006646,17.898941,10.737757,5.4971156,16.856365,34.333015,31.923685,23.301113,12.301436,22.160568,14.387437,8.099365,7.842221,10.067918,9.095334,11.552892,16.493351,16.973257,14.8090315,11.251715,6.1834145,19.127157,19.078634,15.027771,5.1727805,4.7571387,11.385341,17.462221,20.391445,15.294271,13.120308,15.47005,11.888449,7.6709723,8.241497,14.247361,9.017694,7.7711945,14.146781,25.519112,14.7929125,8.029041,10.189691,13.477778,22.674698,21.26939,5.346644,3.3826208,5.1650968,5.2935224,3.6720033,10.867797,11.061914,11.071071,13.454141,14.859347,12.814711,8.685145,6.4562645,9.362347,14.906348,19.571676,9.9015875,9.410718,9.086777,5.926289,15.2982,11.340341,4.157998,7.6970563
1,3.8310292,4.3256183,6.277169,6.6603994,5.5832553,7.1082087,8.656082,7.955854,7.8436127,9.720654,9.121698,6.5948806,6.8439302,13.869588,31.31331,45.357594,25.917736,11.73923,6.07593,9.730945,9.846471,9.264932,11.816244,20.48673,25.850136,26.591787,12.816758,20.32383,50.435734,92.66165,128.59303,75.80416,46.959347,50.807068,43.06315,32.532635,15.693695,11.776763,33.59332,41.88186,29.117687,12.6867075,10.686472,36.378315,42.49105,34.058773,30.741304,21.89656,15.263213,16.82199,13.915027,13.381613,15.324609,32.858383,36.387955,27.154722,20.064262,25.771082,46.94978,38.881298,61.46519,69.621826,39.376064,67.17574,52.601894,28.354454,26.54302,33.607246,50.342396,40.805454,30.862204,28.188673,20.28957,34.42478,32.01314,32.749554,33.458607,24.79747,25.123745,16.549713,13.696698,16.458586,15.397236,24.702494,19.134096,20.160254,22.953217,22.505064,33.06323,25.301765,33.74819,31.532282,36.23014,48.584652,32.036568,22.579914,20.584173,29.05208,38.99864,30.905016,31.09563,24.238398,26.27685,40.942028,36.557358,32.595905,17.179667,19.388477,24.586517,17.536642,11.639982,11.283565,10.535927,18.12231,18.458477,14.579481,13.526414,18.93208,23.392088,17.893694,10.810742,8.958453,24.001257,31.715982,23.023045,8.363948,9.034521,13.681344,30.16851,36.401726,26.618132,21.334146,22.901316,29.213526,24.075993,24.071487,11.705935,13.552556,21.257742,16.454636,7.840941,4.3435016,7.270081,17.980776,19.558458,9.267221,10.414527,15.019075,13.225893,13.521915,10.48657,6.513253,9.283242,15.30944,13.7294855,9.972595,6.952497,7.7171464,18.913383,18.504007,19.160898,21.80057,14.31229,21.278395,20.320803,12.522014,9.548511,9.108457,10.600763,9.19547,7.043384,7.8097715,7.4370456,7.9804263,8.989173,11.131202,13.290599,11.028266,14.786687,11.8562155,5.7132607,4.3855233,3.95655,8.395523,8.874994,7.177378,7.2159734,5.754678,6.254772,8.849999,17.451056,22.72464,13.72328
1,0.14785606,0.29494905,3.4660952,10.446295,7.506001,2.5136964,12.245444,12.384716,3.468606,27.139435,38.675777,13.182714,9.0812235,18.497532,9.486712,3.6293838,11.297436,8.33269,3.5831888,18.631641,19.26756,4.1829286,10.1819,14.841962,5.2556906,55.495396,116.82137,61.4282,6.3875113,20.37778,15.360837,8.215598,44.608334,47.193893,11.28741,57.529602,85.90379,31.056623,12.5976,26.821672,14.465491,1.0229205,3.2637522,2.5738583,4.001409,23.151812,25.057777,5.801461,11.243689,17.17064,6.4135647,22.055265,48.90047,27.031092,1.8494934,5.9815903,4.809485,5.8167605,35.268894,39.03191,10.1471195,65.96009,103.261154,39.527836,3.9415286,7.5137362,4.329185,7.1889563,25.43238,20.501234,5.5322933,30.815994,34.90895,8.600943,1.9953089,2.7358603,1.088694,4.3907204,10.270177,6.0226755,7.2887216,26.662157,21.995647,3.5580976,13.543406,15.660934,4.5033135,42.21936,69.326546,28.062265,2.5445545,5.324085,3.3811407,10.402167,39.368866,33.210262,7.4702954,40.279827,47.75246,12.616029,7.800089,12.874681,5.3684278,5.5410867,13.670016,8.353848,7.4308786,29.036133,25.068441,3.8853712,8.221403,9.923493,2.77659,15.076946,25.983294,11.115145,6.078621,15.39015,9.661682,7.8861203,31.970568,28.219501,6.026093,31.513931,39.103645,11.047451,6.471816,11.224015,4.97357,10.868826,28.384441,18.135452,5.923646,24.41265,22.057741,3.6934965,6.3594327,8.026867,2.3456054,1.623383,2.9022648,1.3483547,5.9873133,16.087029,10.555422,5.1899595,22.498947,20.779142,3.8103485,11.035479,14.330032,4.3188066,5.3197217,9.826528,4.605553,10.347205,28.618597,19.165487,3.4632258,14.258839,13.480574,2.4291408,1.740392,2.256597,0.7122043,10.838636,20.610392,9.787951,3.962723,11.28057,7.7549944,3.1923215,14.804577,14.309801,2.7162993,4.338343,5.865492,1.8840446,2.5177102,4.905129,2.4441624,6.511881,19.102139,13.408497,1.1594231,0.79926366,0.75910544,0.35883996,3.5451717,4.9315867,1.6326243,13.120871,26.247349
1,0.56521267,3.3075633,10.891533,8.709263,12.104792,14.272044,11.916291,20.620495,9.694695,6.7582464,5.68309,17.30138,18.889309,17.224606,28.036741,11.629006,0.7906364,0.64515555,2.3080602,2.3977907,9.625713,14.811591,5.875513,4.558397,17.770657,77.57235,72.15443,15.038923,12.053529,19.48738,42.505768,23.690172,7.086602,6.649145,25.398142,33.137417,10.61118,7.3829713,26.620161,91.05633,72.27857,35.774246,41.630104,11.279989,1.3887758,7.0613637,21.691978,15.837192,3.596168,3.6048453,6.550856,11.121748,7.615482,16.778425,13.396777,37.407772,38.291325,10.645399,11.250418,13.51406,32.223866,19.931385,4.8476896,5.939316,47.42935,68.327614,29.075949,37.984596,23.892199,42.665707,37.206524,9.584337,10.384688,8.724429,16.876553,9.07398,8.092142,6.8183284,14.971124,18.272865,11.18112,18.774323,10.1404915,15.006555,11.197942,7.2232194,8.037739,3.1395957,4.2213,5.267857,14.071167,9.601503,1.3922739,2.3697834,38.17901,60.852657,23.798264,1.6661099,2.6283298,11.715933,11.312765,12.874653,18.570597,10.604828,19.11923,14.102799,35.47113,31.432745,6.575784,5.9540815,3.5732193,6.4450717,3.517125,3.0986085,2.5422602,2.1020534,2.5888171,2.1580052,3.9546049,6.8394437,21.107117,15.937254,8.505462,9.593978,7.5700946,12.6382475,5.794675,4.998569,3.5013146,3.0556476,3.2282834,5.4252424,8.7578945,11.135316,27.695023,17.808443,9.612608,9.315089,2.0786057,1.5749483,6.062732,14.250882,8.358483,0.87327147,1.0055233,7.113286,9.747664,6.996639,13.34015,8.262621,14.903012,12.388309,2.8645153,2.9026165,5.4863057,10.616846,5.384409,4.1512856,3.7772613,13.650291,15.89709,4.467478,3.1731503,3.8935418,10.776297,7.6413603,5.1785436,5.5341954,5.1889277,8.3284025,3.438809,1.7009174,1.1007084,0.3019516,0.3084603,1.5109171,2.289365,1.422183,2.7876503,1.6624668,0.38800433,0.37804246,1.5953311,2.2215457,2.0704312,4.217702,3.3781369,9.238726,7.997534,14.474515,18.515423,6.2904105,5.98474
1,0.04862148,0.11658937,3.4800222,6.0915184,2.6809797,5.2971315,8.147368,3.265014,11.0384245,14.986287,4.798098,2.025562,2.4279058,3.1780782,17.483559,18.577627,4.2030797,3.8983326,3.6289327,0.90898395,2.390715,1.9891583,0.81589556,2.3874454,1.8398843,10.170978,27.11174,17.623692,1.6986868,2.9569886,1.6827706,35.191574,70.39532,35.223373,62.817345,109.9144,47.93821,47.826897,73.59313,27.58561,5.9750347,7.8524833,5.202032,33.364838,40.03405,10.785826,3.8014557,3.965041,7.481177,33.52129,31.54335,5.6339836,0.86999893,0.302041,0.66497165,2.049605,1.5104967,1.2430615,3.2939863,2.1861255,14.184723,32.63114,18.644096,3.4208841,6.7192187,3.631927,42.699265,74.71608,32.505554,8.388103,12.902986,7.1977396,54.19685,73.55932,23.577751,13.454437,15.972176,6.5890894,28.352285,30.105677,6.731528,3.0025897,2.8238459,7.300169,27.050346,22.537142,8.985728,26.201372,19.310192,2.9680705,5.9509025,3.8658245,0.9037486,1.9891291,1.1356527,8.522584,17.043972,8.5309105,9.593214,16.788307,7.474745,23.680006,36.419292,14.614846,49.973686,67.844734,21.827993,19.431873,23.19742,6.7784514,15.274052,16.193077,3.6460016,2.2862823,2.1236548,0.55878645,1.5202549,1.2806911,1.8813207,5.855954,4.3507814,8.737258,23.289734,15.135784,3.1340811,6.815124,3.8966959,0.6078553,1.189776,0.5975555,2.4524825,4.2943907,1.8924345,5.300495,8.157098,3.0571415,0.34792408,0.8451247,4.7792377,34.659046,41.58773,11.2492285,5.3331957,5.5566263,1.6300458,4.7193155,4.4498754,4.24227,15.432607,12.865032,2.0119975,3.0686367,2.2864172,6.8090715,18.161163,11.8032,0.8045758,0.6440205,0.3587048,2.6844115,5.364492,2.6854267,2.0358033,3.5659387,1.5881402,5.7944474,8.915371,3.3487937,2.6571605,3.6001008,1.4620019,6.6687717,8.009422,2.9828238,11.733249,12.457131,4.1946373,13.9907,13.171461,2.4880674,2.9394538,2.4715028,5.588265,17.419992,12.835579,1.3659751,1.2224737,0.8000719,5.598017,12.877121,7.3570814,9.073655,18.132362
1,11.11714,14.269643,12.133145,11.919043,14.848211,12.831271,17.623142,17.637236,19.311304,33.145042,44.666847,37.625298,16.572826,15.368001,16.50973,10.938516,7.5682907,15.915329,18.789753,12.417663,19.407356,24.517584,28.439152,21.502737,23.547962,24.25236,22.1369,29.749493,68.40105,60.434204,30.272905,20.995096,21.94406,19.111198,19.837431,15.686052,12.802984,17.937923,49.276314,50.41226,29.193344,16.499073,12.3661585,21.142832,26.281569,20.815575,9.011476,11.923657,22.179817,24.087204,22.194096,25.701431,30.087555,22.794193,21.201908,22.177996,40.55078,45.28795,35.217957,41.538338,35.025043,33.484795,29.797516,27.226957,12.872536,8.354423,23.318577,48.755943,32.25766,13.759074,21.61847,23.370834,17.5309,11.432319,24.112823,28.751354,23.619392,21.127867,22.972534,21.68265,14.019707,8.837327,17.128092,20.179783,12.220582,14.440014,13.743252,19.34287,19.358511,20.651337,21.024103,25.308958,22.120377,18.02551,16.353254,31.516693,33.902523,23.468204,16.171785,19.901922,23.838003,17.972794,16.102804,12.461428,15.260397,10.539923,12.050331,14.006263,15.886561,12.384871,6.139609,10.500181,12.598193,12.016669,15.89006,20.289337,21.225765,16.034464,19.393751,12.755382,11.688176,7.4894156,12.6376705,15.964629,14.381688,17.446842,15.313204,12.620426,9.313022,10.528006,18.88424,13.2268915,8.324755,17.674274,18.914156,9.774342,13.9089365,14.109075,6.8373613,4.7777634,7.0183268,5.6961117,5.2613626,11.383907,16.257746,9.18597,8.4070835,9.507041,10.952256,6.228274,4.8347764,4.669122,7.1591496,14.228705,14.527581,13.106037,10.375439,6.6786194,8.222604,8.199853,8.1826105,7.4595404,7.685546,6.432196,3.8204272,3.6542706,3.3828337,4.881895,7.07734,5.38921,7.078771,7.4989805,11.507328,13.908915,10.955164,7.514178,6.2439184,10.524909,7.32901,7.1997147,7.1023097,4.941727,6.032242,7.368917,9.297586,6.8986573,6.1007137,5.1370845,6.59645,9.713285,4.8836274,7.385951,10.438845
1,3.1491976,4.972319,8.348809,9.309056,8.613918,9.833382,4.9591393,5.101847,3.768909,10.050142,18.591396,18.379044,28.32582,29.518494,50.724785,44.88534,12.730934,9.696335,7.955777,8.910346,8.759896,13.377951,12.32064,22.917128,26.338337,20.087934,41.473427,86.37992,94.83405,50.87773,14.819476,7.5945134,20.3329,26.161245,19.195324,16.177567,16.28585,16.993889,22.167484,20.016945,25.616257,56.02184,53.98362,27.224705,10.720833,14.9875765,9.224829,12.522826,19.891735,13.903156,16.678177,14.877847,24.349586,22.283848,53.397545,71.62843,37.61276,32.903225,14.099653,26.84154,26.118326,13.720442,31.213932,28.94487,40.523533,42.30034,22.826485,9.268594,33.924656,70.72279,42.06763,10.495676,16.034838,17.149473,24.65896,17.14235,9.600134,8.422201,13.707189,18.178696,9.267379,19.474495,25.748005,28.833393,28.009325,14.459289,9.265024,32.54851,29.975622,19.99983,26.417887,21.273008,20.089228,34.70211,21.38924,20.361786,39.305885,27.638857,12.109997,14.6641,17.510609,22.75575,28.273119,23.876152,20.01931,14.487488,10.609721,9.708323,10.073574,9.699742,13.414744,17.870932,16.447863,12.206323,14.809257,12.869589,21.287674,29.396883,17.481667,14.102345,19.244154,18.361269,13.647206,18.8054,17.88619,8.851161,11.634572,14.347652,25.253027,28.323278,10.1668825,21.009365,23.914324,13.359592,12.7087965,10.635928,6.6538625,9.644615,14.167931,13.397507,7.332948,6.075748,10.429619,14.572121,9.654576,9.117075,8.077394,12.317814,13.498404,6.196934,10.364787,14.100994,8.975124,11.668611,13.147856,4.6577487,10.418725,13.444219,14.299176,17.590258,13.302281,12.695032,11.08761,8.338416,6.1063123,6.400272,4.7104406,8.812107,15.576315,7.7833853,4.2550683,7.0945477,4.7357645,8.501813,11.546668,8.011543,3.0870967,7.6558924,9.2314825,5.7755136,4.9054165,8.630586,12.144556,8.538013,3.645246,3.4578784,5.001695,7.476893,11.677993,12.410833,6.9633894,7.195835,9.05045
1,2.7170737,2.3545654,3.4948947,2.993854,2.5868788,5.4396815,6.9964957,5.274386,4.571191,5.944464,7.4349036,3.9190257,11.6297,31.551897,55.630272,49.210564,33.256924,18.096342,9.997113,7.171351,5.0970945,8.110562,12.659943,12.184518,14.572716,17.470062,9.358736,15.808635,74.707726,134.35114,68.58839,15.895615,17.213919,18.93622,13.161841,12.244485,10.3383875,9.572351,15.265699,17.78206,22.519835,19.15147,42.09699,80.675804,62.41031,42.029324,23.71027,13.270195,9.037491,7.495464,7.9887085,11.023145,14.275128,24.284712,26.234997,11.321412,17.188374,51.796726,85.38776,51.035328,23.0846,29.179867,30.522768,18.928097,15.240932,13.387035,15.498202,32.575077,32.77256,33.59274,33.45818,53.020134,84.67769,54.295296,49.92611,38.627213,24.284992,16.434446,9.361567,10.838244,19.167961,25.61264,18.205765,16.747713,11.823345,19.17843,34.33056,42.835423,32.32699,18.62092,23.132015,21.753126,16.600956,18.957203,14.40662,20.004723,35.121674,29.360352,34.093594,33.119205,33.734776,47.20524,28.597925,35.670082,34.907192,27.343552,18.116747,8.812542,10.81356,14.813058,20.856325,17.966074,17.179893,22.520287,19.942564,23.403795,25.86887,27.725468,18.635832,22.848879,12.115915,9.960181,14.070806,12.366454,20.648129,33.116665,23.48634,24.026852,25.180859,18.774757,27.460472,20.417414,24.90802,35.19049,27.575783,15.458027,13.72453,12.274529,18.900114,28.072927,20.088873,15.821563,26.185612,20.882305,15.021663,12.971383,16.604668,16.956936,19.913877,9.878042,5.085937,4.1991186,9.588908,17.620459,22.552366,21.302559,16.344631,12.740172,7.498151,8.602091,9.714547,13.473794,17.351856,13.052601,10.237295,10.202524,8.884415,16.094194,18.438795,11.322255,13.173332,19.17187,16.758667,14.151507,5.5387526,6.7588267,12.597189,11.539676,7.680151,6.5952096,3.58193,7.6084085,17.58435,20.188429,19.06189,14.359166,12.54242,15.343825,16.75748,11.100358,10.724666,12.668009,9.886072
1,8.075234,9.391323,7.550751,11.125732,13.743136,9.212244,13.823707,12.445275,7.814571,33.648964,43.534405,14.045742,9.250785,12.63552,8.178464,7.573109,19.560492,15.652089,11.531489,24.171036,24.775599,27.717707,25.18541,32.58448,35.307995,50.46876,82.86483,53.312584,37.94568,30.421114,22.922516,22.762217,21.16219,31.842985,32.9808,42.19332,45.162964,25.048624,18.870783,13.143309,11.972987,10.407779,9.592436,8.402112,15.203005,18.445738,15.481566,17.498182,22.657526,31.590101,37.166187,33.883183,52.4146,47.27255,37.189415,31.17715,31.753006,20.219587,23.52037,33.79365,47.443623,36.520435,40.053944,37.83534,27.987984,11.885565,10.970371,13.127822,13.011993,9.701354,8.972582,8.741474,9.103856,11.105473,13.673733,22.5712,19.435423,13.279705,23.49867,42.952213,37.556202,11.752324,12.7879925,16.703514,20.849062,29.310535,35.62006,27.319382,30.059277,41.669857,30.63698,15.301546,12.270461,8.32431,9.71628,12.694498,13.394137,8.26014,5.3203073,13.783141,16.636898,14.708349,14.209798,14.760129,9.645989,18.905548,21.430319,11.414641,15.154281,21.292402,18.056578,17.148382,35.94787,30.749771,13.482507,21.259941,22.64042,11.048375,9.570069,10.256472,14.142776,13.32701,19.262535,11.913716,3.7400732,9.145168,11.704156,9.688329,9.75819,9.803298,11.103862,14.509548,14.7386,4.6734905,8.754195,13.687716,8.8836775,11.899737,19.453152,18.786243,16.076082,18.30244,18.400646,10.757171,11.074382,9.212079,7.1071944,11.910479,14.00253,9.604665,7.8118434,9.51714,12.223462,8.651628,9.064606,7.229073,8.313401,9.545832,9.95258,5.737333,4.5301423,8.762937,10.040036,10.286449,12.643737,12.200945,10.457393,11.754292,14.61807,9.811626,7.740261,6.87614,7.0021544,7.457595,9.762674,10.249181,6.072681,5.123269,9.659687,8.195471,7.4061337,5.4443994,8.995447,8.634769,6.6314564,5.4060087,5.5589747,9.321944,8.709446,6.8933196,8.921273,11.996725,16.347479
1,6.8025136,6.5787225,8.753956,8.006001,7.5939145,18.625465,15.140806,6.53361,7.9359994,18.0753,38.648804,41.97215,25.262962,10.636891,9.89949,11.214003,10.785067,14.147785,18.345007,23.312492,45.604103,39.147945,21.248117,19.337442,21.940817,44.048546,37.269802,16.159245,16.400236,26.729086,36.89059,33.624233,35.952873,41.608418,38.393456,30.075441,31.866398,24.250309,16.603683,11.82495,22.888163,31.604301,20.767035,23.22259,20.679853,26.721443,19.85005,6.897936,14.974806,19.174904,25.174635,32.300785,18.0128,20.573137,54.877243,64.99688,33.437744,34.726414,35.33886,24.925882,23.536028,36.900364,24.157019,29.878538,34.64499,38.657635,28.334341,16.26017,23.141901,22.607893,19.585754,13.200405,18.791267,15.104831,15.571112,20.260086,25.128864,24.593275,22.18632,18.293077,20.111547,21.257986,9.183063,27.889057,45.73725,24.701056,26.490522,29.629154,28.694359,24.891172,27.782833,23.931807,6.915665,11.621269,31.03612,35.49282,25.929192,19.247374,22.4231,12.260304,9.4406395,13.145141,14.528049,21.931833,23.79717,10.6101465,10.463114,11.469367,26.579956,33.147022,14.060395,20.2224,21.584974,8.385913,11.378716,11.843771,7.5955057,8.983291,21.717258,23.87779,21.313318,30.04685,22.0274,13.499298,12.682762,8.981452,9.40557,10.652243,10.589934,18.412771,12.696842,9.693488,9.225818,7.958761,9.180189,9.334183,4.2954445,6.158552,11.920901,14.577282,11.467433,20.51596,20.136856,16.430592,22.717903,23.013216,10.989008,6.1480484,7.8288693,9.003443,7.1628118,11.062852,19.08526,18.956041,13.038394,12.637855,11.63072,8.30118,7.84202,7.765435,8.10308,5.50543,8.575776,13.918575,10.203552,5.7188516,4.2526083,4.3958507,3.22696,6.588163,8.057062,6.4243045,6.330553,10.31945,10.655192,12.194926,11.204197,9.048965,10.601663,12.519786,11.390639,12.285678,9.277208,5.8645306,8.082884,13.187723,13.258166,7.922169,7.669502,8.040217,7.679535,6.8330965,8.220392
1,2.4988954,4.635945,7.6467834,6.929488,6.803451,3.445883,3.4163208,8.616338,14.017721,12.635618,10.627895,25.829004,27.803255,9.127688,5.7722692,4.854783,2.9638457,6.4059854,7.504887,12.122912,23.831724,20.94872,39.42936,51.851204,38.20084,56.35763,40.864864,17.868546,32.624268,50.143536,27.884823,36.276443,53.422203,30.15837,25.275045,25.01133,30.617302,29.904184,25.735239,26.407152,19.831846,17.488497,8.073329,7.6650634,4.096531,3.9941175,6.499727,10.582942,7.317818,10.44936,28.577597,32.876488,42.980064,26.134726,25.963911,31.253613,25.785505,30.331795,38.86793,24.584633,38.43339,58.18597,42.05652,25.146753,18.73937,20.302128,28.235968,21.436365,10.79418,18.15661,17.806906,7.455333,12.359854,12.213708,9.38717,11.346254,17.19921,14.6714735,16.46774,12.73456,9.140534,11.003587,21.602512,30.843077,44.34404,26.780575,31.069332,25.898396,22.281775,10.857686,21.283773,26.356236,10.436232,6.0941405,15.968263,24.35372,19.877146,20.672989,23.3391,13.172094,3.1075022,5.2750263,10.279748,14.942318,12.809976,9.954932,5.6980987,7.8458605,14.972695,15.9874325,22.87673,18.387957,17.525314,21.413097,18.192373,7.6205473,2.6389573,3.4021535,12.582383,20.749737,17.988237,16.902327,25.319077,23.40113,18.187761,14.206745,15.02585,12.567342,7.091115,5.818242,8.575693,7.4062176,4.927294,6.2561493,5.1256533,8.231854,9.239081,15.70659,10.537444,10.000719,5.2206306,5.9081106,9.272461,6.073135,6.849554,7.4369664,7.347009,7.267496,14.794598,19.495642,13.447064,7.8312826,4.8711276,6.579043,8.016888,5.044746,1.783314,4.8847895,3.5777051,0.6324738,1.7790188,3.5345445,3.6873617,5.866311,6.1080074,3.8973985,3.4262495,3.5169363,5.919482,9.07097,5.506808,6.8126826,4.9066443,4.194918,6.118116,5.0921426,5.270728,6.317013,4.417734,2.920904,3.3798845,3.76982,9.739477,8.31068,3.0638418,6.4618497,7.769498,5.2915707,7.2675047,5.9667807,5.2576027,3.3893328,4.035952
1,1.7567096,10.226052,14.600068,12.626785,11.81099,6.7081714,5.5360837,6.412968,14.5403595,19.317053,10.126459,15.972153,39.819496,28.272423,15.116155,8.408028,6.6955147,14.401679,13.5464,5.146567,3.724715,4.868177,27.188765,35.360607,23.430954,36.208355,82.21746,78.8064,105.908936,124.486855,144.77132,42.55581,24.87283,61.000275,38.95845,9.601927,30.104822,38.41423,48.12125,45.550423,49.911106,39.70112,42.780106,40.081497,43.20868,11.909629,3.9012136,7.434746,10.95864,16.58163,7.8263545,5.391304,10.555773,17.840277,37.0918,56.229973,84.380714,88.11585,94.417145,47.66596,40.21582,50.203217,35.425236,33.538498,42.866848,45.553925,11.003059,22.500994,50.245605,75.2819,107.98396,41.25232,8.536792,3.1514509,4.4333,8.741907,13.069335,18.660181,19.867231,19.899952,6.71692,6.171087,10.878402,49.978065,72.67567,29.428087,20.989712,46.871155,36.94685,26.920809,23.262756,26.765104,12.195443,22.962294,64.951004,51.60348,45.175095,34.12333,38.62229,69.66359,67.73529,14.972571,15.812244,29.20394,23.0149,24.488468,9.764388,13.024898,33.574055,22.988724,3.865599,30.80326,41.62167,38.64462,34.653973,16.034805,12.603034,14.060515,8.462245,7.8787413,16.3773,23.66279,49.411625,37.66004,35.043583,30.848646,35.131115,43.814102,39.21798,20.814478,15.761247,16.79924,24.271463,30.10286,39.434204,33.742954,5.482237,15.431793,26.180817,16.381037,15.516038,19.886368,16.85433,6.9421043,6.710212,9.015208,3.7516599,2.4489431,8.7881,10.376185,17.360506,29.583168,44.914917,25.165127,20.466364,5.7064466,15.752082,35.83883,21.50998,10.182292,5.0325174,10.377437,33.877304,32.647255,41.073757,26.022087,19.68399,9.096108,8.4107485,20.919998,17.752903,15.69822,8.8477125,4.359377,11.089012,11.776779,5.9698305,4.615189,4.6090407,15.828155,22.935518,11.531578,8.916327,8.987468,13.257999,23.91045,18.619158,19.831936,7.614298,4.144155,6.225531,22.645824,44.34002
1,0.49393877,14.229406,29.258932,17.453825,9.857077,14.309871,13.75117,17.736757,14.6348095,22.72029,12.817227,13.561885,32.742477,39.109505,35.393524,18.295948,17.416811,15.242189,7.65147,10.39739,18.487946,26.283186,33.022133,30.211288,38.82317,33.82576,62.888462,61.79939,105.59114,68.96792,27.059753,33.89341,21.661081,10.179894,19.437897,47.91981,31.44845,6.080716,11.490652,22.887611,59.137222,68.47122,65.59544,38.036892,22.680334,17.733253,17.158693,14.5491905,10.360574,24.832758,21.174837,35.889496,29.527569,14.53841,31.08372,30.733564,47.44523,63.05158,41.874012,8.225147,10.937166,10.993306,19.814657,40.881706,35.903454,24.672813,21.869425,19.747164,48.88677,46.599693,63.19871,59.29902,39.771732,27.194927,10.702151,19.058975,22.95506,34.417652,30.622122,28.987549,24.741764,24.67056,29.40764,23.656584,19.563854,24.973309,30.258575,24.028292,11.464216,9.80189,11.601138,30.730267,33.53136,22.5313,15.562407,15.280367,32.72083,41.391796,62.477238,63.794147,32.271984,13.668254,11.556778,19.365814,22.10147,18.103231,20.104101,26.995985,28.840229,17.895054,14.2737,14.6229515,25.311598,30.868742,22.676706,23.250788,19.974594,22.645004,23.634886,16.70938,19.29935,20.090645,18.558184,14.052523,19.87336,32.634888,43.4788,43.015114,18.882523,14.065258,16.642025,11.63309,12.21523,17.877192,20.30429,14.974676,6.980045,7.5158315,22.162626,29.647814,20.498888,23.336039,17.304016,20.552687,10.486476,12.061798,9.258631,15.739704,18.985796,16.95943,23.460648,11.21914,17.262571,25.483704,18.245716,21.281197,11.355006,6.080321,12.620495,19.488222,8.711933,9.043659,12.7153225,6.530495,7.358879,10.624223,11.877005,18.15771,14.534745,21.089476,18.318064,13.796651,8.981935,12.606897,7.308345,9.962519,15.329503,12.876306,19.727224,10.2245655,13.530353,17.952087,9.321183,9.097532,6.6299024,8.753911,9.002096,10.060381,7.0482774,14.241887,19.897156,10.827277,4.0352073
1,0.2994358,1.6912616,5.5862045,4.905725,16.44906,19.484133,10.45763,16.808489,14.049587,35.263298,25.587542,21.414026,23.218952,11.1696615,16.545471,10.209134,20.78352,13.76397,5.2063737,5.1527085,4.0115075,6.017518,11.908848,28.810272,18.050886,19.281784,18.143076,36.953503,52.25698,17.87109,6.211676,3.3966296,1.1608355,1.4625146,9.632988,12.567015,31.72516,64.03521,35.28245,45.24603,35.96641,29.151836,34.774166,12.357289,15.178498,9.60364,19.882215,14.686682,13.371603,14.803086,31.130259,52.701622,22.439283,6.51476,4.4132233,3.9897122,4.1802106,16.809769,26.31346,20.447899,44.26593,29.54051,49.763134,47.040512,32.570686,45.512123,16.767246,12.925731,10.783997,32.039673,27.9409,6.3188386,6.2960644,13.522929,27.722113,14.374492,1.5105387,2.18576,14.062233,17.207832,5.03746,3.1338396,8.841672,27.54686,20.431395,4.039261,3.8948874,3.2080593,5.3971415,20.810911,58.49321,39.970516,14.345134,14.646597,13.256944,20.575672,15.633891,34.01531,22.575794,33.146908,31.81282,6.4289837,3.7402766,15.715689,36.40568,21.540644,21.417276,19.072855,16.174377,21.393988,10.751961,17.419231,9.686302,10.595099,8.681466,3.9775598,4.7205987,1.3607658,0.5856182,5.827373,18.75833,14.183173,9.122917,10.343996,4.6868796,6.8443656,6.5419264,16.683867,11.690103,8.316145,8.725261,6.189145,9.60517,11.847282,29.368807,18.804554,6.5114827,6.249562,2.1901357,2.769128,4.2744684,9.850797,6.2674665,9.923046,9.015461,11.654306,15.827079,8.502498,14.431051,9.367382,19.0913,15.94087,11.73828,14.542658,10.42926,18.852425,9.440154,6.6518574,6.0181184,21.436138,24.962135,6.663405,3.3997066,6.0275974,17.209074,12.194718,6.1215663,6.4806867,11.3157215,18.538206,8.596874,10.807944,7.7866106,17.197334,17.066484,5.591388,6.7208366,2.4805226,0.3276119,2.1845615,9.378898,8.592388,3.0496337,3.7189603,5.5427704,11.804483,6.836664,8.257515,6.974477,1.6435676,1.6747643,2.825986,5.5452676
1,0.42134482,3.9494865,10.41851,8.686879,20.496672,17.158735,8.050749,8.337675,16.988073,22.886759,9.992642,12.055648,5.553353,4.197483,14.409505,44.36629,32.69497,3.3925724,4.7559304,34.09724,40.979515,50.19486,75.55785,30.027405,19.419365,10.341008,9.950435,10.094919,28.539093,24.540092,32.81301,34.687897,15.44976,18.069702,24.867989,42.4559,19.571045,14.5302305,11.397556,24.200985,22.885117,65.78506,62.49354,69.935295,83.35538,100.697876,150.68254,67.03936,73.52657,42.78062,59.696568,39.0245,13.097536,15.067394,59.191338,62.860245,15.627783,9.470872,12.0697775,20.355196,15.031951,28.205849,21.235666,43.87452,33.760666,42.569473,41.169506,78.04538,93.38871,53.112907,72.480934,28.456442,16.504345,9.817007,14.038547,10.414178,19.100327,17.197048,35.70331,37.8531,11.518664,10.597686,13.819628,23.528471,32.270504,70.141304,43.530037,51.939827,41.429134,74.267365,70.46832,62.545837,73.423256,27.191574,28.411266,18.268478,29.401419,15.266557,11.387578,8.107951,11.932178,12.045779,37.89432,40.21493,14.825459,16.272806,28.3265,48.64978,70.513504,154.19449,88.2329,18.683561,18.347103,54.655193,51.483864,26.299946,29.752762,18.207771,25.30153,18.491451,31.956932,15.976459,0.7073712,3.7562878,13.903487,11.931574,16.987492,17.994051,3.9970567,0.5464793,2.7686799,4.829799,6.3153586,13.646205,7.8500404,3.1183536,2.3097706,1.0438889,2.836764,19.699522,23.63856,10.405035,12.799393,9.065393,15.297565,7.672877,1.9551302,3.108133,10.516155,8.759454,2.1651819,3.5490837,30.144642,40.91859,25.35323,37.75472,21.572046,32.63913,18.82773,9.133695,9.579641,30.435207,28.774366,19.116665,22.044405,6.7510934,4.857915,16.288017,32.420773,17.515083,17.234932,11.285587,4.8621635,4.9886575,17.100069,18.170315,5.014209,4.155731,14.896966,25.993982,11.317344,2.1725957,13.047461,40.576653,31.139816,37.8314,35.600258,21.360813,24.432604,29.357702,44.157635,31.674711,53.65197
1,0.14792313,0.37627453,7.5633717,12.450777,5.061319,0.70347923,1.0546309,3.748249,24.0367,27.365688,6.798311,1.2174978,1.3095591,10.002992,34.684727,27.556412,7.3958654,17.759203,11.750531,7.2740726,15.853395,8.661465,3.5092432,6.2844706,2.9735894,13.959855,20.691845,7.451744,7.319941,9.178981,11.596141,59.880455,61.89438,39.290977,145.48062,125.21325,40.19505,106.75617,76.675705,7.838818,8.386109,4.9390903,28.34841,55.462345,27.11422,5.1054645,8.228865,4.7324667,32.538925,43.504196,14.72483,32.963856,36.77854,9.005931,6.8545322,6.3489847,2.6329718,8.066572,6.343912,14.361629,38.106995,24.672274,2.331044,3.7730174,2.5990458,55.014263,96.45841,42.03862,9.343997,13.5274105,14.827457,103.27411,124.85489,33.996223,10.072598,9.542479,8.099774,29.897446,25.214437,9.067524,24.334932,17.121384,9.035434,20.905397,12.186683,26.350107,50.383503,24.124989,19.038101,30.033676,11.610613,7.282016,9.514586,3.998853,16.58162,18.127691,4.961371,10.906759,10.044276,15.935628,51.865963,39.583923,29.30657,74.86131,47.48995,34.336304,71.693146,37.473366,3.70633,6.3135304,2.709144,4.4882503,6.3916535,2.9249086,14.042601,16.639126,4.4857984,4.8073506,4.867546,10.627473,38.966946,32.22642,11.284705,29.62445,20.422518,3.3518646,6.752974,3.847823,0.64036924,1.1775563,0.6800192,6.1080227,9.438888,3.6518261,6.7245283,8.749974,11.913964,66.12751,70.9061,16.073473,7.796417,6.743796,6.722026,21.031265,15.755898,12.124794,30.41066,18.879696,1.8518001,3.2449677,1.6963505,9.784928,16.443472,6.871375,9.000483,12.521981,5.0377474,18.855862,21.899994,5.613356,0.6645278,0.48118114,4.0814886,14.550791,11.799342,1.6129624,1.4380958,0.96466184,3.5073402,7.8637166,4.4040065,21.817533,39.947365,18.242695,2.6598444,4.0156026,2.3007987,14.576629,18.36017,6.356312,19.750164,20.741236,4.5697403,2.3668268,2.0962105,7.028435,21.775589,15.95431,1.6662655,1.3498774,0.8119056,12.592287,25.178873
1,8.370868,7.0089774,6.09357,8.29014,8.290435,4.926007,4.171189,6.138283,6.66441,3.952456,2.190388,6.8569674,10.382943,7.9797797,11.107463,22.06102,26.601854,36.75163,30.158035,25.459032,21.400776,17.637201,16.179113,15.811454,13.3250265,14.270445,19.617895,15.121161,12.685104,23.279308,36.731686,56.37063,77.246796,84.747086,86.12247,100.25133,77.46736,88.32513,54.475952,14.283517,17.294003,16.012262,10.867735,14.365378,17.092606,29.505316,24.096409,17.243053,37.1043,39.0858,31.395018,35.508194,32.91557,47.458103,49.21301,26.053528,13.679219,14.134975,19.950027,24.111263,15.342397,10.334764,11.659025,14.668692,36.242798,48.155598,28.860664,55.761288,53.458385,42.20724,29.502134,62.420723,72.29994,37.017727,37.32433,18.509699,26.132986,24.523142,20.638577,15.233656,21.3026,26.570253,24.121317,39.22949,56.882187,52.5331,27.217525,22.711054,26.281734,27.134422,30.647526,28.30055,13.58108,8.473814,10.691633,13.401837,16.270618,15.930563,12.748284,18.130966,39.31396,35.60607,20.537846,21.426434,28.205994,21.62885,31.010763,31.35173,27.571978,27.472008,27.77056,26.65693,17.19078,22.14826,25.329994,22.02439,26.28627,35.865307,31.677776,12.351395,21.065166,23.202415,20.04284,17.511383,24.171703,32.673077,25.133934,16.51881,18.187151,16.747305,12.705694,9.088631,13.4160385,16.53597,10.878421,11.873119,12.535208,12.252046,19.082598,24.685932,14.508447,6.1876636,11.505218,17.409075,18.11726,25.469404,20.368849,8.622646,15.704134,23.240444,13.256224,7.4757075,11.236659,10.329646,9.166113,9.833811,13.118856,20.904848,16.019007,9.869782,9.108847,13.304061,17.931366,13.820233,9.624171,7.9053917,7.0541377,4.230771,5.8458276,8.196143,10.721285,6.744425,7.46262,12.761293,10.081886,9.236195,10.698997,7.2477417,8.387313,10.711067,9.307589,8.556691,7.51012,8.566847,7.653525,5.969755,7.2699747,8.968836,8.166701,4.049802,6.102146,10.024876,12.524843
1,4.1894255,5.7590775,7.705697,6.227934,10.135816,9.058785,5.569877,6.4617457,7.6236277,5.708027,4.453865,2.9008896,4.168703,7.3760357,6.1475453,8.792092,9.928205,10.695649,7.1939597,13.750457,11.211756,8.160844,6.685341,6.773464,8.745463,6.428174,5.880517,6.006016,7.7025094,10.0524645,9.525189,14.577997,11.244435,10.361863,24.871014,51.68579,100.402824,82.11233,93.99436,85.181694,96.835915,84.11031,39.233513,18.679771,19.098827,9.031853,11.091592,9.800555,6.0396786,13.152038,12.8722515,10.339329,10.816606,14.226844,18.94211,26.234177,25.856487,14.7796135,12.550742,9.736347,7.507569,8.479822,7.663251,5.017051,7.073862,10.845953,5.302674,5.5061154,10.516203,9.88816,18.40497,33.70073,44.335514,63.883026,60.794395,61.83437,30.204386,27.003801,48.353504,46.04617,49.588192,52.53079,39.49141,17.716358,13.135942,13.7244005,16.197395,16.251324,18.7841,16.819761,23.850328,21.245434,30.524158,25.278236,20.059479,12.784357,11.421069,10.0246,8.060031,8.283173,7.411149,9.273338,7.8641286,8.302464,7.6674123,7.275992,9.270585,17.840729,20.651293,31.383137,35.07332,32.475418,26.139997,16.516108,20.770767,27.721249,22.416698,9.554783,20.904448,34.447735,31.749699,22.688803,22.283886,13.438706,19.401533,18.837498,17.51374,17.905695,19.181515,25.117075,18.638624,10.522632,13.274576,10.760231,5.9505506,5.5908413,8.36822,8.871618,6.1804066,6.43161,8.900714,6.913268,3.4700327,9.3965645,11.760255,12.515715,19.01004,15.40519,12.195116,6.038679,8.543897,13.5104265,17.001637,7.858878,8.331057,13.290787,11.572436,11.331587,9.396746,12.268444,16.938234,13.092833,15.654287,16.515942,11.144515,16.699434,12.207194,6.2773933,3.3807075,5.233718,5.2228937,6.882198,6.995628,8.65963,6.557864,5.6154633,6.5281477,5.1753135,5.333593,7.1829295,8.888492,6.9403124,8.19391,10.088306,11.5134325,9.201836,5.83012,7.1190667,8.2906885,5.204142,6.7776203,8.581532,6.8558793
1,14.729151,9.562931,6.5071344,11.520904,11.600022,8.259274,8.213994,10.284363,6.4386263,6.269169,9.891764,8.068249,5.440521,7.337021,10.471735,26.404154,30.976383,17.34399,8.832413,5.24047,9.733271,12.061046,7.7662377,8.023789,11.258714,11.101965,12.19016,15.259842,11.574206,14.924367,45.397427,113.15916,119.81113,88.02744,49.925434,61.93979,50.646263,24.19895,21.64997,20.26461,13.176264,13.263358,17.976664,16.24056,9.273987,11.250103,21.861961,33.972153,22.78472,23.962046,21.428616,13.08509,10.280373,10.711257,11.459625,9.182163,10.682077,15.406593,21.208147,22.063879,18.940285,27.752432,69.412155,79.350975,69.48613,50.007767,24.549276,33.97878,58.571735,41.401077,18.707392,14.1155,16.051804,14.983734,16.419369,16.022156,9.645399,15.539881,26.368956,24.82315,21.856882,15.491088,10.828913,11.3068905,23.475153,28.92501,18.150082,10.2212,15.443375,14.56813,15.642972,18.876257,16.419588,27.151403,51.864212,53.33046,48.0734,25.56313,17.135868,19.792908,25.509254,30.966843,20.64457,26.148476,24.411451,20.868843,14.421568,10.964781,8.60195,17.160625,21.75011,19.433285,17.329725,13.289323,8.514702,10.651848,14.308598,14.339605,18.11462,20.822947,20.317259,17.2272,13.822679,15.584162,13.864349,20.98997,36.21408,33.9773,23.33221,17.385681,13.367522,21.347923,18.991592,14.323,14.438982,15.525214,23.01143,17.03284,7.94984,7.603375,11.517181,15.379932,17.877342,12.004291,12.848939,8.872362,9.41263,12.810321,11.759927,7.7708387,5.8503966,10.648689,15.738745,21.688065,18.423664,7.8858504,10.131316,18.14815,17.692533,15.94939,15.953707,11.816539,16.024237,13.204233,10.668531,11.058642,7.383847,7.007742,16.944464,17.898733,8.688816,7.4442677,8.574256,11.16742,8.980157,8.498463,10.490787,8.400563,7.616035,8.556303,9.942163,9.082122,8.1559925,9.498048,13.950288,10.527714,9.046079,9.660212,10.924217,12.781,10.191244,14.454086,13.745487
1,0.05861933,4.4077067,9.092366,7.4548125,12.499673,9.736056,15.807789,12.9425745,21.647446,21.515276,41.350914,28.776798,38.84238,23.927773,12.545923,10.2283745,17.252567,10.998715,1.1224303,6.0707264,16.94063,18.36213,42.08798,37.094227,67.784515,50.507812,45.644505,33.983513,16.147263,16.518785,38.206127,29.811823,3.669794,1.1607708,1.212614,2.263482,7.8677044,9.388024,26.776587,23.58046,10.407149,13.051243,42.195385,39.03244,7.0525165,6.1696577,27.9933,27.532972,13.478033,13.31062,24.84052,25.646507,14.827167,15.078891,19.349255,21.216658,22.005262,24.769545,41.17874,47.74274,42.57084,49.185223,59.016876,70.44349,20.798582,9.3111,3.08247,4.989568,45.034435,60.229214,31.313414,34.12962,16.738897,17.92459,6.1051292,1.3160198,6.253311,9.519232,32.212234,49.53219,18.756113,3.4680388,14.514227,23.693584,12.284503,12.891608,27.313545,46.500565,61.224163,104.14251,47.136322,13.285589,24.775888,45.94396,22.011234,4.8683424,15.889439,31.868784,21.68793,29.943567,23.072706,37.003433,22.754622,23.821087,13.281417,0.760992,5.560958,13.267493,7.8670464,1.1339151,9.439144,24.154476,27.10597,59.21713,38.325573,3.0404692,2.375079,5.6600347,4.110289,4.157731,2.9889567,1.8643559,1.5518484,2.534285,2.8777618,7.1178694,5.706589,5.261728,8.984669,28.63228,23.362986,4.6774487,3.1605546,4.149666,4.1893344,9.210978,10.656164,29.134693,26.618166,10.738634,9.327739,6.3930383,6.175747,8.157544,9.062291,21.628965,22.213314,18.613733,19.117838,10.660601,10.784905,12.563791,13.8203,15.142806,16.98917,8.860586,10.364378,38.29283,46.294754,17.330027,14.775419,15.638913,19.367844,7.401401,6.32971,6.5785484,8.661936,17.728174,24.389488,9.093103,6.2552514,18.371866,26.967667,11.193874,8.604612,13.115213,19.887869,10.461384,11.697772,4.65189,0.8330463,20.625677,35.362553,15.590714,7.069528,8.762418,14.995144,11.191957,16.561728,7.7794724,0.64470625,10.218875,20.436434
1,5.64339,4.591602,4.5418415,6.04025,6.9658313,9.111341,8.897746,6.02962,3.7493558,11.039373,16.145357,40.412556,43.556606,24.156244,20.182755,23.40822,20.597748,9.433862,7.845914,6.8090773,16.30742,21.256985,31.837484,47.987095,67.84885,68.64143,42.45636,29.347605,23.831182,18.85786,17.708807,26.20289,28.891933,25.296003,34.09621,33.76948,35.5271,20.36483,28.287191,28.377382,23.757685,12.934123,18.148394,13.084256,17.792477,22.123972,30.469645,37.6008,25.904465,35.588448,47.116703,25.477072,22.883003,18.827677,20.940536,39.0616,43.625683,32.611137,50.4155,38.65106,21.942125,19.241537,23.877623,23.523624,22.193544,18.24383,18.540108,30.141815,36.587395,21.775042,26.07062,26.71776,26.043482,18.231133,25.759417,27.726986,18.22588,21.201046,33.10763,35.424717,12.709468,14.958531,25.879807,33.262188,30.779003,17.510006,20.82667,12.048052,15.761634,25.741768,34.173412,27.332031,19.305796,14.005926,17.511333,20.99199,14.992792,10.413567,18.471624,23.797323,17.631021,14.8377285,21.945147,18.735464,13.954517,12.876714,14.410675,15.503994,28.830374,21.735094,9.477384,9.611041,14.479123,32.783707,37.029327,23.222227,9.886625,6.05224,7.0986457,9.086861,10.818337,10.681781,12.160576,20.350574,17.67712,22.911472,28.329485,14.074823,11.839808,8.92015,7.257803,13.713577,15.934879,15.924949,13.861597,12.438662,12.165784,20.378086,24.541977,19.89588,13.049776,7.7402544,8.267363,11.021605,9.833483,8.164346,9.245611,14.521797,16.559425,14.390145,12.221174,17.536259,14.648402,5.4219155,4.355153,5.7196913,9.391813,8.864117,6.49306,8.62286,14.894625,11.30701,12.924897,17.449034,11.112941,7.3640223,7.067319,5.033744,10.534842,10.247625,10.316585,12.9447975,13.671601,12.329328,9.875698,13.265566,16.14924,9.8712015,7.3833694,7.1627307,10.635736,8.797821,7.7797284,8.701846,8.720792,8.614824,8.748121,9.644014,8.214809,4.9773154,10.369698,15.093686,9.718981
1,0.05370785,0.08698054,0.35545656,6.2190304,9.868023,3.8432517,0.7411743,5.944449,7.5652385,2.2466173,2.1955068,11.445573,11.756184,2.4736931,1.6367928,5.879888,4.877274,0.6930595,2.9470968,8.093592,5.394932,0.39698687,4.992522,10.595607,5.6527133,2.030474,48.696148,81.744194,33.926155,3.3380737,30.09526,40.41447,12.842786,7.53412,43.233913,46.847805,10.7497225,1.5561655,2.8615942,2.5076082,1.4098502,18.227062,53.726837,37.849186,3.3166823,13.190033,29.748806,16.740105,0.485252,5.538571,9.850178,4.356013,1.2969272,14.815874,21.039549,7.229105,7.693898,49.975445,57.091976,14.489742,17.429142,75.431274,69.645,11.963982,2.985223,7.4793544,5.5503283,0.9996722,21.312984,51.359802,30.59329,1.2897999,12.11992,22.847576,10.753943,0.87909955,12.132416,18.191944,6.63417,2.0151577,14.3772,17.35079,4.785759,7.1010857,33.833645,32.93363,6.3165293,6.3485184,21.351898,16.792843,2.2284002,19.984808,51.39705,32.400284,1.827186,0.44231242,0.42104864,0.3541891,1.3350956,23.648766,37.50646,14.618586,4.0720925,33.4266,42.54426,12.484589,3.0818765,14.778458,15.184864,3.1841075,1.6147245,5.7561107,4.7701883,0.652111,0.13209152,0.16194437,0.11940714,0.19298075,14.584475,30.991177,16.445375,0.3414487,6.262413,10.50825,4.377396,1.5877988,15.311751,20.568008,6.560043,5.0454297,29.102976,31.540033,7.2681913,7.0446076,28.011105,24.499172,3.7998254,5.3898606,15.733847,11.090005,0.9866578,7.503147,16.953796,9.53498,0.42080417,11.819812,21.01603,9.293614,0.5374919,5.5729966,7.907661,2.6834986,0.20851402,0.37777278,0.43020323,0.111419514,0.16479959,0.7028876,0.66434336,0.606069,6.9568424,22.02946,16.393406,1.6920503,2.44238,5.8143883,3.466769,0.1702267,6.447549,12.152183,5.7175527,0.095382296,0.8095677,1.2168517,0.47356778,1.0278423,7.5344396,9.088023,2.472644,1.8757582,8.884044,8.646855,1.6521109,0.9770255,3.2091463,2.5238843,0.3093797,1.4846095,3.816367,2.4059289,0.13575217,7.196316,14.390626
1,0.29929528,1.5009038,5.5099883,4.755703,11.536193,15.928982,6.933309,10.639783,10.286421,38.769592,37.82261,19.460201,29.309856,16.130095,31.616861,21.766153,9.417982,10.503965,5.2304316,8.543923,8.26312,24.97126,21.735136,76.51054,100.4654,31.19986,12.557714,8.7101345,23.41368,21.737066,9.653516,13.555247,18.80511,48.44698,32.94445,55.494568,59.765766,22.810587,32.638195,17.220705,30.612217,23.446064,20.502783,25.375832,24.330698,48.904762,28.016634,42.710266,37.752773,19.95902,27.848663,11.973015,17.287981,10.719944,1.7217847,1.8497953,21.380465,36.40013,23.97475,56.85229,41.23047,18.323267,21.244236,24.40896,47.64031,24.533154,21.025202,18.200378,43.920853,60.576817,20.142725,7.7423167,10.735037,47.12216,45.97194,10.069013,7.8508496,4.270745,8.505745,5.878726,4.8975725,5.5284996,20.992195,39.68417,18.762877,1.4595431,3.672677,32.332382,42.484985,13.310931,5.8895063,11.068725,46.45878,43.145786,11.016422,12.603019,23.00611,60.29589,39.38288,8.775946,9.086315,6.056581,10.171377,8.355758,22.694307,17.445545,18.174671,22.573969,14.393919,27.403856,16.801039,34.04993,30.084393,4.8040752,1.4271421,9.115678,22.940226,14.632167,19.034842,19.54516,24.839903,41.587402,19.028555,23.409264,16.94571,5.57578,6.327912,12.543513,24.810232,12.545761,6.5451665,6.142935,30.047853,41.533276,16.386538,21.286121,12.558899,5.6278486,5.4769893,4.250587,6.630941,8.750332,23.746653,16.407059,9.091907,10.16473,15.400009,28.824825,13.707865,4.721005,3.8845768,7.9266496,10.399546,4.36525,6.8119006,8.4776125,33.2394,30.863749,5.3704557,0.9845101,4.9028554,13.12886,8.807215,11.085935,11.920668,7.7547755,12.983707,7.254168,14.488353,11.192423,14.693657,18.285072,5.2840123,1.8821653,1.4608271,4.424904,4.033764,12.118563,17.590916,8.854831,15.873809,10.116153,12.966749,13.292841,8.212308,13.081262,6.3257565,9.265996,6.7061615,1.5518105,1.6980349,11.910902,23.794756
1,4.141125,4.3751445,2.6180382,3.271216,3.2788959,4.893784,2.7322643,2.8290327,5.4549327,8.204528,8.975256,10.510716,10.658998,28.813395,32.937965,12.858458,17.033901,18.322058,4.680545,2.107838,3.8891814,3.9397013,3.2620828,9.404126,19.071968,23.992254,49.71901,98.65343,79.151695,47.649693,32.470535,19.729158,12.460546,4.547385,2.8277135,5.844035,8.395569,23.055168,46.16851,47.754414,43.95356,68.193,40.481842,38.430378,22.621569,15.205025,15.250412,9.813786,3.4426584,3.435992,3.8291698,4.5955644,6.2942615,24.117,30.695385,20.314508,43.803474,45.090633,24.420933,20.65247,6.2330694,7.6729207,6.4056325,11.946279,32.513622,71.98516,67.63375,42.50592,38.973866,44.70335,51.034657,32.2887,21.797321,31.015415,18.237965,4.477305,2.6738915,1.7998209,14.577946,29.089664,25.096838,17.766085,11.233281,15.117208,16.071804,21.879894,22.554432,15.449564,17.007797,14.4841795,18.304747,23.990295,43.699997,40.753876,16.530182,21.42318,22.271378,25.043848,25.531475,34.88617,28.939014,7.2791486,6.0602293,15.464795,18.0659,21.768463,33.80281,25.037806,11.267344,16.13338,18.401937,12.172158,16.546642,13.806948,13.018657,12.656337,9.190679,9.297201,18.795015,20.589773,9.425639,3.9400494,9.888487,13.674794,8.507585,5.7806396,20.032537,25.50198,19.845226,21.219357,14.970294,17.823725,20.141314,23.094397,14.253148,6.997344,12.722844,16.18789,16.386106,21.742582,18.011185,7.7068205,3.6040268,5.187318,12.852041,14.256413,10.855306,6.487752,9.399071,7.3078876,3.1752057,4.850158,7.865176,6.0586286,8.640376,10.951638,19.8249,16.349989,10.620471,11.954301,15.37759,5.902994,2.6036763,6.255235,9.875425,13.789234,13.364046,4.2755146,2.6946943,5.543621,6.280007,10.9931345,11.319543,3.536003,6.398588,7.419935,9.627654,8.290783,3.3309252,4.040897,10.160326,8.235888,4.6988077,5.16045,12.017743,12.407304,14.778941,8.754348,5.861889,11.888992,9.394516,14.497768,18.543451
1,0.07373527,0.1253329,0.37185568,2.9458802,12.120347,10.804472,1.7432654,0.79539704,11.810922,18.398767,7.748026,7.18508,16.770844,48.419582,35.175396,35.34881,32.84177,5.78973,1.1003716,4.1591763,6.775144,3.5602949,4.9943333,2.8495352,2.1584313,5.91153,27.49516,28.261686,80.58128,103.79985,41.284466,46.390427,20.487923,13.177208,7.8366957,6.013417,6.383615,23.18116,23.733963,12.902273,16.213482,33.99131,60.78694,32.061207,40.731842,24.99056,9.004359,7.3092213,5.160971,5.449869,1.2657573,0.45170474,4.140542,7.88311,11.754867,29.42054,23.410639,54.140785,46.858345,50.529778,56.11043,14.712009,8.626912,8.013058,14.85828,12.421661,27.950787,19.2679,18.097132,16.479944,26.289713,30.90543,41.32981,63.060753,24.203485,6.87906,3.5606687,0.4326852,0.65055287,2.5920117,2.5851,6.97209,8.5581045,8.138408,12.791136,10.142673,19.551453,18.233944,45.774345,33.887005,4.7657356,3.4336863,9.281349,11.919552,10.359884,16.79975,7.644745,6.49643,4.26157,6.7923822,10.383238,46.626553,47.70092,9.999142,1.9186456,2.180586,3.7467747,1.7812505,1.4533582,2.2068017,7.2147274,5.88327,3.314836,3.6529145,13.933968,19.722845,14.890924,25.14877,11.960584,2.2538924,3.0182543,10.255348,8.734524,2.9548607,3.0260887,1.888242,2.5719657,2.8816013,5.5409355,13.728831,37.51975,25.365507,8.878491,7.728426,3.0068612,3.2495,3.185217,4.8001723,2.2391791,2.7685075,1.7815874,3.0835257,3.5639603,12.690176,12.017717,14.842777,18.05822,5.0615654,0.88091,0.87348366,1.8004625,1.1813141,1.9511131,1.4584633,1.0917039,1.0620993,0.4644386,0.62741965,9.31341,16.000238,7.14602,4.830102,2.8361576,1.3821467,1.3288351,4.2130895,4.3194575,2.3224597,2.8849192,2.169113,3.5404172,4.847509,11.4014845,7.822036,12.476853,10.148657,4.500405,4.636195,1.6460527,1.8229284,5.011171,9.437054,4.5787463,2.3825986,1.6747761,2.7073474,2.8646035,10.563632,11.845529,3.97929,4.046836,4.8556995,9.308733
1,0.045178656,0.09720306,2.8768997,6.673721,3.8447595,2.8676963,7.7864537,5.14788,3.276444,10.490814,7.9185443,0.94076186,1.5252894,1.3722732,3.2288706,15.505547,15.173628,5.283736,26.789846,29.863195,8.057562,31.616344,40.067715,11.695746,8.017685,11.460957,4.0385804,15.089153,24.98543,10.224944,2.524619,4.716675,2.2806518,7.5870504,16.711456,10.230809,85.89352,221.35587,139.79346,9.397402,14.95144,10.827549,8.244193,29.855993,24.60312,4.2604895,12.312193,11.545639,4.139767,20.502142,21.86695,4.96634,7.120706,8.660672,5.221086,49.914337,69.110596,22.743155,29.563742,46.670837,18.118284,2.25198,3.6941354,1.6842048,7.704145,16.169552,8.48467,2.641569,6.461585,3.898034,2.6409214,7.469292,6.540099,41.35509,141.82167,111.80026,15.680315,32.55909,29.25753,8.719496,38.331047,39.170223,8.766555,22.987577,26.684605,7.138213,19.706268,26.073265,8.108241,11.807292,17.82479,6.692004,43.80739,75.99902,32.740456,17.492884,34.8891,17.446705,4.660097,10.821494,6.2405605,2.8440223,7.722535,5.12153,4.3653007,14.070396,10.610781,1.299606,2.0888429,2.686635,14.783894,71.16701,69.636604,14.463865,32.292267,35.967434,9.354762,31.181246,39.514698,11.560664,13.685104,19.712708,6.8750534,12.365756,20.456303,8.371782,9.436184,17.95566,8.585335,28.926737,63.830124,35.11514,7.3796916,18.95078,11.962806,4.1836257,12.517338,9.063043,4.1981173,15.04677,12.407207,4.0905056,16.837873,15.775566,2.80821,1.4555489,1.564328,3.319128,24.570274,29.831097,8.373245,17.9454,24.850006,8.240298,22.478172,35.56161,13.800005,8.200193,14.828158,6.7247653,6.3370705,13.290882,6.983387,4.9501057,12.089328,7.38943,15.078184,43.35131,29.962475,5.4648275,16.918413,13.322103,1.8290354,3.475137,3.1579506,2.9868844,15.321092,15.677531,4.800884,24.190506,28.115494,7.2278395,4.391459,5.6971736,1.7844658,2.7946005,4.229813,1.5918511,9.747093,16.914043,7.286793,18.315165,36.617302
1,1.868914,3.3540742,6.376249,7.6167946,6.9889135,5.45889,4.845046,3.6873133,17.681768,36.812733,27.453014,15.731702,7.1648545,11.370389,7.4828973,4.4555593,6.5631447,9.076889,12.740273,39.464893,33.304695,14.74432,10.417908,9.583293,36.74207,39.679604,26.368328,20.520857,39.925587,35.449028,22.885624,22.863863,15.715333,36.544037,36.1169,10.605324,16.36234,19.412209,14.661506,2.9927557,2.6314032,5.363419,3.7905464,10.117967,21.4463,35.34294,24.375135,17.42515,17.307503,11.40162,5.422978,4.2241325,26.631502,41.938587,22.510368,10.423719,31.55805,41.791218,20.285084,17.105478,24.047598,23.239882,5.576215,3.8762553,5.224517,13.130494,18.201727,15.15187,7.4135528,11.069248,17.176817,22.166477,26.85418,16.283531,2.0770407,16.45864,34.438023,24.301369,18.254255,22.205544,29.988087,30.834948,18.845795,16.076283,24.322994,22.280842,11.519907,2.9580207,8.158929,15.073852,18.974726,17.230442,19.974508,24.021923,17.091936,11.488197,10.579452,12.526783,13.853264,11.085667,21.918827,22.753483,12.184342,6.680033,9.313884,8.039439,10.764573,19.41875,17.074837,30.629263,31.563856,16.109653,15.871958,8.834796,2.6085243,5.137301,14.553718,38.433346,29.210579,10.701345,5.9269223,5.3132224,3.1452956,6.562856,8.683028,7.003928,19.421999,14.470983,4.5207987,7.662081,8.808054,7.750182,5.4033833,6.359311,12.997581,10.973344,21.402369,23.08597,6.6817255,9.384629,7.647042,6.3866687,6.275447,2.3226898,3.135417,16.323477,19.223227,9.32333,11.8905525,7.9460173,7.4363112,10.146244,5.381235,9.981976,12.085356,12.576767,11.740135,10.175512,7.289116,5.0560493,4.4843965,2.6467915,1.7248994,1.9880887,8.911773,17.303543,21.82177,14.410379,3.358195,4.3881392,4.343071,6.2046432,8.440775,9.100641,6.2670875,9.239965,6.3869467,3.4788542,5.3183665,3.6592758,12.090975,12.140362,8.11188,4.8287444,6.7521563,9.89241,9.478337,3.5546181,7.359866,13.322425,15.635178,14.659992,8.426968
1,0.022270095,0.25654566,0.44652817,0.8526192,1.2796764,2.7875092,3.6795251,5.374253,6.1097026,4.6238904,5.0715795,10.404156,12.023859,26.418503,29.18781,57.81096,39.64581,19.004423,21.32131,37.261868,18.967949,3.3045702,16.020641,24.514889,23.980179,31.18077,69.73646,81.24786,70.72767,69.75387,34.408276,28.008904,8.582726,11.504736,28.250242,20.235132,14.362054,22.255,42.25205,27.913418,30.751135,18.885334,20.765396,37.17072,49.02192,27.595509,27.507378,26.672073,26.71163,10.547888,8.576911,9.638175,8.919401,13.377287,38.529755,91.22272,55.315865,13.440958,6.9600754,1.159649,14.417543,22.598293,11.531763,10.903285,21.430946,26.14075,37.983173,42.18865,66.299484,61.623146,44.668903,38.543068,49.39501,39.809193,49.8468,31.023943,13.277222,11.22498,16.220505,17.409225,24.960548,13.543429,13.470166,30.79152,37.17386,20.290663,18.846317,14.960348,17.02743,38.328472,31.442001,13.681,25.497648,60.147404,40.51322,33.331543,19.768229,15.951626,28.20668,43.77846,23.147556,21.90325,20.188227,23.31177,13.043096,12.1608515,3.8713593,7.1349545,24.4377,20.195503,4.2126517,2.3489718,0.36706075,1.9023763,4.149004,8.300092,15.103161,12.936756,17.816298,15.634728,20.084146,25.542566,31.347372,35.97359,38.082977,16.118114,13.232951,12.549323,14.014489,29.705925,21.712608,2.3564694,2.8000858,6.0085006,3.3436859,1.2321478,27.29813,45.262253,18.798893,4.4710517,4.1014276,4.789903,1.9660716,5.33733,24.321701,23.735296,13.538336,17.254301,42.63557,31.642914,5.0202928,11.13311,24.501553,14.708692,9.782917,5.4980145,4.7733607,6.745646,9.532923,9.459149,11.301266,4.4984636,8.482389,37.893402,37.493824,23.076752,19.069548,7.0203977,5.316157,5.829188,3.8079262,0.51719934,9.0539875,17.833735,9.90911,7.9897227,9.696844,13.678687,17.194334,21.315239,8.497668,6.5050087,5.0409064,4.8889465,4.6310573,4.2386966,4.8721933,4.1906037,5.422092,3.790904,2.7642636,18.886875,37.614258
1,6.672988,7.189379,3.5876186,3.2626839,5.0716963,7.7859893,9.535785,5.4235716,9.329372,15.603499,10.654644,5.9167094,11.077435,13.6353245,27.478025,43.884624,42.27837,57.07582,26.804403,23.97274,14.7229,23.7003,32.36151,20.861525,28.339056,41.54253,27.023928,16.304502,37.924595,45.766846,62.192192,97.51776,111.855385,99.79052,31.04065,20.54264,29.946613,33.12809,68.00134,81.81199,54.19077,49.53201,27.561623,35.064686,36.807323,10.808934,18.364622,43.496994,48.065376,31.901663,25.26922,18.140219,10.718662,24.21655,47.921993,46.74641,60.079575,50.862984,11.627065,32.294033,32.42261,19.060612,40.516136,35.859806,40.526886,41.08952,24.926542,22.265863,28.9748,76.07469,69.88789,36.07898,28.916004,75.53596,65.53312,30.828604,28.088537,19.702326,23.088314,34.28717,20.969147,12.32567,8.265388,4.676597,5.1386943,20.783447,47.120293,31.803564,31.139324,21.456861,15.59506,25.81718,15.349985,18.051855,32.990627,28.21773,20.670578,31.343386,19.747633,20.964525,33.064873,48.450375,42.207962,26.97534,21.322727,33.35468,53.865604,42.02437,21.398277,23.099503,26.614851,32.740116,17.003859,11.977501,16.061611,9.658801,20.922577,37.67069,36.09433,16.208275,20.92783,22.269157,16.087881,14.665697,12.088544,17.520117,17.95148,16.747274,22.721243,22.85149,8.021521,5.125023,8.601867,16.630054,18.425514,11.206454,10.001808,21.24435,23.429895,24.90951,24.272848,9.916911,29.356289,29.85632,13.74335,25.511362,23.061167,11.911602,13.101693,9.709447,7.0336766,14.290345,16.497808,16.944225,12.833353,8.928852,19.543272,21.50244,14.484683,15.991978,21.017012,14.178774,3.4647985,2.6581194,2.3896859,4.0765586,10.887164,8.022569,3.5939705,5.99833,8.399908,16.983524,14.999803,12.8021345,25.443727,21.924234,13.201673,19.942806,17.948349,9.6683855,8.00716,5.377257,6.9991407,7.8801684,6.144368,9.833192,7.0791717,9.857016,12.355612,12.172792,8.003347,13.736109,21.374668
1,0.0,4.119912e-15,4.298078,8.596156,4.298078,0.61088324,1.2217665,0.61088324,2.9556117,5.9112234,2.9556117,9.579782,19.159563,9.579782,7.0721817,14.144363,7.0721817,10.1158905,20.231781,10.1158905,36.754665,73.50933,36.754665,4.397209,8.794418,4.397209,38.866627,77.73325,38.866627,42.612785,85.22557,42.612785,97.250305,194.50061,97.250305,80.00284,160.00568,80.00284,46.350044,92.70009,46.350044,9.254386,18.508772,9.254386,40.671795,81.34359,40.671795,24.074476,48.148952,24.074476,1.8198886,3.6397772,1.8198886,39.327972,78.655945,39.327972,15.815669,31.631338,15.815669,21.445139,42.890278,21.445139,9.967959,19.935919,9.967959,17.92462,35.84924,17.92462,95.1226,190.2452,95.1226,31.767242,63.534485,31.767242,35.817017,71.63403,35.817017,35.64084,71.28168,35.64084,45.426712,90.853424,45.426712,7.2468667,14.493733,7.2468667,3.1906533,6.3813066,3.1906533,27.434286,54.868572,27.434286,7.092101,14.184202,7.092101,13.120189,26.240377,13.120189,54.89268,109.78536,54.89268,33.333008,66.666016,33.333008,9.864866,19.729733,9.864866,44.863026,89.72605,44.863026,24.750013,49.500027,24.750013,30.376848,60.753696,30.376848,25.237516,50.475033,25.237516,26.744085,53.48817,26.744085,3.2111976,6.422395,3.2111976,12.887914,25.775827,12.887914,2.9829135,5.965827,2.9829135,28.927973,57.855946,28.927973,21.233053,42.466106,21.233053,23.869678,47.739357,23.869678,23.050068,46.100136,23.050068,22.135584,44.271168,22.135584,4.2180505,8.436101,4.2180505,20.155943,40.311886,20.155943,12.871399,25.742798,12.871399,22.580046,45.16009,22.580046,12.938264,25.876528,12.938264,13.889267,27.778534,13.889267,0.8189478,1.6378956,0.8189478,28.307564,56.615128,28.307564,9.11629,18.23258,9.11629,4.610096,9.220192,4.610096,18.874918,37.749836,18.874918,4.05448,8.10896,4.05448,4.905404,9.810808,4.905404,3.3761847,6.7523694,3.3761847,24.913498,49.826996,24.913498,14.302599,28.605198
1,1.3629167,3.2243643,21.25934,35.921276,20.758093,15.130636,14.798364,13.455113,9.257565,9.190817,19.320993,11.352456,14.202274,27.93484,15.637857,19.203089,30.376331,14.468792,9.092348,16.409416,35.867443,25.019085,9.755322,12.903868,9.552899,18.942509,35.43006,37.02116,39.31963,43.27718,28.580828,88.38395,125.25573,72.84247,41.375587,22.163841,39.546413,35.7062,29.49319,8.631026,3.19556,12.268455,22.878288,38.27616,31.939442,27.008923,51.72404,47.79045,46.09644,48.76519,26.933626,8.192943,16.847897,36.907387,32.27355,5.9141846,9.9764,28.6665,38.558403,13.341193,26.027416,32.49246,23.501867,37.778584,53.756283,73.92085,34.789948,11.796187,20.110687,25.15406,19.168142,11.174667,19.69307,47.43816,57.11054,42.635162,24.797688,32.632366,57.233246,26.805004,36.64047,58.395832,26.925352,11.919979,11.209675,23.174583,24.21424,22.373861,5.960693,3.2256792,7.886508,15.527139,31.633436,28.023802,15.211462,24.631357,34.025246,38.983364,13.045707,7.925882,25.750696,52.771717,28.518478,6.138435,12.702414,25.211147,21.192694,3.9501424,7.12179,27.605587,38.06472,31.624289,35.29087,35.67506,19.629356,10.306144,4.8979936,5.036102,5.3731675,9.976761,14.430799,12.865747,11.817226,16.33572,31.762218,23.30863,20.759356,32.839436,25.5424,18.602953,7.4891076,13.679213,20.705065,26.727299,10.803918,3.1354728,1.1784643,2.6926067,3.7666018,3.8986359,6.3475394,29.396547,29.313255,13.888411,10.610769,10.775675,13.890385,22.768436,17.92078,11.257861,7.8507075,14.187967,15.126869,4.368001,8.488673,12.795771,18.073006,16.88501,20.003801,24.775843,22.561003,15.601225,6.944292,3.49974,7.9330845,8.859043,5.026318,4.1593213,3.3789756,2.5768456,7.412095,6.1200128,10.275026,29.729536,22.164185,9.922627,3.2853882,9.0092325,14.804859,22.445837,11.3034935,7.9857492,13.85319,10.858559,8.5169525,6.631204,8.245356,10.247425,11.365578,8.241293,16.086967,18.372229,15.84235
1,0.0,2.3035017e-15,1.492533,2.985066,1.492533,3.549322,7.098644,3.549322,2.1075141,4.2150283,2.1075141,4.209789,8.419578,4.209789,1.0424448,2.0848897,1.0424448,0.5503986,1.1007972,0.5503986,0.14372736,0.28745472,0.14372736,3.1511126,6.302225,3.1511126,20.06123,40.12246,20.06123,85.493706,170.98741,85.493706,12.893398,25.786797,12.893398,5.5354958,11.0709915,5.5354958,0.23386778,0.46773556,0.23386778,6.450665,12.90133,6.450665,7.242018,14.484036,7.242018,0.9932958,1.9865916,0.9932958,3.5382943,7.0765886,3.5382943,10.377835,20.75567,10.377835,38.70871,77.41742,38.70871,55.224155,110.44831,55.224155,10.49653,20.99306,10.49653,6.598405,13.19681,6.598405,4.0047693,8.009539,4.0047693,8.65099,17.30198,8.65099,13.480634,26.961267,13.480634,1.3438659,2.6877317,1.3438659,5.7267165,11.453433,5.7267165,10.430543,20.861086,10.430543,45.95245,91.9049,45.95245,28.968588,57.937176,28.968588,6.573894,13.147788,6.573894,7.050228,14.100456,7.050228,2.428385,4.85677,2.428385,11.451357,22.902714,11.451357,17.837435,35.67487,17.837435,4.6311545,9.262309,4.6311545,9.067631,18.135262,9.067631,3.787689,7.575378,3.787689,42.059097,84.118195,42.059097,10.878395,21.75679,10.878395,8.192742,16.385485,8.192742,7.24028,14.48056,7.24028,2.3478413,4.6956825,2.3478413,12.185928,24.371857,12.185928,15.227657,30.455315,15.227657,3.349922,6.699844,3.349922,9.244164,18.488329,9.244164,4.6646695,9.329339,4.6646695,27.360632,54.721264,27.360632,3.880878,7.761756,3.880878,8.065537,16.131075,8.065537,4.381362,8.762724,4.381362,3.7084682,7.4169364,3.7084682,15.2048,30.4096,15.2048,9.790578,19.581156,9.790578,0.29493615,0.5898723,0.29493615,6.857291,13.714582,6.857291,9.96947,19.93894,9.96947,9.97207,19.94414,9.97207,11.086137,22.172274,11.086137,5.6720896,11.344179,5.6720896,1.0076419,2.0152838,1.0076419,5.4993515,10.998703,5.4993515,15.884906,31.769812
1,0.73267365,9.003571,15.482223,29.615192,41.242424,16.799644,11.447426,16.430529,17.337688,17.82867,23.569906,57.479683,43.536392,5.096802,17.558987,38.190567,20.882994,2.1177623,8.36065,13.229127,26.636099,35.6059,55.630943,63.66391,79.69596,81.749565,121.371635,99.22832,16.276167,29.520681,69.04071,40.974457,2.6687245,18.26907,31.013235,43.15082,60.864334,120.41646,144.48447,50.366196,32.538437,22.421375,19.323399,13.268789,11.463909,15.685157,10.081556,1.0720769,35.303776,64.85125,64.58658,88.627174,57.670605,62.931927,61.25292,65.79158,25.823973,24.535929,54.247513,54.567883,91.42863,67.89385,54.440468,46.988388,69.14658,34.795265,6.634424,32.08106,45.663513,18.990877,14.085129,24.60283,25.432268,9.074093,24.865225,78.10084,62.71138,53.440895,35.554848,22.107231,36.4322,63.29049,41.48138,46.518227,19.2689,12.721271,44.75685,52.649387,73.56129,69.675835,16.853043,18.932697,48.85006,34.275734,7.6602335,30.15776,59.844658,37.610176,38.14234,45.04532,60.117317,37.500633,38.557793,15.253598,12.214528,18.901281,19.403477,32.89484,26.845148,27.349405,17.622908,2.3761942,10.999136,20.12091,23.838465,33.985664,13.640229,7.3057837,27.234121,32.035786,47.663387,45.97453,30.492136,25.460625,22.83602,30.600739,62.577423,37.3436,8.818385,11.188193,17.475206,14.150296,17.269068,5.9886956,7.3501244,39.43259,41.642967,29.585054,25.056614,4.0566406,3.1819377,8.167539,5.3689475,2.2596686,16.539106,30.259626,22.256737,27.247362,10.903113,4.6092854,2.5525084,6.659667,29.499292,28.52229,13.068747,10.050149,5.51499,5.999712,11.324889,7.4903164,6.4682093,8.273141,12.95854,17.271957,23.384857,8.729197,5.5038385,18.304815,19.055916,6.4612317,4.5119534,2.5533338,6.228444,15.76894,11.677384,12.351831,8.968086,10.765881,9.72973,13.11385,8.313944,8.857438,8.903549,9.606896,7.1801963,7.1768746,10.405735,8.876602,7.542796,8.759862,17.017529,13.609256,18.434902
1,0.17414737,0.37118003,7.3304615,18.423922,11.427448,2.1632645,6.8148293,5.1805525,1.3127614,5.2039227,4.8574576,3.284415,20.163486,22.746222,5.7817945,17.13088,23.543062,7.741286,21.262009,35.966423,15.052491,4.91237,10.280196,5.487526,19.025827,50.632668,32.855373,20.223808,69.503365,55.30168,19.420116,86.41484,83.58393,16.585346,34.60143,40.74744,10.941709,27.230618,39.196304,13.5472555,4.9854617,8.69825,3.9128127,34.085316,75.34853,41.509113,5.345805,14.859676,10.113262,9.439836,34.68302,28.790771,4.0677786,5.053886,5.111481,3.9168205,29.04144,35.758392,11.219146,70.16459,105.74561,38.66484,2.7263541,2.6398318,1.2190413,4.9765477,11.563261,6.7199426,8.471702,25.25044,17.93652,9.176452,35.50508,30.89688,13.794966,72.31746,76.34814,17.29751,33.318676,42.866623,12.7828,9.947265,15.60234,6.029197,10.813711,21.104763,10.293188,1.9437561,4.7757583,3.096256,13.962348,44.096733,32.75953,3.4608183,3.4771378,3.210888,5.5506167,33.34512,36.791676,8.70576,3.343496,4.2504635,2.4977353,45.41555,75.044685,30.5932,16.134031,32.929646,16.878103,10.602337,27.445568,17.405283,8.996988,29.972136,23.28793,9.400533,40.745213,38.583157,6.9731836,1.340196,1.0400484,0.87003064,9.161559,12.904737,4.336196,8.565549,14.808904,6.3697596,11.865461,25.565828,13.744547,2.219591,6.0018992,4.2932262,15.146625,54.1562,43.965008,6.0261574,9.239471,9.1129465,3.327074,20.360224,24.53092,6.6545496,6.256562,9.135847,3.3031952,23.603283,42.859024,19.387543,3.3873677,7.6129675,4.2958302,2.8125923,8.122935,5.6455874,0.93232906,3.0960805,2.685461,3.6669374,19.408987,20.050045,4.348779,6.9386554,8.730972,2.702334,15.948269,24.57899,9.241955,3.4154334,6.4528456,3.1041908,14.427335,34.467472,20.377415,1.2473277,2.8428593,2.2264569,6.7555294,27.580076,24.454514,3.8945868,3.043059,3.2074783,0.78236336,2.4929287,3.2748778,1.0370156,5.1176953,8.255822,3.2783222,13.150137,26.30702
1,0.30294842,1.171729,2.8246946,7.820936,6.0718713,3.430692,10.882264,12.737486,13.452485,10.145671,8.637006,15.2423935,21.01047,37.117348,24.358183,14.824096,16.752254,14.199196,2.9363823,2.4480581,3.459735,7.018444,8.1085415,13.358604,49.624706,61.189953,66.942505,57.70013,56.898846,33.417473,25.661604,24.32754,24.47422,30.20638,30.36195,28.39324,23.898367,58.940254,79.89474,29.123066,13.150729,15.029607,9.051115,8.410764,20.408249,15.752792,4.632381,26.314049,30.066349,16.823145,13.493859,14.246316,21.652258,24.259378,30.649714,29.126854,33.43177,34.768208,30.933167,15.952564,21.647684,27.319498,22.102568,21.537884,26.951857,22.693745,24.707212,35.821484,26.445429,9.518774,45.195488,51.613052,43.663292,38.582233,42.46181,20.668015,13.633988,15.411147,27.263521,37.2466,21.273865,17.234844,17.347855,9.292093,4.070563,14.163714,15.753649,20.971535,13.96449,13.280755,21.123531,15.122209,3.5386186,16.642902,18.810255,19.199411,21.047785,29.004799,53.655937,50.06215,10.322918,7.7250175,10.635594,16.047697,26.137009,46.84948,24.465797,4.5380177,11.227267,9.328155,6.856775,10.549548,14.033534,24.477722,19.862047,17.893951,21.141003,20.702093,11.475814,6.7438316,1.8422006,7.400846,7.353652,6.3179827,5.5831447,12.83693,42.28967,35.418392,12.768825,19.83026,23.031004,12.787934,8.918377,6.30402,21.097313,23.321745,13.821089,10.337692,9.307297,6.926342,8.521833,15.486222,18.847923,23.73003,10.270674,6.5925837,7.6387534,5.546044,4.8924828,1.5155735,5.734692,11.545797,26.311054,30.18425,10.017976,6.1597347,7.3185034,15.050661,15.589288,5.3687325,8.774061,12.859723,7.085401,11.1693,23.558653,13.729247,1.6681663,2.6945446,5.6629148,10.75402,6.1500754,4.012571,7.8246546,8.847125,12.225508,11.172454,11.724548,12.232094,12.729984,16.185177,8.725932,6.973235,10.063815,16.70513,23.171494,8.593267,3.965966,7.6758575,4.913888,4.7304835,12.865844,11.006068,6.2355256
1,0.9560628,3.3589668,6.409032,4.4818873,4.6888375,11.686385,12.18296,7.8256006,13.268546,9.745386,14.917004,30.907585,29.87083,12.732437,5.386496,16.643873,19.41388,8.366362,3.9705043,12.323869,18.968884,19.9584,26.712734,37.679222,37.1483,67.61367,79.22246,64.27413,28.224054,19.619938,24.707575,27.461365,16.940165,21.315228,30.600615,19.092806,31.488937,59.301746,46.37499,33.779076,36.46411,37.118816,25.044638,24.305603,17.881943,10.934169,8.34983,13.930379,16.440823,20.9303,13.029973,23.528095,45.70787,31.119932,25.709063,40.56346,28.618723,26.762209,32.50939,16.745516,26.23299,34.76747,45.06614,69.430984,54.269993,25.117506,25.94211,41.837303,28.697536,11.604479,18.382353,20.68286,11.894538,19.335691,27.270605,14.442938,8.384942,6.837556,11.3250675,13.344041,13.357655,17.316755,22.773232,28.432457,22.670216,23.066936,38.270027,25.298782,30.309374,31.592012,22.795797,25.551306,25.272709,24.650866,31.278627,33.612003,24.254257,19.608965,14.173891,18.933662,20.334467,18.367168,19.863583,13.900872,7.431087,9.596075,15.821918,18.761314,16.912237,13.492646,15.84821,18.661055,17.73971,9.047502,6.4600024,14.925462,15.406771,28.154257,25.849005,26.145128,18.92505,8.242056,11.864558,21.423956,16.225739,14.833843,23.682856,16.193012,12.841151,19.921404,14.21632,12.9653225,11.217334,4.606447,10.78815,14.694532,13.849401,11.680038,10.095075,9.791453,10.559519,17.668495,16.383715,13.695494,16.367413,10.213368,10.897953,11.196447,13.996389,15.3322735,12.039884,11.164841,8.965019,6.0711465,10.989242,10.792177,9.751468,13.782521,13.329606,7.2870646,10.651737,10.804482,10.848854,6.582581,7.4410605,6.932822,8.356389,12.349561,11.856156,12.750038,10.181387,10.166774,7.0473537,9.759231,12.121678,9.49168,8.615303,8.332754,6.653853,2.7960963,5.7971654,11.55686,11.497029,9.383327,6.876013,10.405858,8.488721,4.0434284,2.7792463,6.7237353,8.905371,7.735329,6.192644
1,1.3215117,7.19498,10.032528,5.909246,4.6901608,0.88339657,6.923491,12.342804,9.060893,9.93069,17.630896,15.426715,10.118751,19.84135,30.108932,23.568228,23.614937,22.76119,20.873365,26.026398,14.222956,6.6535,9.733384,9.477362,5.128742,8.0018215,14.160384,35.295925,48.74224,85.72541,81.14613,78.04975,94.42626,135.32487,64.2783,40.051994,37.035362,33.04212,36.50138,25.282192,23.37046,18.96236,17.55187,8.942387,10.105333,15.9985895,27.393152,35.149017,33.103848,30.585556,26.459953,22.582115,26.736921,18.503775,17.441986,6.5211124,20.594921,45.87451,44.445457,54.88111,25.685957,25.023422,59.401245,55.628883,68.56598,49.007626,51.09407,81.013405,75.4965,14.597321,4.8969707,5.3582044,14.935073,20.496784,37.242657,31.451199,8.332446,11.0996,17.114542,33.77498,36.74255,22.374897,16.132015,6.100959,30.22308,42.615227,16.596281,13.250013,29.508816,21.152512,13.463042,40.750156,52.26664,47.68211,40.020218,11.990506,7.6146955,10.334669,50.565258,59.634495,61.12226,47.130547,6.09125,22.15126,32.47128,12.012673,13.84986,39.529472,28.044172,4.3613424,3.1162798,4.678328,14.3322525,16.583607,26.74524,17.253124,6.319455,17.23551,20.154322,7.201205,21.080242,46.834213,28.911123,17.721895,7.0751877,3.0714145,3.1862752,11.261256,22.113716,20.387058,25.801332,49.276104,46.963013,27.042986,18.406101,13.266544,25.695028,30.712187,11.02489,8.642634,14.800189,8.671466,0.5132583,0.24554034,1.8823392,6.1503825,13.786246,27.106647,14.588772,5.400274,8.563427,10.785006,19.620945,20.122107,28.05933,13.460925,5.171606,6.555612,9.011972,17.263304,17.635828,23.231167,17.199823,17.024618,15.071679,11.476602,2.6148584,12.181682,18.047323,17.434504,16.627302,4.0015836,2.2350273,3.161094,4.1791015,5.367958,7.1345115,7.397302,9.716826,10.46077,14.62442,9.2275305,8.941818,13.946709,13.216462,15.309269,12.723229,14.642576,15.810881,16.010115,9.785039,10.783048,16.704323
1,2.468913,5.193737,7.5482173,10.041269,11.104552,8.234269,4.6730695,2.996407,6.2646666,9.443917,9.481647,7.869484,6.7008595,8.564874,13.90175,11.895239,13.409563,16.865086,24.210913,19.04235,7.809702,8.692757,11.680828,9.745239,5.298325,3.7250452,7.427733,7.606813,11.319006,14.8981,16.737976,16.084246,17.425362,36.671524,53.64062,119.59399,167.3277,63.02308,39.84858,32.99238,15.399837,17.437021,13.2192955,10.730349,5.9118476,3.5599298,8.698452,7.384518,2.668818,5.526867,8.084359,13.288988,18.110455,15.499686,24.325745,18.892225,17.686794,7.213993,4.974942,8.557055,7.61085,6.333131,10.860627,11.559188,10.548669,25.148966,24.325344,21.1753,26.9251,56.962177,79.69713,95.03623,88.619415,38.43155,58.701935,39.682495,21.532518,19.87372,14.015747,14.834966,15.326624,14.144984,7.2630725,2.4183726,4.400254,6.2965026,10.559644,14.496421,15.515473,13.924721,17.888191,18.029808,16.187708,6.9349685,4.1538596,7.0536757,6.4059815,7.8912587,17.761356,17.612698,8.261385,18.622185,15.361883,20.253004,28.514,50.214085,62.687756,46.39055,33.20946,30.83735,47.831192,29.266893,26.007593,18.109875,7.486238,8.067302,16.237724,17.781704,8.605351,6.570596,4.9836807,7.23823,16.128674,14.996537,12.125073,8.524625,13.158618,17.701572,12.155951,6.0007954,5.960938,3.8188803,3.9944384,12.940598,21.960682,17.43019,12.206751,8.257534,7.5725694,19.938093,22.976782,32.598305,32.08382,18.29578,25.434378,22.803385,27.089533,18.183123,18.791723,11.5080385,4.1735916,7.5851417,10.464652,10.6432295,10.266372,10.137496,4.9193583,9.60372,16.263512,8.754549,2.6671147,3.279049,10.123171,11.021174,7.045684,8.486081,5.36436,3.9019787,8.553279,15.594933,17.40592,11.816841,12.799878,9.0112505,7.96702,15.256955,16.257645,17.218506,12.6579895,17.089325,17.765417,10.810711,9.571469,11.409975,10.792391,6.24027,7.9528475,8.78311,5.988429,7.3048306,15.954966,11.69147,3.1031106
1,1.7190229,2.6417148,9.00947,11.253456,10.6856,13.929513,19.523827,13.374279,3.5198665,19.186453,30.309647,23.978224,33.764023,32.884277,30.255547,30.838118,18.823435,18.464983,8.172212,8.857765,12.49367,32.784492,50.35858,37.279705,43.500362,67.77427,60.71761,59.074745,43.555172,44.04613,29.074604,13.920075,10.55698,18.72164,60.15348,74.43484,51.355507,43.27201,28.536476,30.23387,48.32215,60.453644,27.052284,12.024409,10.971559,14.706714,23.493841,18.465954,12.665168,20.231373,18.42052,28.334757,41.33147,38.708923,52.253254,49.175434,31.017992,37.69974,39.291702,27.183071,24.990189,51.300526,40.24502,18.929272,17.94208,29.540514,52.762093,50.632206,18.218924,15.677221,38.223026,51.26358,28.550625,13.501134,11.687262,11.604791,16.245613,23.558899,25.378746,16.4702,18.65982,21.268831,27.82385,33.2012,24.402212,11.18083,26.004128,35.726994,31.450788,23.43191,16.949484,41.211838,46.160664,57.497967,53.82886,45.211193,33.508152,13.343047,9.8946705,8.352177,13.493227,24.636885,24.656225,15.710009,6.9560595,5.5791144,21.209604,26.498377,10.73292,11.275211,12.34224,9.420581,9.572876,10.548908,8.866898,12.083943,12.884866,27.412718,52.08198,34.513645,10.747909,12.534994,5.9917197,14.701885,17.772577,13.398779,27.682467,31.402435,45.33658,27.913599,11.498038,18.467295,20.510403,11.225084,4.482189,7.4146132,9.1203785,6.6654987,5.239485,10.143451,14.545834,14.902806,9.305399,2.2259276,9.2681465,15.764199,15.187422,18.801561,13.125932,10.00564,15.351383,12.378206,20.474571,32.436913,16.510166,16.061857,17.046146,9.495099,9.528022,14.252777,7.8693366,6.0000153,13.715862,13.9848175,10.553468,9.337092,5.822145,8.5420475,11.162636,6.983426,6.4089217,8.331809,13.8303175,13.046088,5.6011467,9.762276,8.660097,6.1827946,3.6912587,7.3639965,8.906156,15.245975,13.645024,7.4373956,5.054008,7.1382065,7.2616787,6.596136,7.3893147,13.116966,14.599903,8.379861,3.8484437
1,1.0675166,4.516772,7.9183908,6.3171034,5.0171103,5.5478387,6.364616,7.899738,5.317868,2.6696756,5.8734107,10.354574,11.754994,12.549846,17.042404,8.938919,7.608194,18.229008,22.950516,22.803225,13.951618,12.922028,6.538642,7.815793,13.316645,9.790816,10.688697,9.668615,13.632909,13.384377,25.079084,27.033754,14.35074,24.842287,57.966488,88.306145,192.20142,139.00148,45.306244,50.098698,49.583275,37.85461,21.844168,30.462934,18.038113,5.990251,14.000413,25.23078,20.734436,25.766144,25.410599,15.518078,17.002281,26.012375,26.155525,29.254963,17.08692,11.80119,12.655389,9.205332,21.497995,14.186504,7.586218,8.917708,22.372856,32.790718,34.733418,44.5626,26.568775,22.325281,53.61552,83.43278,85.08858,74.66942,32.31541,46.410053,58.54185,53.57703,28.535042,47.151985,30.248613,13.571542,20.347733,35.602047,30.751087,37.21839,30.456877,11.493978,22.544722,41.80923,23.282349,15.531617,15.691721,10.736045,19.711554,19.733242,18.988747,16.218914,16.502472,21.033802,19.590473,34.097946,29.565413,29.260668,23.537485,18.687956,17.347897,41.695934,40.444298,25.620327,12.506822,18.121056,26.748518,29.416245,25.869099,45.837616,36.611145,19.137682,26.996761,35.776154,32.78407,27.557428,26.262936,11.828919,13.821176,24.456596,18.684992,11.220722,8.131224,12.586507,17.277622,20.36805,12.0713625,17.237547,23.020605,25.74352,14.511643,16.7226,19.705786,13.068371,11.5671425,9.718446,7.856517,13.383843,17.216131,11.86827,8.975613,12.634193,9.174385,10.451573,20.172464,24.43507,23.918715,14.664556,25.893557,27.223087,24.113604,14.020744,14.500179,9.30547,11.283196,12.962925,6.415094,7.1567893,12.262614,14.4226885,17.139032,10.009373,8.426926,13.693157,19.766966,17.806927,14.272571,6.699378,7.15476,8.115625,8.896783,6.173352,6.6349287,7.8790903,9.297654,10.979955,10.7189045,12.957347,17.222883,11.457706,12.573781,8.526856,4.693594,7.7343636,16.534998,17.508774,18.019245
1,1.6215675,7.6427217,12.338017,27.958866,25.8265,20.59452,16.323042,16.90758,7.4178863,15.991964,41.999928,28.584778,11.820985,20.906532,24.073296,23.078627,19.752792,20.44116,33.567825,43.666527,55.740643,47.121716,15.575493,37.533607,54.378822,25.421667,17.564648,18.557194,31.610489,49.948853,38.8145,36.490334,9.260454,40.393684,78.68389,47.753345,37.39986,38.498684,32.4956,18.287266,11.198631,7.4171824,2.60204,4.2825537,11.315142,11.648288,15.366688,12.213295,18.375277,44.84391,33.21461,8.603172,24.726706,36.11521,70.88087,59.6473,18.142263,29.148823,39.895718,13.771032,13.573585,35.309258,25.305145,19.932344,29.011623,31.64679,27.061285,30.471111,45.085907,30.546974,27.6313,21.111013,25.943325,44.1567,27.658476,18.930178,6.8663936,5.1683626,11.855292,7.649175,3.7773926,15.504055,23.23467,49.83051,36.623493,14.236421,19.268215,25.007761,41.110775,36.89806,34.008682,36.243206,43.951965,17.752272,9.805047,7.849846,5.056078,3.2168612,9.466516,10.960375,13.274725,20.486498,33.93311,35.38825,38.52491,10.762652,16.445982,35.022243,26.098034,25.721474,25.033102,22.16936,10.04236,7.0474586,7.1551013,15.888467,17.857964,20.442442,17.214096,18.01163,26.628,31.818531,32.970333,27.722532,22.449018,23.162672,27.961267,25.900904,22.796825,12.727978,7.397305,2.1056163,10.757614,11.271638,4.1080546,6.365576,11.389913,28.803616,34.10056,19.803316,19.432886,27.97976,18.69555,16.742004,22.853739,22.275154,23.01551,13.62937,0.7839617,1.8040793,4.7426767,12.544241,10.62428,11.248276,16.65237,20.821774,31.539074,27.36947,25.310604,19.109934,19.29087,18.602144,16.868763,14.512391,11.690607,12.337713,8.076357,7.5906982,9.329938,8.309474,9.89662,17.232826,20.196205,19.561016,21.81181,32.654846,20.494999,16.496237,17.762114,16.492361,15.852295,10.960579,9.046709,3.4851363,4.7392817,12.827149,10.8198595,11.539003,15.126985,17.618074,21.493685,21.425308,28.119772
1,1.8964958,2.3441648,2.439189,4.735327,8.416793,4.9768085,3.0667946,3.8506143,2.71067,4.8002753,9.597888,25.861986,27.53625,8.566236,3.9822886,6.273303,3.869956,4.845993,6.7002625,6.6880445,7.009604,11.856423,41.1027,57.530876,39.673912,25.805548,25.080456,27.955906,18.948172,18.285187,18.232431,16.168428,14.337807,26.088476,45.641552,38.548473,20.87209,25.281569,18.378904,11.697824,6.4653807,5.5527644,5.118431,4.118964,5.4854507,6.178367,5.3347178,8.276953,9.845827,24.119556,22.839193,14.442055,22.934242,14.016073,10.232016,20.774733,26.458101,23.80827,13.280612,15.821956,29.82875,47.742157,25.09749,16.749113,12.639767,6.2873325,11.426774,16.885698,13.974813,7.5774727,8.512679,13.340347,6.991839,3.089835,3.5707695,5.441729,3.1429715,1.7245528,4.775378,10.957196,9.412651,11.805168,15.361116,20.654047,25.857807,21.76093,19.475033,8.645483,5.083702,7.110887,15.28251,15.697789,12.035489,22.61156,23.210447,21.34399,12.349436,10.497055,11.62721,6.614233,2.5056317,5.7746477,4.9604235,1.7202581,1.6072229,6.807085,9.06918,5.523912,6.2830625,7.8095207,5.9512873,5.564964,5.4553976,8.899395,9.823056,12.263053,23.020262,19.69577,15.141341,6.2397594,4.607333,8.68368,11.465984,9.482332,7.1681175,5.3102884,4.830839,9.356837,10.106588,4.1024327,3.4830186,3.0430274,4.902326,4.4457035,2.0917015,1.3576481,0.99270844,3.6726637,4.509903,6.6719646,9.663884,5.862572,5.0879264,5.1841636,3.3849926,4.302476,8.079381,6.5986705,2.854153,5.0216722,5.827501,6.996786,6.462543,4.8983593,9.696299,6.631667,2.076869,1.9050645,5.201643,3.5630174,0.7960414,1.8893158,2.0919232,1.8720386,2.6576536,3.8113372,2.0141563,0.8224797,1.3612902,2.1098049,1.4468874,2.0482652,3.034321,2.8335195,4.379644,5.0248203,4.5678444,7.2577567,5.8125434,2.5723839,1.8739407,1.9375234,1.5088853,1.5549225,2.111561,2.7948873,2.3580742,1.6143483,3.70505,4.7562366,2.294306,2.0087857,2.7563615
1,0.35403335,2.8586535,4.4201164,1.8792123,1.9869939,6.9128118,7.391976,11.329593,12.221999,20.017302,15.064914,17.066116,8.524399,7.7190347,23.239681,22.94413,5.9976892,6.139939,12.69598,8.473216,7.478653,27.711721,38.102177,28.882858,28.28842,20.81646,23.122967,43.04292,28.922894,18.188644,43.66552,63.47096,34.71077,30.768806,21.985456,28.63515,63.658646,46.34568,30.243052,15.889855,1.7631887,11.094884,14.03442,14.948266,14.217434,8.771388,6.347442,2.7252653,4.291608,7.0600905,8.70125,11.639637,23.663252,24.782919,16.359947,12.713483,6.454472,42.806843,80.52738,38.263844,7.0108767,12.577594,14.22287,12.66976,11.34314,11.539514,34.024616,68.35741,37.134205,18.252584,8.6782055,8.011959,23.619375,22.218115,7.4124017,4.716914,2.0240216,1.646648,2.293109,10.067154,13.467157,16.221867,15.913888,4.8457527,3.8822381,6.2774143,9.252481,15.766817,28.339249,38.565025,13.027981,10.559513,40.05419,37.100067,41.30889,27.400694,9.342104,19.268497,28.581936,10.636195,1.813998,6.2222843,6.6944275,10.361248,7.357411,2.06487,13.012322,21.436657,13.517029,13.888648,20.549107,20.071608,9.040512,6.261705,1.362054,1.5100046,2.3707652,1.8785337,2.1582265,1.1952655,3.6831548,13.104957,11.164969,6.8229747,25.34191,48.641903,23.640934,0.77515143,4.8732986,5.6021395,1.7236073,0.91431415,0.6444163,0.79266846,1.4587653,7.9669704,12.737128,5.37715,2.7404673,7.1286716,6.86193,1.8455194,1.5129454,2.603221,2.101475,2.7323782,10.497641,14.137577,11.374483,10.954938,5.4083824,4.882752,7.4388494,7.4423447,11.146196,12.284823,15.997394,5.640749,2.7719738,10.0209675,9.269844,9.100341,6.5688696,5.0154495,2.5787163,0.8604614,6.122574,7.3960404,2.0687928,0.5210289,0.15235417,0.2979708,0.6445061,1.052752,1.7554345,4.9627604,6.551786,6.8027606,6.7581434,5.200094,3.959155,1.0936027,1.8963892,3.2907107,2.2803857,2.4324493,1.103143,1.0396055,2.4882343,2.58848,4.125059,6.6084404,12.015911
1,0.09672365,0.18475734,1.542092,5.743646,4.8312387,1.0168774,8.098947,11.127758,3.6308398,4.0552855,9.501173,5.575731,3.7064104,17.403261,16.806473,3.1747384,8.194515,13.005037,5.095621,8.062865,22.586754,15.277164,3.883804,22.601467,25.11279,6.012032,2.7709248,5.0035534,2.8734872,18.603462,62.915688,49.252224,13.379222,103.40663,132.33092,39.09395,38.11315,82.34514,44.51452,7.0185695,29.238777,26.308342,4.473141,17.402851,25.677141,9.196121,9.12599,23.292362,14.657727,2.6531608,13.541333,14.016044,3.0771337,18.9483,32.500603,13.844458,15.607756,47.9426,34.861317,3.6781464,10.410397,12.408972,3.3064888,42.83132,85.66812,42.844215,5.512953,20.6837,17.368979,7.575161,74.21158,102.0467,33.237705,16.05015,37.12315,21.671684,1.6613268,6.864463,6.6334586,1.4306036,13.16022,20.93385,8.172184,6.763889,18.91936,12.815413,3.186219,18.708105,20.77761,4.989695,20.011196,37.02741,17.08744,4.478462,15.14572,11.841452,4.881794,39.54646,50.634243,14.951575,22.631817,48.977543,26.575432,15.785212,66.02607,59.42314,9.726432,11.7291765,17.144503,6.137787,7.723067,19.795958,12.436107,1.2436558,5.4383583,5.6341743,1.5341209,25.841084,44.30228,18.827541,0.64162284,0.24968378,0.33509815,1.7995658,12.862498,15.333451,4.090934,4.6695433,9.3174305,4.6782045,4.836549,18.137892,15.212094,3.8589916,33.10707,45.52763,14.835158,12.959272,30.316597,17.686142,1.5130914,6.3846083,6.1698465,1.4182106,15.117657,24.040262,9.391027,3.1871934,8.788693,5.9982934,4.203406,25.640062,28.487045,6.8164945,9.071319,16.741453,7.727905,1.7401025,5.8671002,4.5849686,0.6691192,3.4377728,4.397364,1.2995594,1.7407007,3.7633915,2.1063902,4.849404,20.275042,18.250185,3.0055418,6.019029,8.8579445,3.1659915,3.0056143,7.693383,4.848893,2.0224872,10.718687,11.100583,2.3745737,7.778301,13.31035,5.665841,2.649805,8.106401,5.8983874,1.8657397,12.6348295,15.0651865,4.018547,2.2893543,4.4747534
1,18.801426,16.677696,10.896442,7.809182,10.918831,11.75561,10.931234,13.401949,11.651325,8.836794,9.860161,14.504658,11.430839,8.953265,43.70728,82.59032,65.84583,34.742393,25.362371,16.310226,11.249757,12.262459,14.589959,18.085997,15.255411,22.978878,16.908283,31.631693,41.180923,40.085472,127.91522,207.24687,97.31101,38.73289,59.678154,44.791397,19.06863,10.06124,12.390938,27.6684,30.803364,16.669676,27.461142,47.879177,40.825623,50.43982,117.14589,102.05841,57.46823,52.428978,47.89543,18.716295,13.840908,14.164148,14.4525175,15.858164,15.964171,14.429807,41.19891,42.7935,71.62506,101.0063,115.11908,66.069534,61.892036,78.85272,49.853466,20.137321,20.837017,30.588757,32.258274,30.170637,21.022263,50.55167,76.11824,55.69893,60.834763,98.65682,73.06283,40.65388,58.898026,63.527973,35.214577,20.804008,19.918087,21.190002,18.785265,31.504156,24.83545,17.90714,19.4274,62.05916,76.934784,53.510395,38.27134,47.070465,44.075817,28.189016,17.374935,20.50348,34.924744,31.580938,29.567675,22.171541,52.913895,57.41868,42.78509,47.254375,31.387993,26.457438,19.948465,65.704056,63.28576,28.85659,16.61181,15.304436,19.92744,14.822072,22.039938,32.70817,32.30309,29.67064,47.16285,51.905224,36.22254,25.278734,45.651524,35.191547,17.295328,11.562262,19.784716,34.678352,23.851397,19.545992,28.749037,35.761116,36.361317,40.43358,48.310326,28.202196,23.782377,25.64839,39.284176,28.492617,14.98299,14.009984,31.082226,26.458805,20.378857,33.623775,28.921034,30.39175,30.42293,24.166082,14.286412,15.100799,23.054235,25.145506,27.651098,21.457216,14.009129,17.10888,18.038826,11.976695,14.33966,32.63523,24.244015,13.82743,22.221024,23.209152,21.145264,13.681422,26.069923,26.403051,12.0504,7.2090096,11.275719,20.135086,14.938611,16.421265,26.625265,21.137714,20.615435,15.745029,15.001899,13.31255,16.739082,26.200214,28.225939,19.31757,9.501816,13.385287,18.3955
1,6.170337,9.647517,12.526712,5.4210434,7.7298136,13.682162,13.250382,7.578738,13.155162,11.581568,9.045651,13.075894,12.319234,6.3950653,2.807282,2.954929,20.024702,26.313372,18.887924,19.057467,10.202922,10.576647,17.526531,12.4591875,7.15863,5.593692,12.69089,18.97155,25.068762,55.524616,62.710564,46.136566,46.267075,34.332134,31.246284,22.238503,19.97456,25.583014,16.394949,12.540242,13.562147,6.6943116,6.435306,24.590263,33.43092,26.602549,20.283623,42.534687,39.464634,21.20284,30.663904,18.643024,11.967009,10.582497,12.333106,14.2261,18.137596,17.281979,36.904842,44.512363,28.888763,36.02518,70.597855,44.245693,12.528199,7.191344,7.357757,18.654634,23.79098,8.205796,9.688395,15.871228,12.192464,7.0318303,18.321587,13.094348,12.249661,17.580408,26.797068,40.3551,23.054754,11.177065,5.1035314,8.450853,33.328423,30.948385,29.220842,27.864298,34.117065,19.763138,8.743548,16.877579,19.262396,34.177742,39.344322,16.16416,4.932047,5.1856265,4.890839,7.771583,5.4925942,4.0764146,5.8169885,11.321638,19.533842,13.176598,16.166899,19.18819,18.169436,27.040056,22.790037,11.862491,11.326086,8.329361,8.767695,5.7444124,4.293323,6.7546153,9.489719,19.500687,22.40921,27.991621,34.15736,22.84968,9.981393,13.108793,11.904647,13.399588,9.921651,5.860879,7.797415,9.185034,9.04268,12.933019,13.387158,5.571244,5.996328,11.565428,23.766115,18.261644,10.05649,16.777681,18.221132,20.096708,18.28907,12.157122,9.786212,5.385847,6.982014,7.8313913,15.049541,11.654733,8.094657,8.729558,12.298238,11.147145,14.831146,6.601445,6.1809697,6.974189,7.515609,7.9850144,6.434241,8.124072,6.383601,5.138216,6.771987,13.486544,15.315008,13.617202,4.8483615,3.7988472,12.5594,13.59959,7.181721,8.007301,6.1970987,4.338545,6.2351623,7.995343,10.43038,8.106931,9.369005,6.4771934,7.591877,5.597708,5.1759872,12.620812,10.988917,7.3398557,4.8855686,3.9742095,6.7549176
1,0.0,3.3603235e-15,5.4374204,10.874841,5.4374204,21.136166,42.27233,21.136166,33.0752,66.1504,33.0752,3.238902,6.477804,3.238902,36.767838,73.535675,36.767838,25.907557,51.815113,25.907557,24.560402,49.120804,24.560402,15.558661,31.117323,15.558661,54.733315,109.46663,54.733315,2.3280478,4.6560955,2.3280478,0.28264147,0.56528294,0.28264147,7.464222,14.928444,7.464222,11.959619,23.919237,11.959619,49.91957,99.83914,49.91957,19.380962,38.761925,19.380962,4.618757,9.237514,4.618757,61.46002,122.92004,61.46002,34.65894,69.31788,34.65894,4.7511873,9.502375,4.7511873,16.289072,32.578144,16.289072,6.638367,13.276734,6.638367,8.51988,17.03976,8.51988,87.63694,175.27388,87.63694,4.632603,9.265206,4.632603,36.94052,73.88104,36.94052,29.39812,58.79624,29.39812,9.630156,19.260311,9.630156,15.420551,30.841103,15.420551,1.9330125,3.866025,1.9330125,28.664963,57.329926,28.664963,29.735874,59.47175,29.735874,4.417774,8.835548,4.417774,19.289818,38.579636,19.289818,1.9326605,3.865321,1.9326605,7.3524117,14.7048235,7.3524117,8.663142,17.326284,8.663142,17.156328,34.312656,17.156328,0.61533546,1.2306709,0.61533546,11.046091,22.092182,11.046091,17.189802,34.379604,17.189802,1.7473652,3.4947305,1.7473652,1.5744327,3.1488655,1.5744327,5.452019,10.904038,5.452019,10.4956875,20.991375,10.4956875,24.521873,49.043747,24.521873,14.664877,29.329754,14.664877,6.219004,12.438008,6.219004,54.469177,108.938354,54.469177,0.18044193,0.36088386,0.18044193,0.437576,0.875152,0.437576,1.0048709,2.0097418,1.0048709,4.9551697,9.910339,4.9551697,22.117119,44.234238,22.117119,24.077045,48.15409,24.077045,0.047251042,0.094502084,0.047251042,12.608472,25.216944,12.608472,35.244007,70.488014,35.244007,7.533685,15.06737,7.533685,0.8165275,1.633055,0.8165275,7.2415023,14.483005,7.2415023,4.465228,8.930456,4.465228,25.84268,51.68536,25.84268,13.427556,26.855112,13.427556,8.802837,17.605675
1,5.4550304,6.6838355,4.613181,7.235172,6.4328556,13.24724,11.150946,10.380896,11.011081,16.015478,20.825571,23.26347,30.360449,34.52481,57.193768,29.767712,20.74643,12.591786,8.233301,5.4898167,5.2907977,16.533854,30.30278,41.8726,47.128506,42.54384,69.17473,98.445816,40.823143,26.44408,30.226137,16.309973,10.816504,17.73451,16.742538,10.487663,18.506556,32.90534,54.386524,58.14826,46.06857,51.77146,31.638502,11.179765,7.188063,5.736108,10.685075,10.950362,11.181588,24.990944,25.830004,43.092197,47.8743,36.110035,38.607536,46.657135,42.056812,21.765902,10.922795,27.210987,52.169662,56.8725,51.633423,29.012165,11.872693,35.742424,33.330452,43.569847,55.788544,38.809315,17.808426,18.898363,20.382202,13.279572,22.978088,38.275776,24.443756,20.946697,14.078232,8.820721,28.770441,27.811592,14.359312,28.692848,37.775013,29.207619,21.532564,23.249645,24.321947,35.890827,22.068775,27.278969,22.476303,14.883812,42.735992,53.683945,38.648342,25.195078,37.820774,37.12311,20.92409,8.973298,9.6665325,9.435535,9.6285715,18.777536,17.069796,26.868992,19.518599,11.32988,24.113651,29.230368,31.675352,28.756365,17.560905,21.457184,15.4920435,23.9575,13.023461,13.771199,20.202198,27.249603,54.23652,45.40289,23.1316,15.41706,14.236542,10.809487,10.231131,13.285218,12.870873,20.04299,15.205652,17.377542,9.173881,12.074638,34.05334,23.942179,5.375642,3.6307144,7.7352304,7.965807,5.443086,6.827971,6.2798486,7.488373,9.003711,10.4291,21.40701,37.506527,31.795336,16.146055,5.699541,8.395384,13.612898,11.954908,4.146554,7.271384,14.924746,17.127293,8.399783,9.392972,13.906415,23.027756,12.912143,5.3609924,7.1227517,12.791145,10.117854,8.578079,8.403642,8.466909,18.434372,21.521933,18.811802,26.187922,12.351963,6.556922,11.047724,8.759807,5.694268,5.993258,12.89137,10.498495,11.478503,15.52288,13.603506,10.364402,13.373288,15.673192,8.177822,11.093137,18.406576
1,2.8920012,4.8888125,6.53213,5.1927066,7.4717913,6.601205,4.583503,4.5038476,3.776701,4.355779,2.9465418,5.375118,9.470735,6.6826544,3.625766,3.6972427,11.229602,13.507334,26.483425,23.976738,29.896084,17.985882,8.242724,11.541819,12.241717,8.683137,4.5313897,4.6211386,6.3486915,14.429398,12.858793,9.82655,4.9344516,4.722538,8.2151575,7.904287,22.575994,61.290924,190.72124,170.2578,45.912014,17.519146,11.126803,4.282126,7.703596,16.557102,16.700127,8.910841,9.504703,13.233946,11.401721,17.778912,32.314003,21.671722,8.770082,9.44151,30.896545,40.023945,38.245564,37.197884,8.483954,1.7439076,3.0329955,6.9126344,7.3146973,9.917553,10.620969,4.2944083,3.9503548,8.225529,9.685025,12.791726,15.134504,9.233294,20.111654,46.564583,114.25831,160.57162,81.41417,32.930115,23.394617,22.512672,18.771688,9.342233,11.376346,13.08426,8.857255,6.245068,12.938227,23.968725,22.491266,8.146966,10.709881,28.37042,21.610432,14.996188,20.637238,32.861732,23.484764,12.802008,7.374047,13.637025,14.286125,8.343049,15.653014,19.00179,12.063722,9.446589,20.58918,24.980469,12.696286,14.170477,17.650038,33.763966,53.597954,88.32541,72.98721,31.019924,20.14157,13.620057,10.18825,7.509475,7.8110747,8.033689,8.775761,11.657814,10.750733,17.794352,20.766449,11.352931,9.122156,21.662998,25.731113,17.422873,18.427675,24.894392,25.56053,13.798422,4.598381,5.6749945,8.872392,16.224636,15.262156,7.838251,4.7390337,6.2367697,16.749493,12.678824,5.7204404,4.6253657,3.210193,22.328537,33.933285,32.3799,45.43203,35.90939,22.866486,18.174711,9.105877,6.6430006,7.031878,4.520062,4.4371347,6.3569126,15.804765,18.13118,16.204477,12.882778,13.081858,13.22292,17.790895,17.60381,8.855083,10.612781,16.611105,17.02122,11.816333,3.4238942,6.8327823,11.6242,12.8771305,12.075388,5.945266,6.47182,12.933833,12.211379,3.5574975,2.640151,4.2605066,11.806452,19.830345,17.742947,21.769234
1,0.07378698,0.1302704,1.7066754,4.6859446,3.2013483,6.6183534,26.431055,23.136772,3.7974913,9.0635605,10.339577,3.2131412,27.370424,41.042202,14.925092,6.9046216,13.657181,6.8608756,12.42902,34.1869,22.79094,1.9525962,4.4261575,3.8628967,2.1840117,13.573673,15.5176115,3.8797903,1.2411524,1.7484357,0.6384703,95.373405,190.7558,95.367256,3.4680085,9.494529,6.7499833,19.251596,77.00385,67.392136,10.825712,21.528141,24.502869,6.420171,28.088148,42.088898,15.30929,17.806162,35.52966,17.774443,14.313266,39.366165,26.25859,5.661598,21.504189,18.80208,5.061921,26.668211,30.486202,7.6591177,9.539912,14.268917,5.190205,59.220062,118.46217,59.21262,10.778517,29.592047,20.022436,26.369997,105.41441,92.246956,14.600627,24.040583,27.30004,6.8633227,9.630773,14.359625,5.2278996,17.81772,35.621475,17.818886,15.437108,42.4465,28.341352,10.423254,41.04889,35.899014,6.9614344,26.935852,30.790054,7.7498946,11.532907,17.266045,6.279801,30.868282,61.75486,30.86368,7.4660983,20.48692,13.964311,22.940409,91.739174,80.2768,12.575987,16.91232,19.144474,4.914198,13.396466,20.10285,7.3069053,8.87935,17.757229,8.896128,12.878753,35.403904,23.659006,11.162133,44.260593,38.710617,7.518607,29.180286,33.35656,8.34499,4.193477,6.1448174,2.2346406,10.792841,21.58845,10.7914715,0.7578046,2.0736609,2.0177276,13.027901,52.102585,45.593704,7.1252694,8.945608,10.113455,3.0794036,23.780943,35.68301,12.97363,3.164728,6.155634,3.0905828,6.3365006,17.409498,11.677538,9.521036,38.003944,33.241467,6.387132,24.317253,27.799261,6.9526825,5.9069157,8.759738,3.188369,2.2665048,4.5261254,2.273222,4.2014513,11.559116,7.711857,4.446209,17.608067,15.416217,2.9437118,11.59092,13.226915,3.6430454,20.57891,30.876974,11.225485,1.2819439,2.1795099,1.109321,3.4309404,9.444526,6.327765,6.7052655,26.73392,23.390253,3.7716246,6.974594,7.9617314,2.0785232,8.861231,13.283352,4.830983,6.489805,12.980907
1,0.02108642,0.04375253,2.5461404,5.471735,2.935063,0.8728238,2.0197601,1.1822742,5.48341,13.697686,8.488906,14.566028,39.418766,25.929192,3.4408367,8.603949,6.074312,6.34284,20.216349,15.586485,40.21392,140.55962,112.44122,14.994945,19.380606,16.468296,2.7805717,5.9017153,5.5425253,9.890197,46.58121,45.215847,17.365513,80.93442,83.49856,18.589909,33.14257,36.421627,9.866147,32.90546,38.564636,11.617453,45.76689,57.209923,16.429089,13.639775,18.10491,5.663405,5.2293634,7.4567146,4.505612,55.673923,84.63448,31.39953,66.09012,107.29093,42.97899,48.541435,84.42076,36.4493,13.60003,25.287823,11.760066,26.35477,52.711803,26.35704,6.127418,13.177059,7.068491,0.2113249,0.41839182,0.96037275,20.646305,51.604927,31.834986,30.600761,82.7823,54.45378,27.716131,80.49874,56.588905,5.2210054,6.293446,5.104087,20.44044,71.56035,57.25426,8.542783,18.429781,15.659289,3.3723905,10.325549,9.399316,1.6753489,2.6446877,2.9616911,11.017925,58.32057,60.188778,13.960794,33.16819,36.4885,8.687413,10.427323,12.223874,7.363876,53.638523,67.03026,19.165192,3.5576034,4.120502,2.7948425,28.934235,41.179268,14.056486,13.159977,19.965647,7.6166167,35.850983,58.261642,23.308474,6.396035,11.005776,4.7481775,5.5519724,10.342801,4.809789,25.991379,51.981625,25.9892,0.7030779,1.5087992,1.1111705,24.525309,56.795277,32.65687,3.4199622,8.087288,5.0369935,14.525598,39.296432,25.847939,3.8447936,9.965713,7.020963,3.624313,11.444476,8.645971,9.036346,31.517956,25.23043,7.095049,24.655308,21.015526,8.728433,34.516624,31.395947,5.462067,7.903584,7.642962,4.6907434,23.802837,24.556433,5.515019,10.574851,11.633466,3.096205,10.264657,12.028795,3.1703207,4.659231,5.826985,3.0939932,25.073738,33.421043,10.483234,8.401514,11.921234,4.160211,14.758635,22.429323,8.317305,16.792938,27.261074,10.90847,2.659909,4.5648637,1.9748678,11.729904,21.86026,10.167339,5.9274836,11.857132
1,20.742367,13.0997095,5.331694,5.3113437,7.3715568,9.147064,6.50208,5.836939,7.131789,8.640047,7.3892727,4.228601,6.4999022,5.835635,5.422806,6.2879605,12.139548,15.731976,24.20813,18.969807,8.100272,8.495545,7.185888,5.6090927,10.13531,7.206782,7.2124815,8.642942,10.261412,10.672171,16.585724,17.86303,12.39068,24.076078,53.68824,82.402115,71.07476,128.10648,110.975555,43.567898,37.34304,18.059015,8.791115,10.303477,13.760568,7.313659,6.387916,8.932938,5.092606,8.30512,12.281839,12.231355,14.508207,17.42453,21.404133,24.06001,18.562983,13.588266,21.792978,18.789902,13.636442,10.841038,19.62577,14.965257,17.26574,18.192926,12.277681,17.440536,36.55066,45.167675,44.747746,46.965496,75.02817,69.10643,55.84716,79.804955,47.29008,52.916073,38.79753,15.289684,15.54883,15.76165,14.824757,6.459584,12.6618,12.684634,11.726037,11.941704,11.314059,13.485044,12.3993,11.154347,19.251297,16.466288,18.644907,21.93549,26.362053,16.39544,16.11862,12.021665,13.224873,9.518191,20.271906,26.511805,26.475111,25.207428,29.815462,31.606258,32.209015,46.089085,62.83868,38.40013,22.72071,21.380816,32.234398,33.479813,19.493141,14.071118,12.331747,12.891915,12.943354,9.22589,10.324009,10.546969,10.778328,13.368681,12.400155,15.625195,15.166392,15.219692,15.5504675,7.098466,10.733266,18.261688,16.33293,14.358749,13.601811,18.75353,19.794468,10.557904,10.994566,20.656883,19.965048,12.913287,20.324972,18.466526,22.670809,33.60094,29.991693,11.63273,10.245492,12.263569,17.77682,9.019455,7.211271,12.129062,8.115696,6.010988,8.09623,10.789515,8.163595,5.635438,8.652345,10.990162,10.134675,10.069173,6.8036156,5.705555,6.536464,6.192328,7.1956973,9.16887,10.016354,12.129844,9.817568,8.083353,12.941125,11.023145,6.1188955,5.0040655,4.7980514,11.121464,14.356017,17.10183,15.794148,14.449559,8.287032,11.811675,9.3631525,8.499858,7.60066,7.0074806,10.795914
1,5.6971874,6.2368402,7.330903,9.468975,7.509639,7.423288,13.926789,11.620842,10.883703,12.591872,21.793749,54.634426,37.11141,19.843332,21.35011,10.535919,13.368951,17.853502,17.960094,14.554083,10.458202,21.049585,44.39785,33.503773,29.405952,41.278282,25.20038,19.653845,33.86851,38.342827,37.957565,27.370327,19.836414,34.591137,31.672567,23.510038,39.50498,26.965525,21.265,21.265083,39.67816,44.87621,27.926567,26.072641,14.025534,8.914691,10.879257,24.526419,20.827808,24.846502,27.865477,35.898647,31.207623,18.042742,27.280886,28.891706,14.114304,5.2679515,10.486838,25.164654,38.76292,40.685997,36.545357,43.97089,27.864733,20.406387,16.33295,10.663247,15.002703,14.997563,17.440485,24.474085,19.712502,19.578064,28.479538,24.604671,8.679307,6.343056,8.712183,17.373068,22.922361,22.01841,22.780165,14.929074,11.392473,13.618912,16.548285,12.913167,11.996797,17.452482,23.803022,31.734428,29.881323,19.148703,11.0402,7.866114,15.414718,25.221363,21.170837,11.958461,6.126224,11.010163,16.034748,20.023195,18.318914,14.479368,11.443396,8.962066,4.6571255,12.141115,20.679922,23.56923,11.528979,14.301746,27.293829,21.986868,16.007332,10.043158,8.0127535,10.712191,15.5928545,18.687372,16.146568,12.969419,8.63303,15.389487,17.43669,14.800388,12.524636,5.3973184,8.333556,12.752864,8.302491,5.4211864,8.230518,11.50149,8.896186,14.87243,14.5648775,12.329026,9.959347,6.781608,7.5471187,7.000162,6.3072968,9.102027,9.671417,8.510253,9.039366,3.9974327,5.829881,12.0611105,14.773747,7.529915,7.21522,8.975795,5.3286777,6.518499,8.786491,13.187784,8.016329,8.029224,5.86857,7.304383,8.3382845,8.035464,7.8814473,9.674752,7.583466,5.8652368,7.0462813,7.121272,7.3437696,8.466496,8.112361,7.5767956,5.4513445,5.4076076,8.022684,5.352885,4.196716,5.841252,5.3488717,5.893843,8.581847,7.327926,7.0718455,4.4193735,6.2254963,9.793907,5.747291,4.6586413,5.939421
1,7.0591254,8.602063,10.141018,11.953889,14.160974,15.538344,11.972045,13.998444,12.324184,12.916192,9.50755,18.533716,26.067286,43.52282,28.94217,27.894697,19.259039,18.741539,17.240355,16.006777,17.62255,20.578272,8.917754,12.059865,41.39864,51.040558,82.75063,110.653915,137.40564,50.494778,22.470825,39.349236,32.291336,14.820891,9.751392,12.003312,10.79753,36.489788,37.47441,18.75956,70.35173,108.86619,46.99209,23.667177,26.568024,19.338419,8.410181,6.7998796,13.368233,15.753347,16.778378,30.483181,27.821476,39.065765,70.08162,73.21331,50.459476,23.65714,16.566591,27.658138,31.746597,21.514957,18.806595,10.586274,39.118748,75.73602,65.22464,68.69806,102.44378,91.5323,29.950634,21.152573,39.503304,32.843204,13.6629925,13.541576,15.945241,11.452923,8.93117,13.898784,14.051496,13.318982,28.89777,30.638847,15.017898,23.803528,16.841663,16.599493,20.321032,12.31895,12.523689,37.024776,65.0593,47.11076,32.60994,59.803524,59.74488,34.774593,43.621315,34.30406,24.928902,15.65203,12.825936,14.605099,11.777977,23.200094,32.81875,34.121292,22.090462,33.045654,34.50811,20.207598,8.9240055,16.002306,17.422153,8.527283,11.256145,20.98462,17.363123,26.90208,45.355797,31.598953,28.958385,28.042967,33.020058,23.198153,30.121677,28.706177,18.84004,19.088657,8.259238,3.5266068,25.36885,44.11965,22.595787,15.196002,28.22713,30.971287,28.606863,16.508642,4.9630904,5.848554,10.888731,12.932503,7.0199337,6.7974524,11.966236,5.949196,6.720415,9.304743,15.528293,17.40435,19.804464,14.209369,13.988145,20.889702,16.62759,8.771348,9.355688,16.533566,23.555275,27.721731,13.477496,15.153829,12.962537,14.516572,13.717246,10.147745,3.562503,3.867638,5.7463093,8.155781,5.506825,7.0294857,9.519174,5.900718,9.905429,14.713874,14.545623,18.833315,14.238897,13.962371,13.626595,9.928501,8.098329,3.4925048,2.6134589,16.592274,21.398006,11.097921,10.522947,21.369886,19.94892
1,6.230392,8.716129,8.520857,11.889085,14.812209,9.471564,11.164019,11.73707,9.367416,7.070158,7.8021913,10.7899,17.445045,30.26371,26.434448,17.5464,16.319502,19.600939,11.339387,12.38153,14.307373,8.785545,9.216231,15.262032,18.213093,35.87714,53.65831,43.873802,52.881615,37.360218,34.235806,17.709734,16.814276,14.120577,16.761652,18.570066,12.481175,19.604635,24.458685,25.884361,23.502556,32.44735,45.047825,41.420124,30.925394,16.808466,12.963359,18.127668,18.653255,15.404375,18.928556,11.125856,14.36996,23.536963,26.952032,29.243845,34.95329,36.319534,28.352898,21.93712,22.446955,22.70307,20.319872,31.047045,24.810675,19.160463,25.99311,32.82071,35.074486,40.86904,46.80149,45.96375,41.72892,24.231716,28.484123,25.571661,17.063421,17.218493,24.90651,18.073074,14.237911,10.701668,17.90087,18.545795,17.461983,23.354992,16.584146,15.855464,16.029673,14.665614,15.2554,21.027102,36.055637,29.883614,22.853579,11.836978,10.628868,22.774193,19.891304,32.05694,32.599785,30.52518,20.125486,25.45143,30.620611,25.003626,15.182824,13.322718,8.540802,11.918305,15.431705,15.949646,11.112123,14.19188,24.075916,22.11334,17.872114,16.17325,12.038393,7.557618,8.816338,13.895059,14.270904,12.804945,10.94852,14.767484,22.912407,29.891138,30.467733,30.165815,18.828081,14.770458,16.54571,15.670781,9.190631,7.3144317,9.759046,12.053312,12.2754,14.485383,8.204454,15.820804,25.364544,12.998616,9.304967,9.417085,11.812366,13.456578,8.482673,6.471533,8.458256,9.455143,8.801274,6.6706038,9.22302,15.454192,13.313193,5.5917916,8.375356,10.524564,8.351452,5.8960867,8.457494,9.651327,8.807612,9.207513,9.382776,7.1287994,9.566848,11.688349,12.76647,12.912801,15.869693,11.367576,5.549626,5.4536223,10.763046,12.4559765,6.734636,7.320788,7.9738164,7.9328847,8.288197,10.3952265,13.642441,13.595434,12.689158,8.491918,7.1074033,6.7686367,8.824111,7.455174,6.584268
1,0.104112945,0.69325334,1.7242241,3.330986,10.558885,10.636172,32.1814,31.054039,12.401039,12.989521,10.488,14.651878,20.393633,36.19368,16.615444,1.3497175,1.906323,5.281625,5.3818827,15.500156,15.100501,35.881405,39.542484,36.349216,48.135067,61.634872,100.974075,56.504856,80.96744,50.858395,75.28145,55.889816,87.46762,72.52921,21.801481,19.845152,11.466903,13.616574,12.592065,18.6902,19.42447,35.679337,19.962294,24.480852,15.792487,14.428389,11.222157,9.110807,10.1655445,38.56258,45.13323,24.035482,30.680603,36.225094,62.518852,51.113346,98.63558,57.069614,26.64227,19.039288,10.135198,9.116887,14.334678,16.217745,44.911842,60.068825,38.814163,56.244434,31.683853,45.95949,24.205252,5.525693,5.1800942,13.173154,11.665404,23.716623,24.185564,34.010323,41.940933,16.563492,18.036816,26.357035,49.157963,31.58984,52.054867,31.759634,7.3590717,10.158206,38.580017,36.813633,46.901436,53.50325,14.252534,6.6518826,12.874002,22.591679,33.966614,73.48378,41.491096,11.8417425,8.767486,12.0263,11.26079,25.176222,26.935266,17.43139,21.716314,11.497622,15.4850025,18.210205,35.26163,22.028847,33.43691,23.05694,26.960539,21.657187,4.90627,4.752537,19.833582,24.315754,22.6767,33.01986,34.894627,61.961742,33.212734,38.06505,22.988903,10.70727,10.370572,28.563839,26.291813,4.5310287,2.0456173,20.7429,29.138187,9.789128,1.6449488,5.4078937,11.901563,7.311644,9.428417,6.9474587,9.191083,7.95296,8.406736,9.670144,35.481438,46.092434,13.99753,2.1823275,16.915878,34.435722,25.83027,50.0699,32.10953,10.134053,7.921054,4.6216936,4.5849886,9.032147,10.860055,3.3026652,2.3094504,14.517472,27.127907,13.111524,7.695078,4.6373115,2.8801699,2.6461916,6.9087358,6.2704077,1.7249265,2.361997,19.753204,27.338472,13.891648,18.476017,17.97598,35.019882,21.077223,26.143957,17.793177,5.345206,4.980104,12.567285,13.046919,5.5807695,6.192063,8.661373,13.439759,9.502634,15.967887
1,7.567595,8.918477,6.5911117,10.197507,17.334871,10.6734295,8.238833,21.576113,21.992973,52.319424,44.191036,25.729412,31.373701,36.37312,28.821821,13.02922,14.17098,37.63088,56.767445,47.042103,62.162464,89.87049,52.018543,23.440022,14.966594,27.017673,35.105705,31.557806,29.667564,20.391584,34.749596,20.370289,16.532694,44.784847,37.67437,27.231346,25.22233,29.602169,39.819855,45.8017,33.146206,21.607233,46.297623,44.991405,24.115883,26.23695,16.830694,22.401152,26.883932,29.977537,10.875137,16.39897,27.085806,14.124469,23.445936,39.88631,27.28665,33.147533,33.320496,19.734955,14.944195,19.9267,17.587526,15.267747,12.317158,27.796082,24.76098,7.778304,5.8129973,7.7334113,11.816527,13.518778,13.525936,15.781766,15.10344,28.03454,36.225914,16.029186,15.99619,8.398606,10.60306,15.843515,16.04651,13.408162,7.394114,3.2275283,6.2571135,10.179883,7.747136,7.623663,18.141655,13.82279,2.8081472,4.9649534,19.029936,19.508966,11.427215,8.379297,10.466506,11.240622,3.9072425,10.094115,13.689729,7.942322,7.8133855,6.228253,2.7953284,5.472736,10.2582655,9.994531,9.481324,19.605936,20.262007,12.735009,9.75612,13.958723,9.005194,3.857417,12.001861,11.340301,5.5161567,3.0498033,6.981003,8.877537,11.086554,12.376159,11.633083,9.6663475,8.2080345,10.082372,6.752285,11.958588,19.042576,15.227052,15.936538,18.466171,22.289536,14.129422,8.658253,13.612779,8.276936,3.9081943,8.007848,9.848285,6.1588845,4.822366,14.961284,17.298016,11.307028,12.866758,12.575543,9.401136,10.762769,11.752761,10.919535,11.557595,23.658728,26.640385,12.890077,4.9944496,8.449798,12.455147,6.8703527,5.994469,3.2631636,4.792085,12.018833,18.706898,12.430134,14.765336,9.947968,3.34538,6.433968,7.9597163,14.132445,16.909372,17.398193,15.563026,12.525868,10.199892,8.719338,9.989762,9.017041,6.69626,14.384146,17.63032,5.7908487,1.460463,3.0203698,10.953414,17.683529,9.952989,10.128841
1,5.4773245,10.101885,8.34688,6.137646,11.395954,6.6861854,4.5405736,6.03424,8.85957,10.341816,12.773812,28.252836,45.43354,21.228172,12.330544,14.43378,13.151011,8.889595,4.9051538,1.874022,2.9412875,4.5252986,16.061533,29.834236,45.55522,59.322845,36.450993,52.09025,82.83179,68.98019,48.97498,31.161777,19.513975,28.452326,23.557941,47.441143,63.965954,30.966965,14.868907,46.78211,64.55721,36.752743,16.592922,10.7789,14.068693,6.628121,15.98827,13.203973,10.008345,18.5021,11.468312,13.546723,22.067669,32.412086,31.933844,21.896803,23.15591,41.059666,24.09454,51.104717,56.423225,15.022489,10.389022,52.49818,56.787117,14.769497,11.882426,21.072872,49.858627,73.74859,31.658104,22.78932,21.729202,10.21902,23.744081,21.117443,15.670261,9.561345,13.264564,7.9735374,6.2105927,15.623636,30.385769,22.194002,16.645891,15.752834,12.279029,37.844193,32.8045,7.2491612,7.980509,17.870388,27.933147,33.585938,29.344501,15.285339,23.67015,30.229582,26.508759,63.800713,49.35915,9.061267,8.267059,16.917624,18.545515,17.041843,12.033382,7.8239145,16.871592,18.538137,10.583921,23.836939,28.812525,25.510508,6.765971,8.602214,13.085086,12.915678,9.168442,15.549161,18.494965,19.191591,17.778133,10.362857,17.187689,17.56866,20.096743,40.607697,41.370556,31.442596,6.77652,10.21391,30.143524,27.681648,12.257284,9.506088,5.750189,4.3360257,14.196544,28.719406,23.429472,18.400423,14.169286,7.15638,3.047779,2.7095945,7.353027,12.714849,6.3918037,5.0648937,7.210695,8.385854,7.8638325,10.257059,12.7566395,18.035063,34.783092,24.80602,13.244986,20.994558,12.977407,7.8213925,6.4291234,7.395768,4.0567045,5.479166,7.6871643,14.885183,31.21591,20.817924,8.763247,9.790406,11.352149,9.51588,6.5886035,4.0276713,8.950431,5.727661,2.3709223,2.7197065,5.946251,12.735868,12.690917,10.254325,11.758632,18.084297,17.91634,15.8171425,16.668272,11.293273,7.4992895,8.356426,12.941574
1,2.447203,10.647789,13.661446,4.934864,3.3780718,4.908753,4.4914975,4.8237567,2.245357,15.181981,31.136557,22.596344,22.194021,31.963902,25.939098,5.1248446,12.3592,16.221413,13.8565855,10.903452,2.4446476,16.340698,24.296553,43.088657,44.7397,56.53698,37.48724,38.12152,90.46313,81.03452,58.35529,52.272167,57.282833,24.013523,30.520987,59.87725,40.036495,31.145628,10.082989,40.521217,90.072266,50.356327,9.974073,20.776175,23.31795,33.22283,18.62899,2.0032415,2.5652065,2.3071945,2.6964319,28.477625,41.152622,38.330055,39.013615,51.355595,42.147278,45.326473,55.940903,51.672146,38.12051,22.107939,21.818514,93.41107,87.81803,36.076164,24.029749,21.764395,33.00198,39.716965,63.009552,37.80527,10.796207,41.756886,39.603275,7.623626,24.075441,36.066223,13.121045,1.5520642,2.8555672,1.990016,3.4307742,15.044947,25.88572,54.296093,34.63861,12.972381,15.862103,18.686457,28.835894,51.382996,75.18065,33.00763,17.415089,12.02263,24.40969,39.77342,78.3864,77.58296,21.503975,9.996444,4.443106,16.473766,18.579487,21.54789,13.858517,2.431382,7.1593885,7.342594,1.6295164,8.67051,14.162188,5.7423854,0.82575846,1.1886779,12.544623,20.726534,8.949446,3.4736428,4.157788,28.452091,47.453587,22.776741,16.135017,30.521837,33.119007,43.469193,19.526207,16.869928,43.416286,33.195114,25.45045,31.677853,33.6416,23.784422,23.20969,29.904406,16.07287,11.308095,12.556569,10.300285,9.917035,8.514171,8.592727,7.350172,10.6886015,17.077986,20.751976,23.811565,28.31283,20.17985,3.533738,3.4561944,3.62606,1.7522249,4.3829317,8.217341,20.51352,23.41777,6.7580056,31.876507,58.891125,27.237663,4.0427,11.385103,8.587772,2.090499,4.298708,5.3502464,6.2638593,7.7547174,11.755718,6.791608,4.6234417,1.4249145,2.6986086,5.0859165,3.526396,3.1131213,0.98444617,4.6986465,9.132846,5.728361,5.249061,9.805945,7.7312384,2.4863129,10.76547,15.803339,29.750889,27.290085,28.428112
1,3.5950365,3.7533238,6.568918,16.548664,18.272736,14.857781,23.638477,17.746017,16.674328,22.13433,25.57004,40.141647,39.456352,21.885729,17.615528,28.778503,20.091513,12.799816,10.242898,6.85607,12.386144,15.190073,51.99156,106.2683,65.29361,35.65355,42.571793,50.991745,37.750427,58.163673,43.25699,56.696625,57.02382,37.81842,59.38962,63.60172,50.791534,36.245655,44.652767,45.9536,42.685673,20.735119,11.549718,14.201039,9.652757,8.100762,21.648779,26.489746,42.842445,50.096653,36.785587,29.651373,45.17677,35.79182,34.711926,60.34258,43.595966,12.4566765,24.546595,49.549236,36.106167,49.431522,64.245605,83.930115,52.643135,40.30721,36.785767,28.487347,21.38918,17.828224,15.748528,17.58493,26.707293,19.167696,13.59047,22.461683,21.174221,22.3354,48.558235,47.721535,27.85206,19.611727,32.613842,26.368755,32.63707,40.080353,49.4207,33.808052,35.195015,55.066322,65.47488,70.035675,22.592154,17.195583,24.701132,19.20232,12.086525,17.87153,17.35824,12.188212,18.383043,39.090828,32.534164,10.920857,7.818989,5.797816,4.709862,7.1264057,11.714363,16.295912,21.99681,25.70149,37.749058,48.64343,53.095478,20.306004,26.938618,22.692904,25.144758,21.894848,13.754858,11.187771,24.555677,19.327019,39.081165,34.000874,11.193766,24.930128,26.33788,16.629927,10.70481,8.5360565,8.678488,16.12437,16.8574,13.816925,18.074612,18.171076,19.268137,27.250734,20.318089,16.954493,18.008461,22.142746,16.140173,22.401812,17.833418,15.03828,11.064552,8.181868,27.99944,29.265507,10.963518,18.89376,20.140036,10.084981,15.298075,14.892742,4.7649612,4.786322,18.687508,21.054739,16.773046,17.391293,13.781736,12.4727745,9.458545,5.914486,13.77794,26.141024,17.16083,7.1042566,5.1652217,16.89284,18.318953,9.920401,18.772413,22.47638,15.474367,17.796387,23.902222,18.319044,12.931322,4.8474183,5.9072413,10.583328,8.263899,4.341251,6.737807,7.9370675,6.3197045,14.909186,28.922085
1,0.15576127,0.8011288,2.3139572,4.5037894,19.564842,18.681866,3.955627,2.576817,7.6112385,13.63274,7.093698,9.418185,9.798082,31.17826,27.221775,15.509324,17.689257,6.838772,8.251684,4.788383,8.074514,7.094022,18.37121,14.566402,4.017704,4.2924676,24.274431,35.88643,13.027119,5.3229275,42.04995,127.38361,91.76221,23.73585,23.12761,68.63847,92.12032,29.686266,10.207305,17.03219,43.78219,28.740154,8.677102,8.714474,32.30333,39.49583,11.881501,7.657844,9.283075,20.992496,12.442505,1.5860304,2.899901,16.426617,18.317427,11.389223,16.15444,6.3567014,4.610094,8.588459,26.141514,22.107275,55.838463,56.697716,12.663337,7.2771792,69.65962,134.46022,65.00063,7.619426,6.128353,14.395502,13.37152,12.209855,15.189025,4.9619503,3.9202478,2.9660861,5.992391,9.946251,34.816734,29.468727,16.255747,18.026045,4.889029,2.7530107,9.813626,21.679653,12.91564,16.112976,12.368352,3.0995975,3.0553699,10.810407,15.494659,5.366574,2.6249616,35.607166,103.6144,72.28632,16.705065,15.415037,31.05897,40.303333,14.590389,14.173088,9.225261,17.01503,11.119079,10.305121,9.657827,25.31189,29.974499,10.418895,10.911948,9.762565,20.256994,12.21435,12.670394,10.158312,9.151135,9.794786,8.660917,12.438795,5.405005,6.481194,5.619789,13.629783,13.746051,47.652798,46.92326,16.026478,17.938618,25.872715,47.021156,21.969673,3.7443795,3.5031323,10.349969,9.283565,2.8291283,2.9656975,2.0528183,3.1931808,2.5816503,5.3407407,6.462957,20.22871,16.539135,4.115801,3.882067,1.2213812,1.2219013,1.3015168,2.6243873,3.227777,9.248791,6.95476,5.209315,5.561385,21.402489,29.711794,11.7244625,12.69772,13.710093,34.125454,23.070341,6.692598,6.164327,10.560158,13.267608,6.2516136,8.527395,4.370441,5.916558,3.7821217,4.0196857,3.7588804,11.221753,12.908127,5.645175,7.2392263,5.301296,10.09361,6.4147835,10.196631,7.9236307,7.6548996,7.989989,3.8014672,4.830077,8.754303,17.236765
1,0.18022427,7.0909634,13.393327,6.32234,1.3965733,12.676583,21.193699,19.398312,27.49201,14.068209,13.59887,8.86999,10.501245,3.5307941,1.1048702,8.678321,11.271096,19.139332,22.797777,25.829893,29.345926,43.468098,47.103336,50.836826,50.363514,10.968982,5.1284757,14.223959,12.942059,3.257275,23.82172,85.673584,72.63124,69.96642,53.72782,11.309407,10.209563,21.19324,15.47132,13.37956,13.404823,25.34978,17.313534,17.28852,16.39089,28.272505,16.370514,10.7468815,17.795464,32.708145,23.821949,32.77914,38.220573,60.858944,27.461525,14.050513,31.6557,47.928356,18.816603,8.286413,11.947154,15.890781,5.482855,11.073647,84.62194,103.97725,39.58691,31.390465,19.616947,19.737883,13.02731,12.709668,6.705166,6.152754,5.54175,6.6071334,17.346594,17.49601,32.502075,27.190905,5.7130594,4.177183,7.557,21.061655,60.60485,44.54807,33.934574,37.643444,77.15879,49.38335,16.627048,9.84436,2.197043,5.8833094,12.268265,19.236635,36.327526,18.16496,0.23155673,6.182627,10.981197,11.572148,17.559866,21.874693,32.489162,15.274122,12.812403,14.310918,19.259718,21.211542,27.122797,17.141193,19.195635,29.897863,35.063137,14.837559,13.619742,21.108646,22.481707,12.369392,12.544734,25.13465,24.09691,6.2943187,4.7490473,9.543067,9.275907,15.439028,15.242178,28.505718,24.141972,30.59014,23.549,21.887398,16.296808,16.712042,11.103222,6.2124496,7.1204314,13.99317,13.633054,24.21835,13.284616,2.0633297,1.4889287,2.0573342,3.644727,6.4247437,6.678404,10.389049,8.036286,11.046288,21.016804,31.481539,12.483307,5.9062448,2.207986,1.1446702,3.415142,4.4370923,4.2903595,5.142241,8.308991,9.548531,7.3363395,8.224015,16.076742,17.015057,17.302755,16.727028,6.661671,6.7751546,16.933413,15.19691,10.778843,10.087878,16.550241,13.378394,8.813401,6.5664935,2.8937826,2.41092,3.8277035,2.7192228,2.254394,2.549995,5.086169,3.293175,2.8051739,6.5138125,13.414666,18.05952,33.050175
1,6.3506975,6.14986,3.6089814,6.737178,7.035758,2.431228,4.862512,7.8541875,6.0748324,10.236991,45.31514,48.997196,11.470874,2.1875093,3.8775196,2.5754702,3.6377838,6.7387114,9.434488,9.901335,29.13856,64.415855,40.239914,14.870084,21.858253,25.957779,16.064249,22.17731,36.601753,35.092583,23.589085,67.95099,87.30286,30.863443,17.631094,28.469448,20.359432,9.102767,21.570148,30.146208,18.198078,11.508108,31.15046,23.005222,4.2072196,4.941601,3.4422796,4.2405295,9.218945,17.320658,27.867205,26.970108,31.665184,29.520733,20.866043,21.61433,22.569468,19.029278,12.128361,36.03141,54.609188,43.891872,30.493637,34.38419,29.358662,22.098679,16.206161,18.750362,12.535354,19.186073,33.36545,26.568354,5.5060287,6.0469418,6.9635544,8.799382,12.379812,13.034329,8.248337,12.571228,12.121222,21.74941,34.555325,30.76744,16.29069,13.126559,20.161016,17.135225,10.883653,14.550168,14.391277,29.576166,32.650215,29.451391,25.730442,15.040594,20.090958,16.519201,9.351545,12.014344,11.714407,19.143486,26.077269,18.177494,10.180332,13.536821,11.906778,9.617069,4.442109,8.613997,8.530917,12.180647,6.9026046,19.8941,30.804691,21.558664,5.5689497,5.3628387,9.442523,12.150086,13.646257,15.677124,11.635956,15.955393,15.239904,25.13077,18.406715,13.198534,15.319345,15.108086,12.076072,9.010709,10.209211,10.559922,19.343273,21.481516,13.2315645,12.625239,10.635583,8.197468,5.867508,5.350342,5.650466,6.9823427,8.220516,17.483774,21.388855,12.344573,5.833615,3.2535353,5.9942513,8.480366,8.451013,6.027266,2.5709987,3.194204,11.091136,16.53317,8.3275175,4.2739844,5.562831,10.579017,7.072655,4.998834,8.838413,8.590037,12.3730955,12.775794,8.3898325,5.3099756,4.860325,6.589028,6.4795732,3.7892523,6.3458314,10.457734,10.8886795,15.539553,10.378638,4.7691708,2.1135793,1.6344298,3.8950093,3.8151941,5.044206,7.282934,6.8823066,7.006613,14.304932,12.558493,4.3451843,4.5347295,3.80982
1,4.2232685,10.182538,11.996917,12.28657,9.332575,6.4099445,2.1527808,6.032142,4.572977,9.814775,25.92572,20.80668,18.19935,24.62988,14.050809,9.585745,18.68769,11.139003,5.7537775,2.2104716,5.4954205,12.636771,19.305666,22.570597,23.564638,26.106302,29.693392,24.011148,24.280355,36.935146,33.597748,44.68199,71.06827,79.02695,66.84718,18.64946,46.440994,42.03073,27.023298,19.228477,28.657486,36.90753,33.055653,21.50139,15.203882,28.611343,21.863747,16.655373,13.775059,23.573547,21.380312,4.684832,7.784507,6.4543653,3.3141868,9.73903,7.4508367,5.973666,14.332222,14.135248,25.721096,51.48856,29.770132,21.38566,42.127213,34.42069,45.386112,65.722946,34.855804,18.270037,11.510936,6.3483768,20.946133,28.147118,9.385754,19.379631,33.54596,56.58183,39.062622,24.172173,12.942871,16.829023,18.860893,20.1865,9.19468,7.875611,12.972706,19.509768,14.406671,7.036424,14.981001,15.949338,17.381407,19.058758,10.766925,7.606744,14.8358755,9.54157,13.639634,25.256031,48.80925,40.993183,17.253763,19.665766,22.313635,23.945087,12.015115,13.894547,15.14635,7.3611655,34.020107,36.372673,12.339947,20.962406,21.055182,15.511856,13.435581,12.6583805,12.553876,4.732319,5.531028,8.326903,10.028753,13.771112,16.793722,18.538736,11.007548,8.610526,15.189861,7.593292,13.397135,23.741894,16.909609,11.295419,3.942352,8.708525,21.198536,28.045303,18.07913,10.37807,3.624406,7.977766,4.6826506,11.747264,23.726442,21.457666,17.03087,7.271934,20.689634,17.561468,7.1420317,11.631389,13.198717,13.9781,5.3118043,7.8599925,10.045659,9.755111,6.774076,4.8631763,4.3971577,3.4156008,6.3210135,10.259236,6.3355412,3.8243074,3.8738596,12.031635,10.2821245,7.1507425,3.5231466,2.3804636,1.9933244,1.8567183,8.33396,8.870858,3.814747,13.721583,12.903397,2.5984027,0.6708737,2.5784347,3.9679182,1.7651465,6.9239106,9.640768,6.5735245,3.9919422,1.703976,2.25087,8.560769,10.588424,11.263671
1,0.057932906,1.3863741,2.554309,4.364893,7.025128,3.1284559,1.8501261,4.596783,6.4343224,3.6830368,4.8460574,21.641449,25.958815,9.953587,8.196285,10.664372,11.317122,17.152653,18.84761,38.74813,33.820835,15.369092,17.346676,40.11762,29.949562,13.681577,10.806239,14.8230095,9.334561,3.692147,11.279713,23.268719,17.77987,24.854343,118.35459,205.87277,97.51675,63.639523,34.278114,34.26732,22.734705,25.887083,8.291337,0.8906319,2.4871655,3.3838131,10.557543,11.535009,14.306084,13.855115,2.984779,10.924305,40.45959,35.236687,33.101955,26.54675,24.713184,25.252531,48.618034,31.697083,7.8834567,10.811439,21.605656,15.697951,20.464348,15.391377,20.888609,16.597376,23.478806,98.268906,150.3708,89.75985,99.82263,50.59636,48.994015,27.250702,27.3436,10.853558,9.235703,14.8365135,15.3455305,14.858541,17.76073,44.659813,38.728573,7.700241,17.001022,51.613693,40.611767,39.3019,26.500248,2.7853334,7.13393,16.197716,11.717408,15.246096,7.9969535,1.2804439,5.137108,8.938186,4.027037,1.7919325,1.4319938,5.381284,52.508522,71.864746,88.41968,107.34228,50.13454,45.581993,16.607805,12.609831,2.961604,5.9756045,25.046398,22.87908,12.110698,11.520297,20.933338,16.043852,2.4229662,14.437987,38.4016,24.98713,4.014916,7.4139347,15.443426,8.924603,5.9402766,14.9062805,26.768286,12.233379,1.4057677,6.624339,10.188341,10.108304,13.194156,4.5382195,2.4108362,15.216205,22.20189,79.68065,88.171394,28.297508,19.61701,12.991809,11.636614,5.158615,4.608687,7.4102163,6.3353324,7.1121798,5.7414083,6.7392206,12.273302,29.030638,19.061054,14.284806,14.324845,24.841496,21.594059,32.737026,16.634172,9.746823,16.61657,25.75134,13.319847,12.641983,11.248096,14.151666,19.453669,23.636608,12.019069,11.674431,9.138517,13.466492,48.599953,47.60439,9.37353,4.978408,16.43657,14.157337,11.501081,8.919474,5.633302,5.2698255,9.316779,9.999548,19.087929,17.360596,28.517923,16.244038,9.454134
1,11.836036,15.276043,10.892354,12.820901,15.576427,14.629267,15.096056,17.946669,15.479547,23.536972,26.449722,29.273237,28.465868,25.983553,17.33389,10.549066,13.220569,12.821908,17.58197,17.874691,23.779896,28.37627,25.233473,20.389881,24.801283,21.705112,10.056577,14.569865,33.442238,43.51736,25.723347,15.8747635,30.721788,32.699615,20.997751,23.121313,28.612324,31.40524,19.527906,30.579834,23.122238,15.341651,15.500708,14.168488,11.790493,19.610785,22.80381,19.953362,12.868423,18.937223,23.478222,17.058224,16.887226,16.849646,18.5061,18.38182,28.453907,57.840958,59.489643,41.011555,21.546877,10.126622,16.166786,23.258015,14.544605,16.646355,22.812416,32.089333,39.473114,48.044434,27.964529,23.736338,16.144262,14.661884,19.894579,14.178156,10.265256,20.149342,27.57455,13.595339,12.029602,19.621687,25.484232,20.579624,11.09707,17.402306,25.967064,19.169327,10.792377,14.118316,26.44098,22.513123,15.901723,16.666885,17.634293,18.11306,26.900618,20.817966,18.72599,16.530312,15.520804,13.956289,13.781337,18.795305,22.882647,21.48887,12.304302,13.265793,11.558725,11.306257,9.924237,9.724188,8.1636,7.654184,20.140446,25.4523,21.591053,22.742216,13.768966,14.854834,13.773611,10.286548,7.059121,11.747034,13.842736,14.099983,17.082558,21.957819,22.810566,15.954289,11.621286,11.864373,16.772055,17.326864,11.862657,8.834371,9.914979,16.365107,12.667535,9.600356,12.835871,13.927354,7.889294,7.1439486,7.177494,12.568612,12.892495,12.093175,11.840552,8.304984,7.6042724,11.203562,9.160313,8.311412,8.369332,9.043585,5.848247,4.679764,5.818333,4.6396723,5.444488,9.082838,7.9108944,3.5652988,4.4891315,7.5152936,10.024717,11.21639,6.7326093,6.11554,6.5223765,7.803134,10.253016,11.640567,12.271533,7.2465158,5.0722566,9.316152,8.443755,8.031759,7.648795,8.007796,8.384201,10.814718,11.506847,7.785131,9.485239,10.314898,11.134306,8.537936,6.7527914,9.208638,11.89043
1,6.0617285,13.940374,13.127866,2.8349075,0.83805484,1.4868466,3.0454333,5.91374,3.8677065,8.700663,19.045156,31.587122,39.148792,47.81153,46.96465,34.226597,9.067422,10.688627,33.715168,39.230934,10.53491,8.619186,10.824145,16.6908,44.15296,54.2324,60.595814,27.091326,32.14723,38.237976,28.338438,92.873505,106.58184,91.95202,52.757275,50.209305,67.52737,65.090126,47.4012,27.383873,27.85537,15.98698,13.537757,26.453619,15.979871,35.023766,55.026115,28.766829,22.031214,22.714417,8.290905,26.674992,30.020266,10.764009,4.534288,25.344007,43.647408,38.758575,30.24902,30.886011,65.560684,42.29963,11.009344,24.493254,48.24046,59.80118,72.50046,90.08458,70.461845,24.758677,19.8176,44.956196,52.933353,20.305126,9.075751,8.721774,14.675058,14.464142,21.564795,31.007677,39.705067,36.888916,32.71476,21.427155,21.760246,20.801483,14.7418785,10.311525,7.9155736,10.2537775,25.593538,29.573368,30.34596,11.115182,34.634647,41.75393,37.929035,62.026505,62.841732,52.7704,41.339542,28.497725,16.72805,30.854513,20.095413,9.176951,14.638278,9.395228,19.741497,32.87632,17.218294,27.197203,39.68756,41.14403,26.975454,12.293973,18.397785,11.873623,7.807149,8.161365,7.7186313,6.935119,8.084037,16.450146,11.268262,7.271371,19.02266,52.232788,54.108246,25.05696,21.805458,25.423935,31.361353,29.24899,19.350384,2.6765318,4.0849695,4.7531233,11.163751,20.803524,26.552729,24.445452,17.188652,15.669854,19.577242,24.457087,27.952406,17.066519,4.7894006,7.204836,6.848948,6.140562,6.7032957,15.994605,19.133924,20.936926,12.486477,7.323872,14.848812,31.282999,26.21649,20.168926,9.386061,9.947515,24.481787,33.93177,13.759537,5.087805,3.954127,8.090845,9.369481,9.198448,9.357073,22.097605,18.977434,7.3571343,5.0070276,16.865149,22.920086,22.464842,13.395522,6.124494,7.3387284,9.040926,9.286834,9.210635,6.474415,17.191248,21.940042,6.748179,4.6572185,18.362753,35.309887
1,4.9886093,13.011131,15.525027,15.869947,12.127574,9.02597,3.2749069,8.71596,8.534083,5.5054216,5.9612007,19.906017,33.81221,19.756868,14.026034,13.837127,11.894604,13.618634,17.894896,20.338282,29.749424,39.998566,16.671915,11.102221,15.286725,11.559501,10.419139,10.370399,4.3190556,21.510616,31.270138,19.450726,54.361412,73.92934,26.389736,16.800886,21.407331,18.060217,13.572325,10.195087,8.084867,9.150684,9.727207,3.2544093,6.9142547,14.589111,29.815683,24.710495,22.072432,23.592844,18.1229,13.906216,4.9289165,20.955294,23.751625,11.101209,21.81099,23.305399,10.397176,12.62531,14.431572,16.183458,15.505973,15.841696,18.952736,43.426,43.528618,23.915792,20.357632,19.044907,17.879595,8.838828,4.5769506,6.4399486,8.492435,7.6669536,5.027601,5.134184,19.223572,32.11439,21.791224,19.507233,21.350752,10.580632,5.677222,3.7916012,1.7078001,3.4866128,10.002361,28.581022,21.900333,2.7770162,1.2747828,11.019733,15.872413,7.0995007,4.4526043,7.236946,17.321947,21.231043,24.24899,17.672935,11.328255,5.35571,8.145196,12.3801155,15.337805,15.456837,12.008784,12.445884,21.14269,20.19899,20.935051,23.235884,22.409008,21.546995,14.949735,8.171419,2.7745306,4.89378,2.923091,9.617213,20.493092,11.36412,7.216728,13.501513,10.339855,9.214369,10.046739,7.5803447,8.2312,11.880925,15.467909,15.757167,14.575808,11.846984,9.846624,6.9958177,3.5933943,10.573504,18.248404,8.174608,4.3112984,8.23526,19.21906,20.1556,20.294819,16.246197,14.900046,14.881818,5.919639,3.4630373,5.2107983,5.41721,4.562374,3.5212386,1.3233281,5.181697,7.689818,6.556603,12.012489,15.744618,8.90289,6.5372076,5.8841367,6.426328,8.405469,9.552054,3.7735808,7.622177,9.679258,6.1813574,9.880001,11.584117,6.6508474,5.7035255,6.405592,9.123697,13.506027,14.664378,8.406791,7.189888,6.3940125,2.345307,9.465525,10.679004,6.910162,3.580702,2.7551455,5.6709237,9.881354,9.91931,5.299615
1,0.13886873,0.40058413,4.0574517,5.6416078,1.8539447,0.34494615,0.32764095,1.5160663,4.3655977,3.037016,13.341147,25.577904,12.44635,23.145996,30.915926,14.770692,51.27809,48.405014,26.746683,69.21092,46.15288,10.035462,17.340397,9.061076,36.21948,46.463135,13.871108,6.7559724,6.135998,20.912457,54.6878,35.11368,55.65739,98.07473,45.038464,109.21741,134.71912,41.42064,65.803696,57.549454,28.42735,67.2724,41.39325,13.659597,22.912642,10.436781,30.03392,35.655502,14.7919855,42.437,35.74411,6.0700355,7.9302444,4.7224402,14.586628,23.69566,9.877305,17.29771,19.77781,12.412817,40.354153,32.707993,5.3839316,7.788319,4.568831,19.20807,30.04266,22.82999,117.67479,129.45465,30.496428,7.785212,5.3755765,2.0254958,3.982435,4.1065764,48.566048,72.84953,26.505062,3.5881307,3.437025,1.4666092,3.9989257,3.0264297,35.03522,73.15939,38.238064,21.403688,30.855492,10.72802,6.272707,6.440364,13.8878975,42.078384,30.344376,25.50014,50.784252,25.495792,29.568361,40.98251,14.302339,21.945215,21.69213,34.324867,98.60304,68.37443,18.532001,33.656948,16.96886,47.737488,63.68879,21.089268,33.029495,31.128063,5.6391735,1.7645382,1.1093524,13.88246,25.516636,11.9711275,23.298897,29.870184,10.267491,21.60376,19.638012,4.6330137,8.4872055,5.4581113,13.774272,24.284048,10.702181,10.185424,12.602149,8.600925,31.593388,27.633005,16.670183,40.139034,24.71066,3.4973154,5.5882916,4.660556,28.395382,33.716816,15.502477,47.324287,39.863895,7.9499197,13.618252,8.025984,4.957123,8.051534,4.0385137,15.60786,17.835459,5.1412435,8.911614,7.2204185,1.6839516,3.2289948,1.8940085,7.819166,12.197127,4.843378,7.564733,8.354295,6.813883,22.116968,17.246756,11.726815,25.271605,13.853527,21.93521,32.88299,12.442621,18.1992,19.266726,4.7161927,6.342448,4.7549696,21.788391,45.50101,23.742664,10.246586,14.772137,5.291557,6.643047,6.8039484,7.9223804,23.754087,17.129345,2.9782069,4.9677515
1,6.0490775,9.112407,12.250215,17.243446,16.356497,9.266366,10.561277,16.756798,15.482647,12.441304,23.519163,24.517672,50.13528,82.40579,34.544014,8.538167,14.0311165,12.76176,8.576895,11.34128,15.361555,13.555393,16.82032,13.724915,33.064655,57.456024,87.14815,111.7115,79.51676,38.267647,33.095078,38.73451,34.002674,28.822666,29.542278,56.22151,34.20036,25.389668,34.722485,45.978687,70.611946,95.289856,54.103546,34.835945,27.43184,23.523687,24.329813,13.404508,13.031825,24.980959,17.640308,12.504163,41.186695,51.49071,24.008913,35.798534,30.543526,43.466515,36.466793,30.993965,39.615414,35.4774,49.468376,27.335556,32.949245,85.02993,88.360115,56.351437,90.45009,40.593945,30.784739,21.90218,10.649408,23.690905,30.62524,25.08051,42.068295,33.857452,52.478878,49.380066,22.46473,10.739393,12.42729,27.549025,27.774406,18.060297,14.031834,15.749805,9.7147455,17.07069,17.532696,45.04607,87.81152,84.05431,38.12899,24.772116,9.658386,4.637309,7.0696554,23.991793,24.157688,8.7523,22.02436,40.694145,32.910908,48.847576,54.728886,43.68381,23.783161,21.743517,11.413937,5.7448783,7.8873754,6.637831,5.9503565,7.7766476,3.3026,11.275498,31.803854,23.014067,27.044527,33.771526,23.823626,14.688589,8.468374,8.924273,6.332828,10.811973,15.45516,14.951687,16.587196,28.919485,21.574533,62.01001,59.57478,17.935871,16.912964,8.679118,13.842015,8.632975,5.58218,6.977134,7.1899,8.621721,9.614544,11.54272,37.171127,30.500156,21.41283,26.819727,12.042228,5.5243306,7.578056,6.2070975,3.4407706,5.404373,8.848245,13.487535,26.311327,46.70358,38.630817,20.129671,5.6237617,6.57549,5.7757907,11.661393,14.954651,12.822759,20.841488,22.409512,11.440585,19.885044,32.518364,19.452995,7.154693,5.209309,11.787581,17.322851,8.869195,11.716163,12.718466,11.754603,9.1573,12.791483,21.908087,27.254274,24.357697,14.4316635,9.628589,14.02412,14.508978,9.979615,16.258663
1,1.3252257,2.9114602,2.688714,1.3272928,3.6615787,2.5723982,2.566023,5.957491,10.846481,12.97526,23.109802,60.175095,45.42875,5.4697976,1.4977489,4.6835184,5.4212556,4.5522842,2.7587628,19.637726,29.944508,32.25172,87.565155,96.35662,28.258469,50.84588,46.34709,19.015585,7.9216523,22.229568,36.661667,55.339424,58.149414,75.5119,97.495674,40.849094,45.997982,60.867863,23.652285,9.04127,13.481181,24.612156,14.839617,8.389209,4.094491,2.689005,4.4771266,13.64484,26.159071,27.969376,23.247997,14.531777,27.262877,36.604908,44.912334,53.355965,39.89088,34.491486,44.25017,80.35468,69.06766,47.819744,30.088217,43.31901,47.479847,41.381187,30.26648,21.277004,14.39199,25.524662,31.790415,31.135176,12.4289665,7.414758,7.952032,9.7687645,5.616975,13.052218,15.740563,10.415229,36.822086,39.203564,30.22264,31.476149,31.476883,31.790922,28.54645,35.491245,33.0792,7.7431073,7.5705423,45.82801,65.88996,34.12018,26.604635,29.92106,37.814114,25.493204,23.28281,27.997358,21.800257,13.442047,2.613218,5.1116667,3.4310656,3.484254,4.975501,3.176242,1.8733313,5.7694845,13.914763,10.867234,7.6114645,14.004974,50.093502,41.258747,7.2936144,3.7193978,20.161142,22.701069,10.974068,37.757843,40.53272,35.405125,13.621664,25.181324,30.85158,11.989471,5.2776847,10.13906,16.72865,7.3889093,17.21252,22.912373,10.776243,7.2460694,10.9745455,17.29291,8.435037,9.881122,13.769733,5.735191,4.898022,12.809008,24.389845,25.94327,20.847353,10.236365,21.438078,15.781024,9.127069,13.893565,9.212757,5.321033,12.493508,40.553467,32.960625,16.111393,8.918241,4.924409,3.595217,5.5123987,5.7342486,4.4431853,3.0558739,6.417895,8.7799,9.338292,7.455203,11.222631,11.340871,10.316861,11.992177,13.8459215,17.154886,22.904459,12.529193,16.578802,27.838726,14.802235,7.5468554,3.8849437,2.3686533,4.259329,4.324609,4.202712,14.52441,13.869315,13.296766,22.30082,14.510449,8.424304,15.323727
1,0.7843638,1.2302295,5.8347316,16.679298,12.0642605,12.600311,16.46615,20.79467,21.44139,14.976199,8.901133,58.79935,96.63108,40.541813,8.048364,9.6572895,18.246101,12.132246,9.488478,31.252077,34.13658,21.615088,21.628311,50.31944,64.3486,40.91894,30.271694,21.958523,29.599293,32.228836,29.73632,49.561855,40.899242,25.60097,22.204884,22.380816,29.260376,36.424053,37.698048,27.980543,33.247368,37.997673,36.684315,30.597198,21.065437,20.9796,28.400526,34.85233,33.450726,37.933952,41.616528,28.03017,28.855993,53.19993,62.61084,30.007607,28.437431,24.803583,40.645752,49.921635,34.048016,26.882248,28.078932,17.71969,23.591139,43.92677,57.560215,39.669346,35.115417,22.656202,32.545063,38.32888,27.219198,14.283903,13.257047,12.302324,12.024354,29.259829,55.613846,64.73407,36.90771,21.738874,28.83809,22.543385,24.137072,15.912955,6.4193854,4.301105,7.19292,31.958574,58.246807,58.515987,25.91585,11.613255,9.686248,12.362023,22.357897,12.477572,3.321574,3.3948689,10.112252,14.288455,45.370796,45.623234,18.403149,8.667904,14.088859,19.231491,14.109441,7.3068767,9.916381,6.443219,3.7014387,9.784307,29.023338,23.791779,7.017793,18.791267,26.755812,21.84396,7.7562804,9.436412,13.265113,5.920846,5.0222325,10.925618,7.5425067,4.4442644,7.105311,27.340277,28.406414,18.445034,26.001322,30.06965,16.121103,7.073482,11.966141,16.159306,10.519617,4.5986114,7.243261,22.745934,19.038168,9.557277,23.938236,27.871117,16.46745,9.097177,14.799587,17.11101,12.420622,4.997986,4.769168,10.833578,7.19498,8.062589,18.803272,17.223503,9.201946,7.8245077,9.758245,11.976612,8.778904,8.205403,3.446402,1.9709815,2.0776305,5.6733165,16.857384,12.760236,5.823054,4.9047856,2.730691,2.964042,6.0958,7.96229,6.5258956,9.823411,5.0256343,6.328201,6.9009886,5.699235,6.4154778,6.8807287,4.839065,7.4528933,11.163809,9.66027,8.227747,11.358165,6.7256193,8.072352,5.0748496
1,4.5434265,20.809233,27.227816,10.8431425,10.985193,19.351276,10.855928,6.814367,24.091915,21.670435,5.0728416,25.236868,37.22953,13.314888,10.268325,26.205957,19.96085,17.782236,7.902885,4.1013017,3.4788678,19.190207,32.7122,14.875558,10.184366,25.403118,18.876518,12.204264,75.89856,90.50199,25.275738,6.87222,5.984725,19.829983,26.224993,29.779032,33.92984,51.076466,27.775805,14.192279,55.43712,49.961315,9.695122,17.85611,26.044151,12.735452,8.399623,2.6828105,15.751105,26.08667,41.460403,42.229362,20.646803,27.185678,41.491173,33.395847,31.57038,12.227612,10.710821,15.253132,22.276789,37.78367,95.33866,74.26961,9.179439,24.51512,31.300615,11.143029,27.927544,59.546043,33.962128,14.65828,6.8990498,4.5358405,2.3743048,19.914415,31.137428,48.70837,46.360123,18.948414,10.665443,3.2889051,15.463576,16.330069,9.338166,6.141333,3.3759646,9.007071,10.739025,12.85974,42.185078,76.07569,35.9188,9.233892,10.524571,8.462782,5.624035,10.521624,13.668493,16.351103,13.493681,4.9782677,16.60269,22.75345,13.312731,20.648052,42.26645,24.638252,1.1404297,0.65250045,1.8737677,4.6488824,13.895584,21.706345,13.588318,12.77045,18.214386,15.082914,15.618936,28.87501,31.377306,8.000378,2.3206172,1.7094795,6.218265,7.957025,10.69521,21.93498,40.561413,21.090565,13.138354,40.97645,34.57866,10.026281,11.1792755,13.988051,7.4955745,6.8333473,9.82373,18.757116,26.410645,10.783893,5.4151,5.3730397,6.1712317,8.314682,3.413354,4.0524497,10.891537,7.879568,4.951061,3.1060305,4.7614374,12.420698,11.197072,12.609323,17.012556,19.136435,7.746984,16.703033,32.08753,16.05908,1.2880071,0.581212,2.0427506,4.348724,2.5838873,3.2703516,12.531148,11.753893,8.248159,5.546882,4.4698334,6.1402216,7.4396334,12.107085,7.6491494,2.03438,5.9085574,6.094643,1.6293501,12.008285,20.56055,8.742627,0.8049019,1.966852,5.3200655,9.530152,6.6691527,7.8293495,17.637867,13.8561535,4.14932
1,5.1512914,7.199779,10.853577,15.4879875,14.715217,8.204844,11.655522,9.46392,4.0993776,7.283727,7.5566034,8.1101265,13.033732,23.6062,27.121572,18.191174,5.149268,5.827307,10.480943,7.939163,10.124682,10.393687,11.992968,18.232143,12.168865,22.547436,44.457222,85.262085,135.25424,78.71645,31.203611,23.785418,12.765255,7.934727,9.695333,15.643973,18.754747,29.293644,24.33039,15.03387,37.223145,76.872,57.788612,24.653557,16.399612,19.218811,8.903314,7.497594,11.446377,10.340592,11.05229,11.724771,8.521883,7.98843,50.564884,85.94153,62.252403,39.701878,32.22531,28.322937,9.849123,6.250331,5.0199203,7.5477424,13.065536,29.526854,25.908535,11.409512,39.93968,94.66616,64.43646,12.995258,21.654636,34.456253,16.421648,9.731738,14.325268,10.995806,7.6003375,12.92769,8.574999,2.5302174,25.130972,44.045956,23.463789,19.489164,19.376558,20.223677,10.180687,7.3535876,8.031339,15.5310755,31.434998,28.423332,17.870216,27.189377,50.249096,63.64986,51.21118,28.717583,29.604275,23.297865,13.062843,12.65426,16.40065,10.230785,12.713541,12.728051,6.0864763,6.0515733,9.579087,10.811667,10.974566,8.696798,9.133044,11.607584,11.210182,11.371007,6.9953747,12.734089,36.703705,29.046188,9.821902,23.726326,47.508545,32.676785,27.47908,23.20881,26.723562,12.271911,6.83578,15.84038,14.940907,10.231375,13.41918,13.144333,6.5234847,9.407697,9.919549,11.361527,8.789736,11.094309,14.22706,8.102119,6.0615997,7.586065,5.9595013,6.649525,20.98881,17.586935,7.2813063,15.848989,27.178032,18.630331,19.430935,14.309807,15.222833,8.510181,6.705873,12.800962,12.929893,18.72315,15.201868,8.084773,8.687448,14.211341,12.1005945,15.194303,12.437733,15.540421,15.881182,11.568787,4.8364935,4.5568633,8.933273,10.569535,9.465328,9.222928,7.213553,6.7762556,9.482262,11.628713,14.453308,11.19801,8.626161,8.415411,9.806913,12.290742,12.30116,18.43911,15.287797,10.033653,10.457075
1,2.4844565,8.362465,9.653238,3.650828,1.9635549,4.4156485,15.712208,13.113214,5.7213573,7.423886,8.508104,10.529723,6.3493752,4.265431,11.300661,14.526377,19.482529,7.9275517,0.6758943,1.3435903,7.933619,9.449421,3.476196,11.260956,20.326902,46.43822,56.092945,78.230095,85.84521,85.25141,46.211216,44.18824,50.63853,45.257454,36.40393,25.718214,12.879189,8.620688,12.444318,11.413029,12.640684,17.93841,28.03681,39.999588,25.471638,19.09329,12.035775,16.209484,17.543043,7.1518297,8.860234,14.007241,29.398972,27.673752,28.23683,83.77035,87.352615,19.336105,19.860285,26.40203,13.786796,19.148657,29.914812,35.973286,37.18044,39.748512,21.744507,10.334814,27.287176,32.403843,41.96105,43.898666,36.30831,8.508301,5.822335,11.364023,25.88574,18.551743,12.4525385,6.826513,12.57998,21.672653,30.449242,32.55763,31.981495,21.849874,18.524673,30.89166,31.556198,36.504944,19.825583,12.791657,5.4560957,16.369984,19.597967,14.096335,18.274445,27.363188,54.834217,47.14828,18.482336,13.56073,13.947197,19.30083,11.876386,3.4684043,8.145623,11.926149,17.653328,10.930047,11.401861,18.474606,12.846595,9.823426,5.5962706,3.6472507,3.5501747,13.418983,14.512486,16.823774,19.210487,19.770748,7.014179,25.733358,36.81092,15.465748,20.567005,35.06346,16.445656,10.528843,23.491257,13.961097,1.6341484,1.0916929,6.6468096,11.049339,5.2864184,10.94207,22.88939,12.5812,3.0388677,1.2906644,4.3538723,7.0595956,10.703061,9.138791,3.3042731,12.320598,13.523804,4.2103734,5.113347,9.104639,21.652693,23.65214,29.147745,13.387858,6.4290433,11.721571,13.028628,14.686894,13.1849985,9.822375,5.913754,2.3271022,6.7830725,14.102516,8.824785,6.1516495,6.4842315,5.819136,6.7267604,11.890543,10.009054,4.5208383,13.751922,14.658205,5.649071,7.018081,9.613033,14.475487,13.206824,12.907958,10.934923,9.657279,7.0180078,14.214555,17.299795,12.197504,9.336395,7.5006375,3.3312125,4.980824,9.481876
1,0.01944351,0.06046222,0.36661854,0.41965747,0.6299783,1.685068,1.1061926,0.26364815,0.64520663,5.2600365,20.127274,17.107594,2.4783328,0.6334073,0.4353187,2.025343,2.2661405,8.691713,22.408186,14.169644,1.0157827,0.8854952,2.1372924,7.6576014,6.2762456,1.1859293,1.5934501,0.8973156,2.80372,3.4023523,39.245888,96.88656,59.04909,22.990192,31.024946,9.982128,1.7672611,1.3128849,15.006644,26.615501,12.89408,26.601585,27.088696,6.7491317,9.145811,5.7968607,21.468517,28.236664,17.08791,48.618137,37.02942,4.7691846,4.4199266,3.7841542,15.915272,15.626168,3.031511,0.5475887,0.7566864,5.778368,7.4084687,17.653255,54.428,40.024403,33.34031,54.291283,22.088621,7.744511,7.3135066,4.4771376,9.319809,6.746995,33.349735,40.693794,12.871479,19.170826,13.534032,12.525363,19.792425,11.085739,34.812187,31.805523,11.525017,21.125374,11.090282,10.903208,12.818942,4.724054,9.28394,6.3568387,7.3458743,11.151291,4.373237,5.600369,4.93483,28.670862,57.296864,28.663935,3.3493679,3.8385596,8.137769,21.854204,14.429515,17.102215,25.02058,8.870516,1.889715,1.5519758,8.56304,16.457413,8.482358,19.068697,20.864082,9.528251,20.978302,13.289435,10.637565,15.001197,6.0602655,11.843127,9.71843,16.607761,30.542812,14.068363,3.2456121,3.4793353,14.929912,36.82991,22.492014,15.351537,20.850317,8.772955,19.814003,15.648511,6.495538,10.97903,4.8534856,1.1674787,1.1770622,1.4087375,3.2747154,1.9520093,3.5932267,4.789523,9.109106,29.466019,22.450665,2.5972054,1.5673501,3.4801614,16.563602,16.265131,4.700864,7.829754,4.5335064,9.290707,11.771571,6.9597416,19.00795,13.954905,1.4152789,0.67463833,3.3559518,15.268992,14.461055,2.6877007,1.4714981,2.0007484,14.022469,17.120907,7.0403433,15.684641,11.091239,8.208012,12.916104,5.0184736,2.0615635,1.8715608,5.831079,12.133375,6.7703667,17.588093,20.691265,5.659075,4.5540166,3.0939665,3.0494976,4.6334476,2.123238,5.1565747,4.5415998,5.171777,10.221537
1,4.215192,4.6753464,5.7635403,5.50733,5.4346395,3.042432,2.3452926,4.1020765,6.848606,6.907558,5.5157104,8.620748,7.3814507,7.533752,8.491292,16.656017,47.73369,61.42155,35.725517,14.435016,8.578635,6.6960716,4.924587,4.774531,3.5258598,4.383249,8.488566,9.800743,15.295751,20.848349,30.356035,52.073673,65.42273,168.47522,139.18346,61.786236,42.858276,32.606155,24.709066,11.496733,6.700893,10.675237,13.354431,10.620736,10.126601,8.805446,12.731467,13.182566,27.466297,36.622887,53.032513,42.408108,25.293184,23.944662,15.439004,10.126374,8.679077,8.756203,11.369809,19.333668,23.542917,21.292429,29.525812,21.781647,42.081238,56.51597,93.39796,121.786674,62.09284,36.832775,54.9004,43.978718,24.672829,17.194885,9.156769,6.7189918,17.848928,25.456083,13.647922,13.01871,12.593469,22.188028,26.559298,34.830967,40.756413,24.304836,14.491829,19.453983,27.105225,20.494171,8.325734,8.262586,12.898206,20.454824,17.663277,19.914564,19.800282,27.529934,34.92512,45.070004,85.961006,76.4633,21.552483,25.186117,25.092113,38.832333,36.810745,13.130551,4.4991875,12.408908,22.767906,14.63774,9.226484,10.603605,14.975888,16.748009,19.7289,34.51317,28.908794,12.077422,11.921461,18.486654,16.48968,10.798583,8.1156435,6.3323226,13.411694,16.119524,16.93303,17.387312,18.481192,18.635761,18.36564,43.134857,61.66537,29.314047,18.51911,11.073877,23.506613,27.170435,14.023151,10.288444,7.9842963,16.376482,14.1414585,11.881622,8.321963,9.967289,11.849253,14.033275,22.635584,25.070055,15.062936,11.688483,8.948898,7.65512,9.607262,9.440395,5.6095667,8.285461,11.0739355,12.887206,13.774139,11.61563,8.794489,10.742676,21.13397,31.846333,25.957027,19.039202,15.194902,13.580591,11.741674,10.258838,9.5019865,4.747477,8.599627,11.150026,12.206123,10.153093,12.562218,9.659824,12.509564,18.261074,18.009829,16.046875,11.868739,9.921716,7.823592,7.9436975,9.882773,6.724899,4.659748
1,8.758214,9.354296,7.0344157,5.651581,5.01215,6.3285065,8.6152725,5.398537,5.0630803,7.0375853,8.064901,7.5214076,12.647908,15.702986,11.171192,9.817996,22.093443,19.83963,10.840991,13.153965,9.815521,10.303006,8.627756,11.326502,11.809905,15.189459,11.043564,12.429279,23.465872,50.84791,70.15221,107.96356,126.86703,81.73541,48.65397,48.88226,32.421104,15.535518,5.9861503,6.508235,15.422559,26.882757,28.90709,41.5584,42.06733,32.72518,27.410843,28.204626,38.38795,30.132097,11.12951,4.2200856,1.9240091,5.041631,13.12934,13.231169,22.414343,17.426878,16.569843,14.5345545,50.421204,73.46058,30.075954,28.839155,58.125145,57.23985,48.820263,64.05845,48.317326,20.360739,6.533422,12.751041,27.656576,27.962727,39.85519,27.63483,32.02701,49.014313,27.996521,16.508694,28.364618,27.848537,9.925744,16.409319,19.745918,7.263548,5.9684734,12.058905,15.930156,13.602782,15.025981,30.685019,29.129557,21.677298,14.51689,21.127193,20.33753,15.257364,35.829212,56.757076,37.81789,17.11393,25.81054,37.962692,32.336964,30.640163,31.21946,25.151127,17.048714,26.107958,26.043875,13.458325,11.780267,8.444002,11.14351,23.237127,21.258224,16.876032,20.130976,21.21455,13.778644,10.195436,16.584332,16.069086,8.640826,8.468689,8.7251,13.190729,11.66154,11.690456,26.648237,25.8217,19.007662,21.367226,32.36137,20.697998,11.523707,12.936511,19.112936,15.102063,15.871006,13.571647,15.143884,7.6867504,12.338051,14.681211,21.825747,20.74303,15.700465,20.974709,16.603634,7.5806375,4.51718,5.275679,4.575836,8.510191,9.691883,7.7866755,6.7431054,14.149832,19.492702,16.470015,14.503197,6.2358823,14.70371,21.654293,15.430835,4.071611,4.1232257,3.5612862,6.3459644,6.191539,9.491466,8.973,12.736928,14.315007,12.201632,12.5387335,16.955284,10.259697,8.851563,8.864735,3.6867535,5.9301147,6.158936,6.66533,5.163684,4.6791573,10.663546,12.015578,10.634972,14.912052,11.8143215
1,0.08071291,0.21850772,2.6355467,3.8662593,1.7915184,6.7108564,7.320853,2.0163858,3.8149953,3.11301,0.9998948,2.2291062,1.3694851,8.958516,15.785426,7.4545293,25.860504,33.607452,11.892125,28.818344,27.992435,8.344076,19.477282,14.123082,27.824753,59.353046,31.658958,11.006954,17.313128,23.928257,152.97412,176.93353,48.59314,74.556625,64.24888,27.39468,67.02258,43.117546,14.52556,26.732197,12.506717,1.5898359,2.341169,6.1824646,32.38612,33.44241,24.634035,78.56559,60.411934,20.933874,45.01657,25.585268,17.337503,28.671509,12.105081,25.103765,30.785076,10.447227,26.449503,24.28863,22.995117,64.28821,43.895046,59.686794,119.27983,59.7855,45.567894,66.70501,23.695103,13.57987,14.799577,9.911687,33.64126,27.454288,14.371111,34.234486,20.722372,51.216675,90.14295,39.48383,10.744054,14.125595,17.65625,81.741455,79.39927,15.084502,3.0485382,1.7332175,20.83922,44.542202,23.74433,1.7923272,3.0293512,9.943894,65.87708,76.16851,19.527517,8.387785,7.0662017,1.1781737,1.1855073,0.85908175,25.756271,48.309235,22.68617,23.944643,33.06155,13.388871,42.596317,43.84125,12.378568,27.812212,21.373396,48.74109,111.172935,63.175407,2.7282312,3.2470713,2.0950243,12.213151,14.974184,4.2405214,3.378005,3.11346,7.743421,21.875109,14.937662,21.412672,42.804626,21.393076,5.893953,8.667933,5.0267477,23.837357,26.034117,10.902548,33.012497,26.91591,5.3898134,10.128415,6.1392584,22.310696,39.261005,18.001226,45.56093,59.250347,18.52697,24.281786,23.505716,8.399478,21.546202,15.628519,7.2622943,15.152669,8.0876,4.8436675,7.542138,5.9136915,34.21373,39.597664,13.773041,37.504055,32.40564,5.4023113,6.435658,4.101819,15.210775,28.53344,13.354794,1.7223681,2.375716,2.3986616,11.919059,12.2716055,2.7489145,3.2505555,2.5193279,17.130247,39.13392,22.24931,11.147169,18.382938,7.5610585,6.1492796,7.5426807,2.5431488,6.355699,5.8317213,4.3699436,12.107336,8.264209,31.625671,63.26415
1,0.40695068,1.2288498,10.707547,14.128439,4.4513316,4.0733747,3.6011012,2.3986244,5.590056,3.3170607,5.9565907,9.138568,3.4256935,0.5325652,1.0295341,13.539694,38.883263,26.868658,28.452791,51.084686,22.936749,3.15221,3.7287092,3.8773785,13.291787,10.698061,1.384262,0.64956874,0.34297705,0.37497684,0.70428026,4.116584,18.335794,17.207386,28.345037,71.78991,45.22515,118.589676,193.26532,77.66753,19.178799,20.604572,6.783079,14.77827,10.807606,11.569265,22.062534,10.848526,18.977327,24.029903,11.509514,34.781715,29.635397,18.93999,41.84119,24.091448,52.992992,78.24713,27.966497,11.10739,10.831188,2.7016284,4.40855,2.9352057,3.2677088,5.6473165,2.9600065,11.36899,13.14214,16.912859,55.354813,42.906418,76.46333,155.755,79.60932,44.803432,60.059464,19.163935,12.141465,10.889023,12.897186,31.057444,18.742151,21.784367,34.069454,13.530118,18.43455,19.32058,6.5958056,14.842472,10.443454,8.141965,14.942246,8.275184,35.73786,43.558186,12.085878,6.0965495,4.894031,5.1051927,11.059131,6.0755486,9.688302,13.755142,5.3049974,11.307547,10.789161,10.319381,26.344099,17.143286,69.64557,115.754974,47.528034,7.827341,8.392897,2.254981,3.350871,2.4848912,3.3878741,6.6272416,3.2583253,3.147294,4.065556,2.6934965,9.449176,8.203481,2.5197425,5.0529723,3.2677078,20.143307,30.353958,12.145761,26.056402,26.278425,6.590635,10.605864,7.1870074,8.450626,14.882938,6.5752954,4.193191,4.940713,4.1621404,13.670376,10.799793,8.880986,18.3141,10.081688,34.612133,47.30041,15.370004,6.566301,5.963579,10.159304,25.163794,15.452757,8.846457,14.058019,6.232756,15.999909,17.090569,4.16491,4.814811,3.445264,3.772176,7.074176,3.5757601,10.958828,13.624298,5.3535004,14.080912,11.764023,2.594989,4.437104,2.462306,0.8831218,1.2754743,0.48760605,0.9781653,1.023423,6.5434313,17.483444,11.397078,8.942248,15.109272,6.808009,16.253664,18.355555,5.5666327,10.442167,7.938754,14.15269,28.231049
1,0.028432038,0.038352147,0.24102859,0.45124695,0.9093751,13.884098,21.358952,8.010398,0.71164685,0.7547771,1.1758509,8.29742,9.968812,3.3387341,11.366091,12.066532,3.8345912,12.166289,11.448113,4.3995533,14.320587,12.064507,19.092781,59.515476,43.854084,4.862957,5.861469,3.9061816,33.41853,76.880005,43.928852,4.8320074,9.314927,4.673493,11.98675,20.976078,9.124743,7.5099497,11.546902,4.4355555,10.394067,14.107525,4.898943,14.34702,17.206936,4.703052,4.993675,5.2871284,2.2370834,8.602562,8.291062,16.041906,59.42393,49.52307,7.7685637,11.965946,8.785862,8.971003,23.85832,15.500688,1.3495967,2.0473385,1.170041,23.46916,46.93698,23.46652,6.049821,10.589422,4.605357,3.7667422,5.796613,2.3826182,10.150145,13.78395,4.8695226,15.499207,18.59286,5.072834,5.134965,5.527243,8.120661,36.232433,34.0978,6.287904,6.217992,5.138427,7.3090568,22.67893,16.715305,2.8249018,6.0248685,3.944977,19.048306,43.80163,25.029205,3.4234886,6.693663,3.3452053,4.444168,7.780233,3.4092565,6.1434474,9.450558,4.2896767,23.692232,32.15616,10.340878,6.624256,7.909762,4.122475,19.629076,20.852833,4.6501594,1.2978222,1.3884239,7.893604,29.304829,24.427843,4.2585025,8.328971,6.1225286,3.4890277,9.190603,5.970645,1.18218,2.586986,1.4763418,3.3327553,6.668137,3.340436,5.921157,10.358178,4.6160245,14.697249,22.612263,8.488788,2.8764343,3.8631203,1.2552812,1.7640624,2.1154656,0.62030816,1.414125,1.5568358,3.1206894,13.982866,13.166865,3.3818116,9.174746,7.634059,1.0563444,0.19943638,0.11008342,1.1690794,3.1134026,2.0242093,1.518859,3.4766026,1.9865687,3.1271017,6.250158,3.1313953,4.828843,8.450886,3.6751459,2.117307,3.2483995,1.2824051,3.7732625,5.1277018,1.8635935,6.610722,7.931103,2.1982856,3.132971,3.3197803,1.2581375,4.6395793,4.364369,2.2521229,7.802508,6.503735,0.9762529,1.1789563,0.86988586,1.9821097,5.279461,3.4310694,3.110289,7.127897,4.0734425,3.6807542,7.353288
1,0.071271844,0.117703855,0.5183646,6.011576,8.591166,2.9639528,2.1719997,11.58839,12.052839,2.597155,2.6460226,8.498888,6.449226,0.7241644,8.733218,19.093021,10.4209,0.8182904,12.714624,19.708424,7.4549685,0.9525219,5.437243,6.118161,1.5530221,4.3833027,15.940313,13.091424,1.764058,5.6588964,13.549603,8.055381,1.6430489,39.01445,65.665115,27.624338,18.323631,137.00142,166.82341,45.92008,26.679981,107.99287,95.94468,15.309666,13.768855,35.622307,23.004059,1.479035,15.403746,28.231089,12.920873,2.5463433,23.281136,30.680864,9.497974,6.407772,29.557203,28.43215,5.3156753,8.980704,26.193417,18.33058,1.5622816,16.686165,33.38537,16.689932,0.6046178,6.9981747,9.990077,3.7090232,9.235781,49.609455,51.58589,11.135121,12.740259,41.01201,31.133757,3.6521587,74.8139,163.67252,89.275215,1.8705467,9.347747,14.452531,5.508784,3.308249,20.661291,23.243517,5.703241,5.0662766,18.205467,14.959293,1.9939933,0.91579586,2.0220628,1.2183113,1.0983396,26.814991,45.16839,18.81613,3.216139,23.62553,28.757416,7.906743,1.4264207,4.826855,4.2834244,0.79545903,7.524441,19.888744,12.833402,0.8769426,15.946613,29.221548,13.493518,8.709521,80.04624,105.52128,32.46159,4.367058,15.539545,14.901108,2.783666,1.802391,5.156449,3.6025386,0.3140803,0.18079785,0.3324634,0.39176214,1.7821547,20.95592,29.926105,10.292154,5.712668,30.354132,31.580652,6.7910976,8.264104,26.750898,20.287817,2.2082558,5.703064,12.468319,6.7946806,0.3396588,4.7932267,7.4365826,2.8457778,2.954141,18.565924,20.878296,5.2077346,9.4461975,34.22786,28.123684,3.765283,11.45963,27.488724,16.318182,0.69235164,4.636424,7.796237,3.2541156,0.7518621,5.5296535,6.729867,2.069233,7.412506,30.367603,26.992958,4.3079424,5.0150275,13.087922,8.446341,0.6248453,16.122658,29.559742,13.511982,0.34055248,2.0590687,2.713597,0.86410725,1.7642703,8.236744,7.9171495,1.4988678,3.4208288,9.964973,6.976839,0.5941043,4.3896875,8.78108
1,0.8030698,4.2917867,6.4923716,11.847146,11.158778,4.8456607,8.840157,15.198046,23.795906,29.946129,42.302826,35.780346,15.396575,10.831875,10.709718,9.927071,9.860829,2.383802,3.598783,7.4384303,10.449672,22.078772,84.75212,83.38669,27.637465,15.938132,6.521766,15.82251,20.653635,27.322983,31.032738,49.436977,46.31936,58.052246,57.132313,59.53458,20.2682,11.300756,2.249102,20.372885,29.87767,12.525674,7.464878,8.062839,11.641132,19.48805,9.88679,4.335761,1.7407795,3.8424134,9.581266,15.911325,25.597597,31.792112,36.59342,37.46466,42.14486,68.35647,39.52522,14.385547,9.395639,19.931503,56.470673,41.440746,4.382225,1.7344357,7.1979957,32.176907,30.478956,6.0829506,12.026276,21.137917,9.3315,1.1219848,3.8541157,11.495178,25.988134,16.051651,9.544568,34.140278,37.367973,14.114911,10.638084,13.742094,46.171494,64.43874,21.747435,5.6436386,15.184523,25.800268,43.484295,23.43601,17.677952,34.194252,31.55682,24.633568,18.340025,18.205856,9.320459,7.5597453,13.272628,11.863356,12.179685,7.097587,4.5692596,11.148629,16.30938,34.813873,24.657866,4.9362397,9.317852,12.479572,16.673576,15.296292,10.274821,25.053513,41.577877,23.95112,21.401476,37.155834,30.232576,4.2879524,5.4193053,8.123901,3.3833835,2.7545667,6.89768,5.1621823,2.2258399,2.4065871,2.9189882,1.5224755,4.365395,11.418266,7.5286274,1.4854689,4.2536383,7.0311546,18.803888,16.040762,4.318348,18.81292,29.583994,11.896071,4.119125,6.483859,5.467994,5.0078087,5.23093,7.0233226,14.846613,16.110115,20.026243,14.115634,7.923409,9.807148,11.679498,7.1292844,6.2707887,7.0182185,4.996149,4.496677,6.1678715,8.231843,16.344595,13.004997,4.976256,2.7324576,1.4239333,2.6291811,2.6846793,1.7502708,7.58843,14.416278,11.081187,11.393416,7.7059674,7.0312767,8.115625,6.539743,7.158489,7.8864255,8.552197,2.2754378,3.1110551,6.9917045,3.9896495,1.527202,7.071761,7.5008903,2.8046439,2.910995,4.786863
1,0.2039143,0.4437624,13.164514,30.52138,17.5984,5.027078,13.596315,9.078619,13.410597,43.249157,32.649746,4.5932775,11.851328,10.197388,7.849804,36.961365,36.172028,7.508151,16.717873,18.618057,4.5941916,9.581641,12.178392,6.1588054,62.639706,90.632835,31.778524,78.02936,129.32477,52.896015,4.291691,7.005937,3.3476431,9.977616,22.019722,12.120437,15.720321,40.47772,25.675808,25.62758,77.96178,56.291348,16.527756,56.82152,46.812565,6.324642,4.087556,3.7259915,3.2667937,18.077711,19.307705,10.542113,71.241615,86.50303,24.136562,44.805347,62.012424,20.364155,5.887824,8.946166,3.5369296,32.958088,59.91441,27.147806,5.412858,11.302166,6.254289,51.227917,125.229774,75.56066,9.498336,25.34767,17.521996,3.09791,9.369431,7.509017,12.556434,52.147118,46.818626,11.491701,44.181427,45.14907,9.420958,5.2435555,5.946022,1.647799,5.5183578,7.3027105,2.7571523,22.268398,33.71416,12.424991,33.33724,57.813225,24.906733,42.803562,85.62358,42.808517,1.2212867,2.8312838,1.8007466,12.998403,35.36935,23.386559,17.207817,55.201725,41.674374,5.45834,12.539074,10.74574,3.0466611,12.320092,12.077017,3.2430246,14.178746,15.775686,3.7986634,1.2596456,1.6483071,3.5850768,43.78923,63.37436,22.093649,26.238386,43.453568,17.772738,5.6578083,10.715922,5.1222916,26.190485,57.803387,31.78669,4.328704,10.968389,6.9976783,10.939565,33.28922,24.041288,2.2707717,0.72509426,0.51107776,0.42422664,1.811665,1.794055,4.1825123,23.518862,25.082298,7.0386863,31.05175,37.71035,10.379058,9.308135,12.826689,4.283354,12.614908,19.969883,7.760108,13.462959,24.479645,11.092838,11.243544,23.603268,12.382474,10.593108,25.887848,15.621299,2.864588,7.957331,5.516942,5.6935062,19.444519,15.3299265,4.4821725,16.897243,15.176621,2.4674838,0.5243065,0.38154024,0.31211454,2.0057313,2.3309202,1.014176,7.5496106,10.006019,3.117246,5.4341583,8.205194,3.0641167,14.540043,25.235846,10.870385,8.955927,17.91235
1,4.512531,6.4974847,9.8179865,13.03406,11.237063,7.653566,8.99582,16.104887,11.7526,13.83105,12.203114,5.8921924,5.3830166,9.074454,11.689071,8.849944,9.933177,5.7233443,5.4413958,17.484507,19.055866,10.727033,7.3557005,7.2181735,9.953037,11.425962,18.023918,23.30804,36.2886,34.49748,18.335089,77.62869,152.85925,118.53874,126.29513,81.30364,76.15581,35.20042,20.580484,23.003187,15.450677,15.523961,12.737896,7.6462436,10.124655,14.737973,12.165271,14.332645,13.536635,9.7896595,7.390639,12.1314535,22.895687,19.05143,8.933491,6.323707,3.6262183,6.874481,8.064686,7.786525,11.464786,16.658623,40.73344,40.01835,42.520992,97.34113,136.37656,60.800648,67.253204,64.12998,26.84512,10.893901,10.713085,10.510702,11.280947,11.607142,6.364547,13.916218,28.288347,26.842884,14.872815,11.184137,15.67769,10.273356,13.196734,13.396826,11.367605,11.440762,17.45074,14.537519,16.938362,16.567032,9.473911,16.657179,37.75119,28.698616,27.464195,39.5875,63.34533,53.826664,48.893948,58.15373,54.637352,32.03959,26.586695,14.870888,5.967621,6.6258206,4.7414308,14.321439,21.674225,19.550713,23.591206,17.671026,14.162766,14.868062,8.5349045,6.387592,12.598587,10.335609,12.455037,14.542889,8.216805,10.047734,13.012207,12.5152,10.449733,16.569792,31.13292,17.531136,14.351325,24.582327,25.518932,25.473,52.05173,36.664555,11.951196,10.597721,12.62162,7.114616,7.2083635,10.618397,11.067411,13.094467,22.098265,16.268953,7.6136627,4.049288,13.633877,12.557592,3.2002876,4.218515,5.0796633,8.185768,6.486637,6.8367014,13.3160515,11.635635,4.630785,8.374627,13.738881,10.669345,9.577213,5.904784,7.2523775,8.020227,18.231451,20.835806,19.708242,16.44754,19.697704,7.435492,4.325093,10.875491,8.779787,5.3302503,8.69488,6.813033,11.266965,12.9870405,11.961941,10.916746,5.875909,8.097621,13.416497,9.899421,3.3226557,1.4639207,2.915658,4.2431455,9.274914,6.5044775,3.1722345
1,4.1002526,9.666688,17.85047,26.0269,16.29514,16.39339,19.417154,10.03832,8.523228,9.622901,11.455573,25.642317,30.120825,28.105047,14.21459,7.7237973,12.294874,17.576263,16.685492,15.385458,14.844753,20.987244,28.378176,39.412193,25.38259,17.944332,24.765886,12.0436735,2.6484027,4.6347737,6.3468375,26.79094,42.013927,53.396877,37.81807,21.07825,25.75134,45.578175,46.163902,18.495573,22.333006,19.844585,9.961028,11.392151,9.420194,8.670376,16.433895,12.081505,8.558994,12.392984,11.000806,8.897937,6.717498,26.584171,25.525179,18.077938,27.704622,26.208391,25.173988,32.07678,24.976383,19.27169,19.79708,11.250595,23.730759,45.187115,37.2479,27.80288,11.804753,4.5728574,9.821407,15.751374,22.089125,16.493574,17.749468,32.51478,31.34161,28.080746,19.928349,17.470695,24.436707,33.01812,18.04532,10.8146515,14.3391695,32.86503,22.767881,12.277058,17.511515,43.151363,43.224163,17.763187,15.373794,12.915587,10.18394,19.26856,17.199078,18.735474,34.31416,21.623709,5.6548166,11.955087,7.0113373,4.16357,6.4429803,11.860339,17.141695,21.889303,10.73605,8.682626,10.508571,12.513625,16.119686,19.909433,24.792345,13.212413,7.1825614,14.175489,24.915598,20.775496,6.735906,11.871605,16.356796,18.55195,8.324246,5.389433,10.195957,19.50864,11.019096,13.389803,23.884193,26.315338,22.789078,16.185467,9.077634,5.7154636,3.9118118,3.2530456,3.6948442,5.8878727,10.18559,16.022013,15.653204,10.349026,15.181207,12.555344,5.2066293,4.0347295,14.937359,19.200905,9.28031,31.608095,35.240685,12.396429,10.748814,12.852257,16.677198,20.540098,16.614517,7.7126803,5.4192257,7.072094,8.93232,10.303144,12.438049,12.014316,3.554005,2.412051,6.650988,11.042033,6.9055257,4.160809,1.1976681,2.808444,11.769583,14.879747,7.277866,21.393253,23.200792,7.3459535,5.9078436,5.2905974,3.5093222,6.7036943,7.503248,8.264464,8.068082,11.632745,13.355164,8.029392,12.123942,13.410889,11.635496
1,0.7584729,7.3487353,19.357319,12.694061,5.8217616,4.829856,1.6117781,1.5406122,1.0257,1.3420397,9.6611395,16.902718,8.988133,12.098435,9.555149,20.3555,16.988487,35.37968,33.38175,25.652285,30.062965,20.822151,29.660822,11.531192,5.8965726,22.760294,60.071217,47.809822,101.09162,84.17849,15.383507,12.013545,46.49515,62.989334,53.319626,86.83032,45.336246,58.78107,34.013832,15.601357,15.237717,44.780396,42.339653,29.475218,34.09868,18.399445,24.730106,10.494281,10.076484,5.338585,4.595359,19.45312,71.4482,59.54773,10.594811,8.9298725,52.488667,71.19914,46.027393,70.478775,31.02097,10.939314,21.175865,63.583145,48.8058,64.747536,61.332924,52.305325,61.296688,24.45324,27.489408,11.239001,8.676043,7.105757,15.161743,10.280514,10.686768,11.134305,38.544647,40.958538,9.490127,3.730523,7.8973117,13.625203,8.092574,12.826152,7.3926525,2.6586304,6.976432,30.198044,28.78072,36.13045,43.119408,60.48824,91.55172,42.551353,49.599224,27.155869,30.294228,20.77764,25.603733,21.667372,23.236204,24.568874,18.428165,23.983208,10.848379,13.58071,5.9424334,1.8065202,9.175099,28.563643,21.608318,23.30694,21.941204,15.165921,17.660799,8.913173,11.530116,7.050854,11.043099,21.53187,55.343662,36.250206,15.578421,14.173519,35.00503,37.183826,16.550459,19.631453,7.807322,8.049949,10.432797,22.704151,13.149369,7.080781,9.464919,36.006893,33.89117,9.24305,8.525178,2.3723023,0.97993076,1.9130538,3.798952,10.04582,26.365305,17.174963,3.3350637,4.70229,21.886566,23.247656,5.9828534,4.0962505,20.42277,35.709396,19.87205,28.950386,17.213398,15.576648,11.84611,12.655758,11.873759,4.7312245,5.073819,6.459138,9.684658,7.046213,11.995083,7.8122163,13.537734,9.910607,17.383135,14.494096,2.810412,2.107371,1.4339145,1.854667,6.216179,10.842383,4.957301,3.6742358,4.1850095,11.258303,8.295121,1.2882649,0.9580861,0.79641527,1.595077,20.578733,31.649942,17.182987,25.142021
1,1.5548706,3.3239577,9.616507,8.391423,4.885632,5.8200164,4.5794034,5.020283,10.382509,7.751591,2.9014242,7.620405,12.098164,12.942348,19.318995,13.971061,5.222947,2.3847964,4.406385,6.9763308,8.3587675,8.5166445,16.485868,20.695063,17.59616,23.558384,54.86726,70.556915,113.19828,98.83975,41.445137,49.442894,19.52034,11.813908,8.281899,14.008787,16.580574,21.21541,33.27823,22.546816,48.631744,69.941154,63.890793,33.94292,16.418581,27.626501,15.107426,4.6579003,6.9990315,7.089413,2.1753497,10.691014,27.154766,25.815565,48.642864,73.90547,75.78417,30.917831,21.067364,38.92963,30.880463,15.805338,19.87701,27.459322,18.37315,11.674475,24.65875,39.8092,41.730953,56.354504,88.79416,40.960926,31.984503,27.874184,14.566237,8.963643,11.283744,7.38359,5.648398,7.4209933,8.4397545,11.063609,14.436941,19.011454,35.18427,22.935,18.210913,17.981028,8.051042,9.40703,7.3103585,16.601376,38.08284,36.31429,19.194567,41.694958,76.97457,39.77481,28.284462,25.269989,28.629766,37.1576,15.267453,11.714504,23.735285,18.640799,7.1856112,9.774693,14.4997,10.341239,5.2221527,8.313396,7.3340144,8.115836,11.7961445,6.3768854,9.094148,6.246367,12.526046,12.97603,17.114235,28.946993,18.044798,22.57859,48.103985,46.82353,24.757463,14.863095,14.835024,18.593987,12.362164,12.362313,19.60542,22.804314,17.310957,7.247562,4.6344786,12.869658,16.631033,14.463175,4.6070943,4.070079,9.601532,7.5087504,8.2906275,8.701866,9.468387,18.93268,21.289669,18.467102,12.410768,11.055017,14.895582,14.067522,9.239223,14.052306,10.662208,4.126692,3.4911752,7.4690113,13.084756,14.942219,17.48979,12.813068,2.6264074,10.193482,18.737751,16.85174,10.023648,4.796053,10.018606,12.051826,3.577462,2.0283906,2.5090601,9.092976,11.708598,10.214837,5.0459538,2.5469868,4.3027825,5.4951587,6.834745,6.09249,4.132025,5.4131002,3.2359502,6.2802687,13.291689,14.561637,12.47594,10.6567,5.5922413
1,3.881704,2.9116998,4.559728,5.3759613,6.077565,10.685821,9.564599,7.893803,8.644088,9.232846,12.533102,13.452004,10.478731,21.580832,33.147022,25.632368,18.67778,13.674842,13.986763,10.213815,12.334742,9.532358,10.453278,17.974249,20.549185,26.52,29.59761,53.756783,82.66815,61.93936,79.97852,56.85501,21.63457,48.650093,39.21081,27.518639,24.256298,25.79805,36.116196,25.99929,29.345755,27.184599,18.960896,32.53058,41.850746,24.666386,16.161201,21.065031,12.114292,10.0120945,11.578113,14.300742,18.19013,12.85448,21.146147,20.609066,25.355467,35.769333,49.22876,48.723892,37.56228,49.00981,43.365986,49.48957,36.627735,20.482393,26.420408,21.703083,20.808348,24.169168,29.637787,25.134209,25.829685,33.129734,31.242662,24.238058,20.030224,29.57648,17.643572,10.630761,11.473393,9.619606,8.024155,8.159993,10.451658,15.900751,24.310062,33.703747,29.018953,18.087782,23.330788,28.488989,30.878075,30.544144,24.709957,19.400278,18.861267,27.957935,19.547808,12.364517,27.783888,29.459631,24.893078,14.893685,9.983593,18.367594,26.525097,26.163475,24.483257,12.446177,5.8057384,5.7655916,6.4841075,11.815656,12.660817,17.263586,17.262932,9.599619,5.2521677,11.871664,26.236855,21.58915,13.274662,17.594202,21.093012,15.936096,17.10218,18.251553,19.802555,15.94916,12.986309,14.981881,13.354343,15.201461,15.850156,11.4863615,17.193985,17.308416,17.01944,14.690935,9.158693,12.394194,7.555499,9.545243,11.41462,9.500647,7.257946,8.612781,9.407244,9.235586,11.1960335,14.093033,13.82773,15.292785,13.337418,5.6876554,7.8548393,9.401388,10.256023,12.757976,9.807241,11.146775,8.357145,10.944366,11.794341,6.03515,7.5561023,12.333699,7.121327,3.2916176,5.5135994,6.488141,5.9519506,6.46183,6.585262,7.8954153,7.086255,9.683294,5.846717,4.941384,8.596913,12.3038025,10.189811,6.5881867,6.9575186,7.0094066,3.4653335,4.335666,5.406687,10.309719,10.784978,11.7176695,9.819858
1,15.166737,15.926323,10.037488,5.6918983,12.937889,15.125664,8.898515,10.63902,15.164945,15.792176,9.369571,5.806134,10.647077,8.387697,6.1240373,7.668056,11.285258,6.686923,8.336383,9.738202,15.072032,20.155281,25.063251,26.859474,11.705884,13.153644,19.00871,20.14549,15.25332,11.810432,13.425055,25.629335,20.484558,57.793232,90.02775,59.81264,49.836967,31.25879,32.31525,27.906097,28.841131,26.08973,20.898815,8.193776,21.057615,15.42607,10.958723,11.273959,17.946095,16.05338,20.843552,17.719362,15.220498,26.820301,28.98964,9.9466915,6.541627,13.05381,14.568784,18.625961,19.646135,34.88592,51.479565,37.613644,20.607216,28.189693,18.570072,21.267012,34.219837,45.36484,58.735744,47.6258,33.144947,46.636673,35.668274,15.394904,10.9494915,15.449796,36.695618,25.013435,13.617644,26.70002,30.743399,19.43163,19.127062,24.922916,24.492214,24.555878,19.763943,14.969302,22.50292,19.742485,14.3083515,9.837561,8.683813,20.45577,25.662361,20.53738,16.4407,11.512942,10.158176,25.621286,30.42767,18.273026,31.93394,34.27748,17.509195,9.210196,16.904531,21.90592,15.876833,17.669498,18.697903,12.712459,8.207971,11.385316,7.7728167,13.707854,16.71063,22.327843,22.847382,6.021986,6.947904,10.672835,11.617998,15.29527,13.148728,9.64921,8.515744,7.5077605,3.726796,5.6423106,8.2030525,8.537694,12.309547,14.921542,22.120457,20.941877,10.533076,7.7745605,9.743847,19.55069,16.733528,27.335888,30.351639,20.526976,17.267145,8.155619,10.920659,13.331215,8.656007,9.134717,10.385976,16.307356,13.740042,14.931111,11.258766,8.14726,10.06398,18.22659,13.276282,8.44964,7.040166,8.293973,5.359162,3.4167411,2.950053,1.1472323,1.6385757,3.6111333,6.183542,5.16166,7.041461,7.8949776,4.6785407,8.418399,15.790995,12.556373,9.139255,12.876521,9.0811205,5.485678,7.0275826,8.872433,6.9630356,2.128536,5.2966948,5.485062,4.043763,6.982626,7.2812443,8.33157,9.191456
1,2.6368132,7.898901,8.0550995,7.799206,6.8995023,4.300457,6.550953,13.311301,9.823086,7.4406466,11.903998,7.3624496,6.4594994,14.298229,13.22345,19.54278,29.853786,19.89322,24.280855,19.985773,11.782222,7.2254148,5.692558,11.25336,16.48053,23.769133,16.685966,13.053502,19.218529,25.16567,14.582566,17.067995,19.864197,21.81572,28.718552,75.475204,129.73567,89.57708,22.775593,7.990925,18.727125,22.140669,16.93169,13.4094925,7.279065,17.478767,15.018885,11.497973,12.986581,9.969214,8.266212,23.281147,32.10464,23.42969,35.41125,19.423151,24.54007,19.614403,8.797733,6.939504,16.190441,21.575697,28.248102,18.975586,16.2467,20.324179,25.926449,26.388042,15.732774,37.040314,56.043087,55.848793,86.30452,77.70875,21.403572,13.594616,17.027384,17.691483,10.04298,5.3243737,10.021336,13.352513,16.334644,14.200512,11.876486,14.135214,13.210748,12.832442,28.150444,31.386356,29.056644,12.182474,2.4646125,3.627621,8.241305,9.766897,18.966946,18.339172,14.496064,6.806669,6.8533316,24.24135,33.585068,18.656225,13.147444,39.5905,52.019924,19.502705,39.636555,51.333084,26.58561,18.187862,19.059164,12.765197,14.557111,12.564798,4.6891437,5.3513446,14.714296,19.02076,17.997864,14.795018,12.70323,13.080629,16.537355,16.077623,21.44225,16.750988,10.684505,9.8888035,13.178523,10.710299,9.714047,14.830467,14.930338,9.173548,18.485407,22.025793,10.105084,10.931325,14.286824,26.073128,31.41251,17.48764,25.602575,26.377827,18.008057,16.518303,9.165056,11.29256,9.085027,5.4798613,8.266196,7.24256,7.4940567,8.417437,8.95873,14.961135,15.310587,15.275549,10.863985,6.924652,12.224166,12.247225,7.3940325,4.9161453,6.6505303,6.316829,4.738588,8.954576,9.5827055,8.686796,13.280852,9.398192,6.2231197,8.065635,7.94603,7.7961187,22.932276,20.869312,10.032306,16.126478,21.63985,13.484232,7.342286,9.055512,12.21305,8.371598,5.306392,6.7988567,10.7242365,8.07181,3.3123283
1,9.77217,14.477989,21.910809,13.84278,17.076782,19.88898,14.138056,10.314502,11.735996,11.585854,10.509011,10.224273,12.08785,19.5116,23.853218,12.451404,19.710154,24.212503,20.068203,19.977907,14.735143,24.139053,19.68957,11.455379,15.72673,25.11591,21.27245,9.517682,9.30206,4.5360966,12.040846,17.07736,6.1473093,10.208551,52.307236,101.83636,70.56912,32.099876,11.033017,5.9714813,17.619665,22.423338,20.376627,17.308651,24.519302,23.344965,18.040724,21.87526,11.784933,20.753489,24.91618,11.878803,7.3695602,8.195019,4.1846256,1.5446594,2.292635,6.081731,13.96662,13.705739,35.33554,33.65264,15.122036,16.194397,7.1647997,7.3797326,29.129381,43.407913,27.053259,38.055904,41.371758,62.118343,45.0262,23.50646,31.470465,24.121384,19.523302,18.091072,9.093636,1.6117595,1.4823296,11.855754,15.101739,5.0514884,5.073663,15.226148,25.477434,24.882896,41.564465,28.284113,15.527835,16.676188,11.982433,20.241514,22.522346,17.09655,13.54264,10.625847,5.0190544,9.567449,15.761266,21.708279,26.443243,21.684118,31.35101,23.082829,42.658302,41.857746,26.631252,23.222984,40.895126,32.317886,9.972383,1.9787871,3.195717,3.9456027,7.296729,12.095516,11.942468,8.951074,15.532349,16.461193,11.3591175,9.083157,18.167091,18.068993,25.621107,20.14665,20.6982,25.389479,23.500856,15.7042885,10.351065,11.55842,10.633752,11.783602,11.890226,13.554916,9.163215,20.598585,31.996632,19.74459,10.336254,18.580006,14.47136,17.024624,13.395186,4.1580133,8.862188,8.973225,7.356493,11.63073,10.882545,3.5466294,4.8579335,8.18686,8.942447,10.333594,9.596855,16.508362,16.189604,12.406548,9.846294,8.122616,9.4569025,12.12257,10.268751,4.663312,3.8268871,7.277858,7.983564,4.2772684,4.717461,6.4913654,15.175167,20.764662,12.143648,15.802445,16.499292,10.371197,4.6347013,4.9709344,5.004406,4.5643444,6.939086,10.741561,10.302065,8.380823,13.188353,12.237422,8.750971,6.295617,10.721645
1,0.05424328,0.08655463,0.349598,6.1041417,9.687965,3.7682893,0.78261054,6.3602357,8.100961,2.4627175,4.764912,25.009844,25.681574,5.403617,3.3375912,11.937844,9.906574,1.3534006,2.018584,5.523381,3.681887,0.26682484,0.46358663,0.96815586,0.5537237,0.6628607,15.041753,25.277702,10.660402,11.097648,107.827675,144.87976,45.780823,7.020958,33.499214,36.309658,8.327283,2.3170166,8.280825,7.244516,1.302348,9.336644,27.532717,19.391438,1.8029728,23.111677,52.225784,29.383825,0.9769357,20.693987,36.78652,16.268383,0.47937486,2.154604,3.062557,1.8330904,8.940395,58.058052,66.38066,16.776312,22.090126,96.06289,88.642975,15.365227,19.741314,61.88069,46.071964,4.745123,7.554694,18.099361,10.779785,0.51086885,15.439111,29.098892,13.714461,2.7679586,38.634113,57.942627,21.106987,5.188079,36.602512,44.150673,11.969686,1.4434477,3.0823567,3.0170188,1.9394293,19.136587,65.28436,51.30093,6.1754503,18.025002,46.323494,29.1952,1.6500156,22.034605,44.04207,22.023018,0.5561526,9.876174,15.662125,6.0924497,0.34350586,1.1944387,1.5202106,0.7991451,4.4400296,23.310543,23.93184,5.2856727,14.640317,53.872974,44.680653,6.0919285,1.2152271,1.5727258,1.0422201,0.4559948,33.526127,71.24518,37.80549,0.6329399,9.147021,15.3543625,6.380002,2.41213,23.359608,31.389303,9.913465,2.5888164,14.340788,15.521829,3.6022077,3.825017,15.142979,13.258429,2.079841,6.0916586,17.947107,12.640032,1.2246476,19.916159,45.014423,25.320969,0.6981635,0.5524554,0.95621717,0.6958669,2.8076653,32.292652,45.82799,15.575415,3.982267,24.624329,28.153337,7.0363026,2.4714782,10.214752,9.423687,1.6432378,3.5161073,11.127928,8.276478,0.88557655,5.698594,13.710852,8.171532,0.38325876,13.478757,25.40193,11.951482,0.8018902,11.053349,16.578186,6.0288787,0.38208482,0.40966865,0.4845554,0.1947332,0.996046,4.748554,4.624204,1.4061465,11.213707,38.24874,30.05136,3.6083038,6.3147182,16.113733,10.162732,0.57525486,2.8298662,5.6523223
1,1.9421476,11.448499,37.722973,29.622147,17.04999,19.73029,18.97379,33.34269,15.216091,1.969869,5.3929086,30.923777,33.77508,11.642445,14.607833,7.470998,11.74725,7.7566133,1.995904,2.6141267,27.46183,42.27587,22.104551,37.2488,38.964737,139.2193,129.58003,44.544884,54.105938,27.723385,47.02067,28.599932,46.53815,39.961025,14.361446,17.219727,12.865397,24.106089,17.146492,41.848362,34.50106,68.15734,81.82711,22.898342,10.700226,4.9663024,2.2117717,2.0008767,7.296798,8.1679325,27.366482,46.54483,21.103828,20.605991,17.8481,60.185005,61.64796,16.680387,16.986126,7.9879727,11.863106,9.408426,26.442215,25.11664,28.280422,40.154873,59.439404,131.14526,74.5562,23.781544,20.647173,4.83947,4.828709,13.910655,28.626595,14.887936,3.3674538,3.6110342,18.028727,22.052572,27.856573,51.38016,24.406729,7.314564,5.479843,5.0750175,5.751959,29.407494,51.011974,25.48182,35.607155,28.020987,73.82995,76.81676,19.430664,16.208857,10.699647,22.308395,15.94225,36.631073,35.20912,10.414303,11.799935,9.301778,19.145245,11.925889,18.028114,16.050905,18.352316,24.576246,10.111262,13.476018,11.190673,31.591022,25.862104,9.158027,10.53396,9.97566,18.290659,9.084982,7.4121475,7.13111,28.82838,33.0322,19.935682,32.22271,14.266572,5.0280404,3.8682227,9.695641,10.252721,2.5531423,2.064251,11.705313,30.48255,19.555696,8.647389,8.356887,6.403378,9.282211,6.108024,12.177307,7.7466083,12.273102,11.139018,13.467183,18.271555,15.55714,30.80679,17.080246,16.46671,13.701679,5.1884823,6.0907054,11.817327,22.99849,11.2928705,0.44422954,2.097579,14.177875,16.519918,4.260256,0.68185276,1.1607395,3.3640637,4.329974,21.0598,22.64761,8.7624855,11.621516,6.572662,11.976635,7.9824543,8.481139,8.404968,8.7297325,13.023974,4.9653764,3.0543842,3.2515953,11.72836,10.737399,4.6979523,6.0813837,2.1448274,1.6708038,1.0937171,2.3420868,1.9787753,0.74107516,0.8869051,16.073956,32.13791
1,0.5588978,2.6680913,10.380476,9.135873,8.2300625,12.210959,5.8736544,10.783647,7.650327,17.99693,20.572527,7.281611,10.467411,7.15611,19.3439,16.940691,8.659116,12.337915,5.021677,6.3499656,7.9585204,44.464825,50.829105,12.911695,5.327425,12.369333,48.37774,42.34452,15.302738,20.673422,22.780022,58.851643,39.2568,4.9538736,4.660623,20.019308,40.02463,20.523027,19.384277,17.022137,17.34386,25.668554,9.346044,1.3164641,2.9643204,18.718668,21.393223,25.66337,50.05302,25.467752,17.446201,15.335738,17.488813,25.962076,9.469401,2.3004045,8.911717,57.574074,65.80081,16.645636,5.9288588,7.0171785,25.61566,22.402376,3.6464615,1.8430469,8.902745,24.377235,16.26763,3.1041863,3.284415,12.88981,25.746243,13.629085,17.31548,15.149224,3.6099367,4.2174954,19.397306,53.112797,35.600376,21.163197,23.978989,14.034854,25.54923,12.778325,1.8437729,1.6594318,5.354202,8.032162,5.0562305,11.457838,9.928623,40.86087,46.68326,12.582481,9.194969,4.6115737,1.8002992,1.6451627,6.211052,9.326149,8.036641,20.157043,13.636793,14.175324,16.147364,4.183978,2.1274343,1.0559777,0.15929392,0.52265495,7.1140394,10.707367,12.829564,33.763096,22.503893,2.8180332,2.6935432,18.425877,36.81459,18.424261,2.2417154,2.1550424,12.35597,18.519447,7.535594,9.074277,6.049013,0.82062256,0.8071638,0.8827672,1.719956,1.5951945,5.423987,4.831543,13.94295,20.903385,7.7989025,4.6651115,4.689216,23.29351,26.619423,6.664203,0.93598264,2.7828097,11.018518,9.647237,1.5614706,0.8444898,6.419367,17.649632,11.786132,3.742153,4.1569667,1.0847162,0.6470306,0.32323948,0.23036136,0.2575797,2.2679782,3.4067523,4.610999,12.176069,8.1259165,3.1655376,3.5674,1.692101,2.8548915,1.4576622,1.0459914,1.2608984,12.155936,18.231565,6.6784,2.508152,1.771124,4.11414,4.6950016,2.4420083,4.318309,2.3078659,3.405745,3.0189612,6.1892443,9.2523575,3.4710746,2.492132,2.245955,9.807577,11.202958,3.0913992,2.5590327
1,1.1296899,3.025444,4.494814,6.5375967,7.5561533,7.360647,5.7788935,6.579376,6.145486,3.560084,8.324684,11.837025,17.32877,18.91679,17.19257,6.596164,3.0040345,3.3373644,6.4777036,4.133851,8.759915,16.726686,8.408016,22.836311,45.891735,32.571884,45.789818,79.556755,39.783188,12.326613,24.423042,12.233386,7.7533355,15.732396,17.343285,15.581512,8.773148,37.47054,45.66343,52.364586,30.745611,19.4164,20.09252,15.957273,13.373474,9.292422,4.529014,5.1262364,10.245203,7.7734566,25.976892,50.942894,35.294144,24.634674,9.347375,13.218771,12.716299,5.164231,20.938202,20.984793,5.3387218,5.8740864,24.831022,48.530075,36.87765,35.51051,43.43473,21.62029,10.025103,19.699635,15.544422,14.323567,15.542291,9.165375,5.884118,6.3207984,8.456795,13.985105,23.081856,11.969828,4.59406,6.51579,3.536455,1.6146905,3.53342,16.167067,16.240648,5.318558,9.82683,35.30487,67.84913,35.032536,8.776035,3.4183738,1.9742527,2.0819552,5.632276,23.737204,24.047277,10.772204,20.641237,20.373209,7.186974,18.469196,19.342216,12.732772,6.2826633,1.5262926,1.7702087,8.530914,8.674895,3.7445123,3.542151,9.318963,17.672283,10.858619,17.483967,32.79923,18.647861,9.496994,7.2184772,6.2216864,6.9620953,9.8748865,16.088278,15.56475,8.864278,32.50351,34.49861,23.999416,13.109955,6.59067,4.116859,2.723115,3.1265063,5.1931996,8.238994,8.0193205,3.7883303,2.550788,3.1727753,5.3473263,8.567435,9.153119,8.550325,4.742025,2.253317,2.7795715,13.690227,13.689037,2.9624937,4.676026,10.03222,17.937283,17.921513,18.038862,17.970514,9.004289,1.6628505,0.4638528,1.6123773,6.6780066,13.032749,8.277996,5.0883446,1.2634777,2.6698213,2.659179,0.5837706,1.2483183,3.6778703,6.911585,3.720041,1.4330509,1.4666284,7.042759,7.9382887,7.6666822,7.366047,10.453349,16.512304,8.577801,3.112074,3.7366424,2.6074262,3.518264,6.060507,6.008717,6.214915,6.96022,3.535245,1.9262451,3.545561
1,8.03037,7.1944847,12.845338,13.914279,7.5744095,6.574656,8.325512,10.2376995,12.704879,20.134192,36.497967,46.471344,20.289427,9.1621895,5.825364,1.6402962,3.562411,11.596509,15.063975,21.398378,48.82693,43.515205,26.987377,19.411488,22.033966,20.209753,23.63759,21.037586,30.870165,41.168087,42.472187,71.483116,56.256073,33.643562,27.96088,10.1903,7.538441,14.059824,18.347588,18.067793,10.651229,12.37421,10.808494,7.6916437,4.3582873,6.0989,9.600804,19.159737,23.01232,25.806456,15.869716,28.031855,44.345516,20.968735,20.10186,28.601278,22.378654,24.869972,47.7423,54.807526,41.95714,14.183968,24.107767,29.007511,15.785145,25.644922,19.675953,11.956845,14.275804,17.73972,22.250103,12.738958,7.6041102,8.857239,9.407598,18.560354,19.301115,12.954851,26.63231,22.24743,17.898909,13.93778,20.71576,20.573997,13.650921,25.02483,28.794338,21.546402,31.755487,42.514927,29.836752,31.567379,18.02487,12.220402,11.370281,9.948015,14.496512,13.352471,8.679473,14.447848,9.485201,6.042137,8.042746,5.215804,8.508974,8.510872,16.796324,21.271065,11.79304,18.694048,23.075521,25.489674,18.173697,11.325664,11.112886,10.522932,7.0991354,9.647889,12.456834,16.771801,16.24959,16.19819,16.752571,17.45387,12.632285,6.3219657,6.0106735,10.841762,8.763063,7.1165905,7.59725,8.885713,6.5320597,2.4377968,5.0016904,6.4714894,3.2000167,8.368501,14.690904,15.454133,15.844265,16.544193,8.430425,11.825031,12.522719,6.4111814,7.9133167,10.016454,7.0407906,8.681823,13.120619,15.812615,12.891133,4.77415,10.308032,12.452033,8.400979,3.5970418,4.3698826,6.86704,6.0293965,10.067122,6.755279,3.7717314,6.993192,8.69382,5.568029,8.407029,8.075644,10.313279,10.419115,10.10455,12.477492,5.7787547,10.647829,11.1583395,5.0464106,8.856096,13.685273,7.2229867,4.953601,9.429608,6.8085217,5.9677796,8.952479,9.295326,8.456439,7.1844273,6.764327,6.1280646,5.0062184,5.010859,8.723492
1,10.08064,14.879678,11.788284,12.388613,12.618657,4.517565,2.507207,3.2614572,9.045804,7.354232,6.8217306,10.514299,9.623443,10.615966,32.878063,35.676075,38.560387,57.858433,74.686455,32.918987,7.3014274,10.972067,13.3189,13.914895,14.938588,8.529411,11.937425,11.370529,16.860283,18.066666,17.102293,39.206696,61.46085,74.47563,161.96588,174.10056,61.284748,71.6059,121.80255,89.413506,43.38708,49.483227,65.46239,32.14271,21.962507,52.075737,49.248905,29.800648,43.95011,74.43656,43.38716,24.980185,66.956085,66.04672,24.086193,20.706703,40.77045,22.778204,7.1468697,20.230139,30.269411,30.181925,19.340357,43.550667,32.35898,22.73989,55.934006,89.2103,95.22335,59.951923,46.828495,35.693718,91.22657,134.69965,98.31271,41.542976,26.379625,21.43974,20.73316,26.444786,9.8007965,20.6461,58.540157,48.14387,33.167854,35.00563,20.281908,11.696956,6.260477,13.7838545,67.86066,85.605515,51.636326,31.752539,41.14837,43.91386,31.703316,19.277792,25.605095,16.322258,37.160675,46.712177,47.74942,36.9104,8.788955,11.132644,28.334898,49.001434,92.91599,88.99837,39.061234,57.234127,30.67156,45.381783,47.210533,38.858345,43.603653,56.324432,23.431925,13.707307,13.788279,14.257465,13.356128,9.074156,22.060797,41.038494,37.624462,23.503538,9.879991,12.140625,15.115178,36.620182,33.45374,23.493164,39.855095,54.49925,30.074087,32.11061,20.13559,26.452805,29.897047,19.322693,30.479294,65.79432,39.587727,46.206173,47.2974,22.406658,22.92967,21.353825,29.915508,26.25226,16.16848,7.289182,10.28588,15.130886,15.646478,11.208355,26.94178,30.985666,14.420286,22.287764,15.976461,28.986822,31.918589,32.154476,34.462395,26.348377,11.94124,12.638176,12.770525,8.210531,21.151127,37.531742,18.058805,18.526833,40.543274,38.351536,8.148548,16.64938,38.98703,41.554745,27.710484,9.168798,9.307223,14.7758,12.139163,8.886104,23.026236,22.099157,15.607897,19.725382,17.919518
1,0.37242743,4.3226314,7.490486,18.231544,25.662437,11.528046,11.243382,35.97919,37.908253,27.789616,25.06767,28.505203,21.554073,5.59655,5.1948633,8.667876,11.269093,18.924532,48.171913,73.35783,30.64258,17.680193,15.131232,16.03,6.6987476,14.28189,48.439785,40.311096,21.25913,36.156704,79.17327,47.014652,2.8733206,21.323902,35.8877,15.067711,6.6308546,46.297424,56.414516,20.055368,13.288108,7.2379937,6.180514,6.088373,8.885087,20.293028,24.504581,45.604786,41.18086,59.7578,27.443556,5.169767,30.302027,39.953243,15.816866,23.853504,99.01642,95.155266,20.674685,9.762749,8.947622,6.657227,5.816647,8.177323,14.804537,15.530193,22.896515,17.387526,20.929258,9.31292,7.309948,7.9860935,8.5655365,11.419362,18.208208,49.299282,39.619892,36.024216,23.164454,3.2577696,1.635206,0.67366457,10.067376,15.712797,21.584314,28.888807,56.726032,63.021282,15.520213,7.6393456,25.976648,21.361675,4.2535872,16.070616,38.186375,23.977663,15.261731,7.619413,1.1443118,9.745757,13.932526,4.8406167,5.9286113,31.719843,34.138615,35.673717,31.110422,9.622941,14.199825,33.788185,21.92621,5.1429763,33.573772,61.316963,30.332956,18.406918,7.0045066,1.3076974,3.736285,4.198876,2.0595946,2.5661805,6.9810495,7.493315,14.323611,10.235363,4.8666368,3.3924148,3.749762,2.1386836,2.1411877,15.0623255,21.71544,26.628616,31.262117,8.746776,2.999683,9.673621,8.639614,3.2337184,8.819609,22.53155,22.420094,37.069183,20.32701,4.532472,12.378483,18.971165,7.9287615,5.0406365,15.548773,17.58584,11.710574,10.467027,2.4299028,4.50681,12.733533,8.916792,1.2465497,10.815407,21.620007,12.992292,11.975431,6.3041797,5.786546,12.236238,14.753366,5.82993,5.8051553,15.739643,14.976825,18.179869,13.711485,1.5031509,0.83085597,1.7060249,4.6012363,8.25058,3.7811983,1.2104809,10.622339,14.003392,4.376726,1.9385421,7.9961944,8.360667,11.876692,9.685077,1.6599257,9.334001,22.33564,13.28268,2.0728173
1,0.25122994,0.71378845,1.442981,2.8180602,5.128018,5.5933414,3.4602342,2.512635,3.736942,8.238989,17.763687,21.304174,6.196911,4.4534593,6.1663604,6.3956523,5.6754084,5.959292,9.662644,7.831667,10.306001,31.85011,28.906252,23.15218,17.199816,28.821745,45.440292,31.519665,23.089579,11.926936,21.44635,24.635021,28.837875,26.698736,24.096218,13.475746,26.111668,28.573305,16.428177,10.3608675,7.69611,9.701183,6.351433,3.1112285,1.3124067,7.513846,11.359246,15.979518,11.220475,4.8816814,12.23643,30.389278,44.243546,17.221884,19.728104,31.322433,14.02462,11.429628,17.335852,7.504595,10.394857,20.882597,40.53293,38.622692,11.877979,21.725737,23.408978,17.641787,9.164217,4.7360215,10.766459,6.956367,7.3566217,15.872644,11.50771,8.665245,10.553667,7.1946497,4.9652567,10.975355,9.492548,9.172277,14.7892,27.729399,39.20315,22.471216,17.036058,16.726599,17.056019,16.579681,17.276705,16.07366,18.799868,25.263132,13.437676,6.6225176,2.9240148,7.5191774,8.830254,9.433843,5.755084,7.803333,16.661303,12.264605,9.333115,6.9112425,10.6887665,12.971218,10.682921,10.399337,10.720847,5.3247285,7.3639727,11.245523,19.082958,15.919647,14.361515,31.054993,28.187897,22.159716,8.852499,4.8587656,8.220003,4.0430098,2.5491638,3.4172556,1.6895057,8.317598,16.865498,17.826807,16.228306,3.5176518,1.3295915,3.0956628,6.7487297,14.17092,16.446188,10.042376,7.5139446,6.265544,1.8421283,1.8641338,4.0543413,9.53457,11.4407215,13.325807,7.850269,6.578998,7.1263585,7.877291,7.2994385,6.7454605,2.9274724,3.5978706,6.255311,7.6832824,7.1876583,5.535283,3.6829517,4.0370593,6.192366,3.0898242,1.6728113,3.595496,2.0107038,0.9555453,1.7016878,3.0674067,6.942637,15.198774,9.6842375,3.3375485,1.4126765,1.2567137,2.6675143,6.702782,8.470794,10.21242,7.6384444,5.266768,2.8794634,8.084624,6.4476333,1.3866299,3.8396363,4.0216737,4.1491303,2.3263814,2.0892403,2.991867,2.7329383,6.786056,12.811859
1,5.5726643,12.258599,13.080192,10.544582,5.82181,4.688907,6.299735,9.865052,6.3940525,9.465854,19.628963,42.661217,36.763718,24.03387,10.590443,5.378205,3.0591476,2.582966,6.8561773,7.153856,11.419925,27.992655,89.97084,101.897285,46.736305,20.39482,12.499024,18.803709,10.633495,18.680382,22.711681,17.887346,48.090687,56.868095,60.102173,54.535942,37.221947,9.067175,14.832433,9.069811,6.9194674,12.464776,14.872283,11.447049,22.720432,59.94543,49.58976,35.16862,14.021924,30.640375,28.561712,16.072481,14.126743,11.628693,31.909897,67.35247,45.54356,58.68254,88.36915,39.346443,37.622616,47.74043,15.322568,7.2690344,8.100634,8.564364,14.248818,20.700693,24.725468,8.979266,2.1351085,7.004169,14.056412,8.906767,10.30374,14.186354,8.996369,40.32385,50.54004,31.829493,53.7093,50.37548,20.649866,43.189865,35.120228,18.981758,16.810656,9.624808,22.938982,44.30821,55.233883,43.578297,15.930173,10.673867,11.859761,12.728924,10.989079,5.4531455,3.5184915,6.304902,10.809705,10.565609,22.252419,44.642265,24.383745,16.233862,27.620102,18.457571,12.380483,8.842143,11.670067,15.117477,39.48158,67.53478,33.40487,11.007197,3.8320594,5.200491,11.030812,12.247829,6.9380693,7.9526987,8.776111,9.692526,10.343526,16.474108,18.29977,5.7918553,9.462469,13.770032,18.314638,18.468319,12.874944,5.3926177,14.232851,41.411446,42.47132,10.7588825,3.064699,2.3029788,8.019582,19.816645,17.24361,13.080688,3.974926,1.786695,16.354233,26.076168,20.135794,12.870015,5.326573,6.374516,4.0344853,2.528773,2.4728353,1.1302015,3.6819775,11.303811,24.503666,15.054958,5.001471,5.253927,8.253293,10.877713,13.165032,11.326813,7.191598,3.0415187,5.709008,21.605988,21.416412,15.19216,10.115695,13.809458,15.476648,7.1584353,3.9759293,3.58078,5.3812165,9.1875105,8.780159,8.011764,8.295579,4.8191133,3.2326279,5.9279,6.698496,9.465138,11.4940605,5.3553057,4.4283676,13.206729,25.017113
1,0.05648628,0.19170518,2.4881349,6.062921,3.8251193,1.6595842,2.7281933,8.04524,7.0919433,9.6995735,8.505255,4.9816737,5.9705257,8.577147,16.620377,18.602446,10.338232,3.2131631,5.097785,9.721242,10.984789,5.6486516,5.475845,9.8621,20.595812,19.875023,10.762852,9.541135,39.169224,109.36203,81.30129,33.9621,27.56613,33.71922,43.588463,34.06096,16.237242,15.972338,29.857483,34.348484,13.530995,4.2198987,4.519752,28.250431,45.10889,25.844994,16.178211,12.702996,9.59629,9.5839615,4.8203106,4.203647,10.992302,11.22563,9.824764,5.787086,3.3191102,11.316681,42.448463,53.932877,47.30829,36.845936,38.696846,48.224953,49.389122,38.909286,20.467573,31.162516,31.9131,14.463114,18.185139,21.233147,17.397854,28.826977,35.75496,27.914873,14.842319,15.376383,10.57486,8.654742,6.614013,1.3785833,4.702632,4.3337283,2.1577835,3.2002134,4.0088496,6.0212293,22.713488,30.982853,18.21986,9.766603,16.347746,35.39548,53.77401,30.147993,36.138588,23.107897,9.370469,12.327526,19.843199,12.985978,9.140986,17.91292,15.636977,8.951603,13.232683,12.525374,26.622124,28.002325,11.344433,12.541428,11.594846,9.27697,12.0650215,5.6229186,4.248059,6.826793,10.46431,6.68171,9.907707,5.183297,17.48814,42.289593,26.333515,16.695055,17.741835,11.564088,5.834964,9.63614,11.028608,7.241722,1.5258709,3.585234,14.534762,16.8175,7.591432,20.277014,27.033829,9.773263,8.806927,10.497371,6.2306504,5.969292,3.0758777,1.1635313,2.751461,5.2813196,3.6595843,5.3807464,3.7577906,3.3705282,11.918066,14.155621,9.621948,8.965502,9.649586,8.603042,8.506011,11.554247,14.756294,9.943941,4.664877,7.458321,12.434916,9.769903,7.1302137,10.05118,8.529111,6.7411566,11.662214,9.800118,4.8161106,1.5507373,1.9958875,2.0062547,5.223717,4.9920616,2.5601435,2.478062,2.9041722,2.493498,6.415418,7.264295,1.9217988,1.3472677,2.9409509,5.507849,7.26281,9.148456,13.607518,7.640626,3.5454578
1,0.07656072,0.12994015,0.62417436,5.3910565,6.9860225,2.0925121,0.6355467,2.362679,2.024788,0.30417588,2.3225644,5.2177777,2.9463735,1.4958895,17.874844,25.7098,8.945683,10.48709,47.913113,45.51156,8.277029,3.6358888,8.772902,5.4909477,3.0601106,56.036777,89.681465,35.23778,11.247637,61.32872,64.528946,14.331573,30.998917,89.619095,62.353474,5.211523,11.358652,20.244137,9.006109,4.407837,29.916065,34.915062,9.072444,13.583148,45.219727,34.934525,3.994929,21.567163,43.148106,21.570211,1.3565159,11.821791,15.28609,5.153812,19.976532,77.35575,66.30712,9.789849,30.12229,67.61199,37.861412,4.5272503,52.79417,75.89825,26.165947,4.0610013,16.652805,15.805087,2.9422455,13.7075405,34.907475,21.809559,1.428136,14.4421,23.11127,9.098534,3.1180308,16.936289,17.830412,3.9057617,3.9492211,11.390667,7.915778,0.72158945,8.016608,14.284836,6.7345204,12.521147,85.1052,99.29574,25.618956,5.946993,17.504576,13.493981,1.5605744,0.35792667,0.33678615,0.20297904,0.5749644,5.012747,6.4907575,1.9929404,4.1089253,15.919563,13.648033,2.0849445,24.139715,54.32783,30.422234,1.1336651,9.7493515,13.994216,4.9673486,8.063485,36.78287,34.955173,6.3982806,18.193197,46.291016,28.931227,1.7408981,14.660025,23.439045,9.210519,2.623217,14.264012,15.015181,3.3417196,9.479267,27.492825,19.11859,1.6385335,12.840098,22.940746,10.194209,2.5494523,17.27443,20.148264,5.261321,7.685122,25.503397,19.71005,2.2531655,17.510704,34.990417,17.50501,1.116024,9.717167,12.586971,3.8552291,7.6173296,29.511463,25.294832,3.7282515,12.730642,28.642807,16.03297,0.69657654,6.47965,9.320061,3.2129734,0.9665748,4.310302,4.0922027,0.88637036,9.600276,24.430449,15.267953,0.9498334,8.429164,13.489929,5.300029,0.56630874,2.7501915,2.8943317,0.7897139,6.460421,18.73066,13.029176,1.1008738,6.040315,10.788606,4.7947016,1.112529,7.52877,8.779472,2.400384,8.091756,26.943163,20.820232,2.381005,3.7959592,7.5644493
1,0.8033404,3.8364224,14.915113,13.1390705,7.702108,11.111166,9.408415,23.261847,15.790894,18.37926,20.954432,33.961517,66.99088,33.7763,19.136229,16.7859,14.303824,21.06214,9.176946,14.179308,9.591428,11.916416,13.613504,38.90106,77.587494,39.425297,26.612741,23.93022,83.654465,125.43537,45.690395,6.512498,6.4556713,32.647327,37.302986,9.527436,4.552804,20.556314,81.905396,71.967575,80.014206,118.66621,43.168755,3.799615,3.1027198,16.069103,18.378246,9.275716,16.01773,8.385646,10.248125,9.666098,53.281406,79.91864,31.272703,30.901566,20.858694,23.804823,27.171844,12.594623,21.388626,10.7404175,4.358814,5.9310355,65.421234,98.18091,41.2482,58.172962,40.17757,66.66329,76.060356,19.462107,8.001897,10.90644,40.49474,35.447285,7.841764,8.409157,15.033471,40.32485,28.031878,49.541508,56.546474,16.047184,14.892755,7.861547,9.823192,8.602006,5.311166,7.765289,3.9713287,7.820815,14.068678,85.03431,97.1754,25.783043,18.137068,9.08437,5.3504663,4.666673,4.3311596,6.419167,5.0696163,12.2852125,9.028297,24.126602,27.56164,23.465584,45.040413,24.222254,34.70732,30.387384,13.337313,18.658266,13.927909,33.20457,22.166185,9.072427,10.249912,9.263918,17.89673,18.10193,62.612625,54.779045,9.302694,6.26088,9.830193,26.36228,17.644861,11.696524,13.319378,21.520271,42.5968,23.634182,40.025715,35.018124,12.908622,17.72846,6.70429,5.346576,3.9172873,11.064081,12.64914,3.6980846,3.8148677,4.669785,17.189985,15.071323,17.010702,25.322733,12.685057,23.688864,15.940205,12.813322,14.575754,9.222929,16.870468,9.988613,21.845482,19.185337,27.902775,41.67803,16.821035,19.59877,13.109338,6.275028,7.0838103,4.7720885,8.823813,5.1803946,11.087148,9.751622,16.261269,24.318323,10.619879,15.906156,10.654734,7.826288,8.910384,2.2445414,0.75897574,5.998408,23.98356,20.985107,4.472089,4.7444105,3.9509618,9.76488,7.56568,25.815487,29.502178,7.9783797,5.9585586
1,8.453222,6.1485324,10.118506,21.27621,16.815954,8.566827,10.781679,7.8373656,8.125857,7.6517043,6.0533214,6.376028,3.605324,6.9301453,8.970575,9.012397,12.86917,27.779099,23.899134,15.323262,8.256674,6.7492595,8.816987,9.8547535,11.4366045,8.528693,11.344289,14.856043,15.402948,9.4175415,10.773466,10.741384,11.454361,16.65626,76.353966,184.16571,116.79552,25.874876,32.42536,31.985172,23.690283,18.404829,7.740661,3.20469,5.6864104,14.534848,15.440575,9.884405,9.494103,6.3681617,9.863479,16.547125,28.898258,33.252865,23.752188,10.036364,6.350065,12.217351,10.1778965,10.549663,13.3245125,8.725948,5.7362337,4.4829545,7.9422207,10.16741,21.060421,26.63036,21.41031,52.83061,132.70801,105.40598,36.6595,40.766068,42.924397,38.415874,31.337759,17.74033,15.650469,8.644703,9.196879,9.394427,12.532951,10.882299,9.922456,12.521448,16.366096,28.890142,29.93065,18.658085,14.238148,13.372985,7.6502013,7.9920397,7.750669,7.808259,7.2110105,8.3146515,9.841326,14.0329275,12.044058,18.904366,28.177692,22.140717,45.972767,73.124275,64.5947,33.588184,33.379055,33.899506,35.413017,26.075048,15.058862,9.614573,6.1565504,4.276287,4.8492537,6.24682,5.6370897,10.005038,9.196795,14.260296,17.359995,20.68257,19.956146,13.42601,13.207981,8.043299,7.6008883,12.756223,10.294888,7.9535275,6.4045615,9.626295,8.334094,8.847026,12.934809,18.158058,17.599976,34.578037,44.480343,39.328438,21.990753,30.441322,28.553612,25.12963,21.581865,14.231389,8.51571,6.34721,8.844316,6.997865,5.716809,7.229187,10.752175,9.911504,8.027141,10.980571,10.499231,13.529949,12.144149,12.406938,6.941056,5.304217,7.2425084,8.315003,9.824955,5.711682,7.8674383,7.771118,9.349151,14.083575,12.732938,14.15637,19.933176,24.40819,18.742607,14.878327,23.55217,15.521378,11.766566,12.394668,7.944943,6.2894077,4.6743913,5.4725895,4.4538603,4.904836,8.244726,7.021087,9.878018,10.81158,15.905692
1,1.8964579,4.4308076,6.2615776,6.4157414,4.823531,4.339451,4.8968167,5.582565,16.226427,37.194637,26.764105,7.6817703,7.7130694,8.788381,4.175923,3.5677056,3.8670056,9.584699,26.782944,28.608698,23.08098,14.490747,10.160507,8.286394,14.239421,18.848946,23.724316,49.403168,48.216843,41.559715,28.286764,18.212868,12.804522,20.164963,24.526192,14.881889,19.23324,22.83643,16.030842,14.101762,13.816014,9.733809,7.5489464,6.915776,7.1153316,12.205661,13.302583,15.891473,23.209387,21.731491,19.083305,16.899607,20.286243,20.206917,28.61839,25.720629,27.446688,23.77885,25.409822,25.537924,22.81738,27.15351,22.400671,22.698473,11.655081,10.359089,16.914215,15.900974,16.30096,10.031019,4.548434,8.3779,10.659036,8.230507,8.17546,10.584369,12.313974,12.574366,15.3145485,12.763411,18.770113,25.603611,14.817996,10.048336,15.524426,20.748493,17.379728,18.993849,13.606944,19.40419,22.63826,14.159985,9.781747,10.774853,15.928051,14.323785,12.81283,9.14014,7.447201,12.796905,12.281949,4.140404,6.8957224,9.47077,8.686507,9.175554,6.306697,8.418315,16.790201,14.778244,12.826244,14.152635,14.848294,11.255734,14.083582,16.931675,7.344653,8.322519,10.711727,10.7349,7.671073,13.160487,10.146905,7.589194,9.062768,7.6084948,9.421115,11.226844,6.6752295,5.945699,8.965355,7.188452,4.0630174,8.979168,8.911649,6.7841697,6.7005224,9.396645,8.021486,11.58369,13.041983,8.153655,10.1115055,7.457805,5.799515,5.6292524,6.2610865,5.194086,6.853757,9.935981,6.810634,6.762205,9.424714,6.8044076,6.0196495,5.381105,5.3310666,5.6011295,8.630265,7.3221245,8.08819,9.998595,8.702763,6.1607456,4.6808114,5.204703,5.6341133,8.776229,8.674097,6.8019214,6.507821,6.2479253,3.7832751,2.396158,3.3616679,4.765017,7.156814,6.632247,5.7829647,6.387917,6.1015186,5.8996553,3.9927583,2.5726445,2.6248386,4.7126317,7.0819397,6.0572653,6.5225654,8.937634,6.2567005,4.0033526,2.5122743
1,4.4274864,7.4155273,6.3464627,5.681007,7.166806,3.9517298,3.8243837,8.592001,10.172441,6.5655646,8.081237,10.637329,8.875532,3.7102468,10.634468,26.681086,21.963634,15.477299,16.315504,9.093454,8.361709,7.106046,7.2520633,10.00186,11.27251,40.985924,38.534958,16.93976,30.286205,74.11777,52.849586,25.075714,42.574825,57.16078,37.67795,18.26361,17.616034,28.80277,17.97877,30.050795,31.555868,25.548939,22.143898,28.185642,20.530619,11.033836,17.992092,33.49859,22.108805,15.409628,13.967999,11.338974,18.345943,17.950953,15.220998,11.577478,8.681414,14.964618,19.567953,16.857777,15.106706,35.416702,62.64539,47.54918,11.886815,6.8029776,14.571579,39.402313,42.285137,32.62431,12.562458,12.709017,21.480022,19.599142,11.636616,24.659826,39.31498,34.246567,24.302275,19.51521,10.790626,13.13028,11.609012,6.299675,5.428437,13.015802,11.179058,7.333756,4.0288363,3.6705782,5.680045,25.401226,27.984182,12.501062,6.2030573,14.518059,20.118576,20.282597,10.725854,7.5456805,7.533103,21.294441,27.83292,10.470919,11.476793,24.76063,24.999102,12.22437,23.19601,28.301523,27.60141,21.783836,6.7866516,1.800689,1.4775933,2.4120133,3.3872216,5.2444396,10.488402,8.799252,7.677882,9.016252,6.0191483,4.859773,3.3106372,9.678967,16.229391,7.5375156,2.550225,6.152137,13.08444,19.985107,9.706917,12.396291,12.798203,5.562575,7.76046,9.847588,17.282858,18.254368,6.2551126,4.218373,12.700085,15.64494,14.1955385,4.321273,3.6913204,10.802773,11.487394,7.558338,6.8066206,3.5552077,2.2843215,3.134032,6.086242,12.615964,9.171195,5.2908034,4.791585,6.7619553,6.6191096,6.673129,6.023087,4.8470025,5.730212,7.0111327,5.6224627,5.443893,7.3779106,4.3510957,2.7760203,7.3267555,10.854895,11.68992,5.55704,3.4365377,3.0045762,3.313841,6.6863346,3.9469879,6.7308793,8.49684,7.9277835,6.966231,7.6348405,6.119314,3.2941737,3.80121,6.35103,6.150085,4.875243,3.2230093,3.0766542
1,13.602498,24.34398,26.809351,22.362846,10.070654,18.982391,29.414017,37.64545,40.79724,16.425322,18.271858,21.962479,21.546253,20.41388,12.447692,5.6042027,3.8824952,7.9717674,11.468291,11.975234,11.356123,10.0423975,7.49148,17.611563,38.154507,52.396732,20.04302,14.260233,26.114046,45.000145,70.156555,49.63186,48.94578,52.514675,35.295845,37.059498,38.364994,39.658955,39.35096,21.487263,9.79223,2.716773,4.0055933,12.9114065,39.1186,43.202854,37.609966,26.250221,13.335766,20.394932,29.336494,31.643549,14.733551,20.13948,21.585726,11.40047,28.154608,52.060555,50.91669,35.017437,50.786102,43.606174,30.503618,25.823044,45.304802,30.603067,27.353664,26.398685,32.904118,87.389824,67.17909,42.934074,46.04733,20.572496,40.311954,37.556705,13.183539,25.420982,18.881159,11.011685,5.2197113,9.334949,9.567851,16.20476,17.857801,11.1968565,9.858384,6.0173745,13.280019,28.221458,48.27732,28.614956,16.380299,26.380564,30.730152,24.81788,43.87227,58.141155,57.43365,47.82569,31.338144,25.535225,37.92349,15.969062,9.294404,24.748503,35.530403,23.449875,12.14854,12.415775,17.390013,15.43893,8.366226,9.979747,12.609764,11.366249,16.659515,17.722504,14.858501,5.5571404,9.406218,17.866436,16.418653,3.8932,4.064172,8.575444,18.14179,24.058487,21.588764,11.203538,17.562363,20.276186,10.853762,25.523697,36.662777,34.560642,13.082025,7.8921814,24.615015,22.919958,15.884427,33.354034,21.850435,13.019919,11.381638,9.7284775,5.7186537,4.451279,4.6584997,4.573875,6.240389,4.2621226,14.736398,23.468756,18.312061,14.081153,9.503889,11.086612,25.686405,43.72828,36.195183,16.88244,14.406694,7.881185,8.67614,14.293251,19.924435,21.095398,30.154715,28.655394,14.605954,6.852498,8.159007,9.135792,8.096703,3.1792078,4.7699504,4.0525756,6.371822,11.126839,5.5305457,2.2243435,2.6793003,3.7944195,4.5859084,8.464297,7.957355,4.990057,9.236463,6.0798054,2.974674,11.982614,23.839083
1,0.02262396,0.050393965,0.5671729,0.8368615,0.65334725,3.4081275,3.737706,3.022305,10.467831,8.568146,14.223432,34.7782,21.02979,6.0764728,10.591895,6.5312276,40.290592,52.38627,15.834868,5.651803,5.4739223,16.74874,51.197903,37.11339,18.661085,39.051376,20.96009,43.404957,67.5217,25.656763,5.186334,5.7963123,5.443391,20.691559,17.886889,3.4226685,5.500823,3.5575445,31.927248,59.860058,28.02166,2.1909654,2.9855483,3.6399589,18.411572,18.96678,5.222183,11.364288,8.787519,32.272827,73.765656,41.92776,15.590823,25.676277,10.540154,9.821324,12.034483,4.814234,15.151785,13.919709,12.99065,36.29648,24.787697,13.8655205,27.430529,14.459489,61.540398,90.10559,31.875303,10.679795,11.489627,9.484938,32.669357,26.646324,11.168258,25.871103,15.648646,18.508125,32.562515,14.25687,6.397558,8.294279,4.7375145,18.914747,18.395206,7.0550704,18.920542,13.716748,17.598526,37.528507,20.138657,31.708818,49.329445,18.988153,22.277153,25.729172,8.161615,19.544535,16.902626,12.854502,33.273605,21.3834,3.6879156,6.4295864,3.3187923,15.175042,20.923738,6.93919,5.6392097,5.7906675,1.8423151,4.5316973,3.4919016,9.576795,21.862799,12.454806,23.842869,39.4292,16.28151,17.15087,21.021372,6.038216,6.3717914,5.8559203,10.996363,30.994698,21.169052,11.153982,22.108458,11.078295,7.6787615,11.258897,5.0220537,18.49738,20.172182,4.7026186,1.4699149,1.1786191,9.347493,22.895063,13.861416,17.264786,30.354856,13.311137,10.050886,13.0582695,4.733174,12.7332325,12.354598,3.9233544,9.514931,6.9032736,7.008025,14.922913,7.962297,5.6493125,8.785749,3.7552395,11.141216,12.889599,3.5860093,5.904361,5.1118636,7.0567594,18.4951,11.886677,10.337575,19.35361,9.111573,9.054653,12.4945345,4.242673,6.402262,6.58434,2.788368,8.0887375,6.217046,0.99517816,1.5924531,0.9506751,6.8232207,11.285869,4.6567745,5.7087684,6.9881525,2.5737224,7.155306,6.561722,1.2939353,1.9288914,1.3111182,15.460538,30.926275
1,0.25747612,1.643092,5.159997,3.943991,4.5937414,5.0412426,3.2508388,4.958698,3.6040423,7.5897846,4.738563,3.5912874,3.6929324,17.172815,22.895508,10.559848,15.387629,8.950537,14.9572,11.235885,5.3959866,5.823388,5.9095454,9.35241,12.735119,30.33815,40.517273,152.34175,138.49721,51.944,62.558544,20.00005,8.406249,6.0214686,13.767945,10.618467,14.172301,15.527641,5.864564,7.561433,16.127186,39.53136,24.440273,9.169684,8.746761,29.090221,38.76667,12.142763,2.2058008,10.111482,32.20389,24.928526,35.203293,38.745693,60.297802,96.71479,50.299015,81.56476,50.171158,7.622691,6.618542,5.338402,6.979326,6.1422086,11.502809,14.412609,42.547207,32.2672,26.764753,29.171894,7.7707486,5.9028406,20.16223,50.15891,30.955013,11.730766,10.997409,29.849459,39.751938,14.87031,16.091072,13.950998,36.26062,29.968378,78.21707,86.016815,26.059937,27.205091,11.960469,12.893818,7.9702835,3.918567,4.59254,27.651426,36.852848,11.636468,3.8061364,5.792996,17.508322,14.146145,30.921473,33.95257,10.360303,10.955341,17.693485,42.98159,26.45504,1.5169762,0.8307048,3.9177535,5.209629,41.817013,83.63226,43.274803,37.34627,28.01729,6.838759,6.861066,8.080137,12.893586,7.842687,14.674293,11.51325,30.937902,28.270515,24.484043,31.969666,13.776519,18.719692,9.42504,3.610448,5.3735313,28.26841,31.098732,7.5517893,3.3152707,1.5082326,1.9601364,8.91469,37.614704,34.267033,27.108698,35.448223,11.087652,1.3572706,2.5808256,8.031438,6.0414224,2.4777615,2.8833296,25.275232,41.07017,17.139874,11.75746,7.4182215,6.7288265,6.2265687,12.599839,16.762089,14.183921,26.499302,14.063179,15.652068,11.751078,3.9442654,4.2002087,15.40718,25.010838,13.651444,23.530926,14.65885,10.688963,9.706601,1.6488271,0.52657664,6.40919,12.812548,10.182963,25.10383,18.82752,2.07161,0.8822158,8.215678,13.344594,8.094682,15.387556,11.799128,30.521494,27.75392,10.211999,12.239968,13.561897,26.107258
1,0.9360467,2.2188241,10.7343855,14.32331,13.0832615,5.783768,4.427686,11.385871,16.526047,6.493131,2.8249242,6.45687,10.735895,15.324896,14.353653,13.96242,13.496167,9.875421,4.969339,4.006326,4.3511834,4.431348,10.278948,9.601827,7.792993,18.555826,43.48915,47.916836,82.44385,104.241234,57.275394,25.986824,32.58615,41.973328,28.851444,13.226211,9.465578,10.30777,7.4075093,14.294983,9.387656,3.1117094,6.539941,12.831688,12.08117,10.466771,8.695911,6.582707,12.060841,10.084295,7.103879,10.621972,11.956872,24.012512,41.048744,54.50237,30.285042,45.846172,50.10025,39.096924,16.34226,30.733448,42.40286,43.32507,14.088559,16.75043,16.22259,11.892928,5.6766977,9.466686,6.6358986,2.5817237,8.056409,18.992493,20.607147,16.338188,5.087312,3.3905807,9.1024275,11.84569,19.399979,30.806475,20.161444,29.812376,32.00008,11.787898,21.305904,29.932205,27.085506,13.806134,30.549484,52.49339,45.149426,8.263973,5.119656,4.331249,7.7128897,9.656665,7.89148,4.823251,11.234792,18.78508,24.320211,11.447732,7.4159284,8.521064,9.547486,10.778557,10.284617,15.052808,17.961853,13.03421,31.106005,26.32218,11.947639,4.338165,1.8498077,1.0845819,1.4381067,19.132208,49.356487,32.084217,8.068186,6.5263567,7.8119807,13.743376,11.598132,9.411916,17.751833,14.472638,9.996264,5.9331846,6.271848,11.936481,14.470299,12.894881,5.0527997,6.051827,19.701996,18.42487,6.025829,8.841071,11.434584,8.780997,3.2751033,7.917529,17.737324,13.505861,15.618053,26.331436,14.711792,10.214822,8.170039,3.8141718,8.38929,8.646602,10.139925,11.027768,5.440913,5.6024685,8.656692,9.794422,6.1323037,2.9342859,1.6097436,6.6854377,11.338926,9.245044,6.164812,7.8269606,10.750713,4.70571,7.8648477,8.319104,10.703434,17.874212,10.398885,10.933423,13.357358,11.708635,19.007383,15.662141,9.710164,5.580386,3.517393,4.8411436,4.6362815,4.0066886,7.0756464,4.737724,2.4528265,4.7656765,9.211846
1,13.370045,12.899955,11.590767,6.8772554,5.1746836,5.8966026,8.029164,12.951919,8.955288,6.222609,6.88212,5.725372,6.2192087,7.461357,8.430848,12.128111,10.727492,18.286362,28.58226,41.204895,32.088444,12.72297,8.384335,4.28967,7.389527,10.948855,5.932662,9.644258,8.890293,5.7514215,6.580443,9.639079,13.103048,20.133995,20.095991,32.86116,64.204346,114.408165,160.61388,142.89934,89.17589,44.136223,33.5105,31.335585,16.118013,9.308134,7.6476645,3.4322245,3.1410575,6.9194937,8.45228,8.762542,11.035954,17.055668,22.587372,22.318947,41.619217,35.885895,22.678137,32.168293,22.631252,15.234724,18.731255,12.998905,8.4395685,12.43561,14.953142,7.6769843,9.830006,14.781617,19.504416,16.258802,21.52775,54.17189,80.38086,80.96959,96.49688,62.925266,66.81776,58.45006,48.202026,55.384953,29.944672,21.745035,15.783873,16.25609,8.173126,11.349622,10.591175,9.691172,11.699259,11.6537895,23.61283,31.120989,26.30704,38.854187,36.575645,19.266706,19.125166,13.6611395,19.249256,14.615039,13.376648,16.866823,13.401627,7.853528,12.341486,15.413727,11.641093,8.999228,20.466036,37.60344,60.098885,45.918053,52.510487,68.20356,38.442257,18.000643,22.857754,37.13639,28.515244,27.65456,23.596254,24.316643,17.645296,13.508237,15.603897,13.703155,8.542939,11.912761,21.990425,22.318731,22.20798,20.905855,16.978369,15.18889,13.648922,13.150345,8.303235,9.433593,16.766985,19.56418,13.674276,9.976249,9.926225,14.530939,9.659401,9.638083,14.481794,23.974642,27.905779,24.819601,37.221916,28.196884,16.338327,12.765603,10.140679,9.670286,8.064559,16.037535,17.453304,15.150772,18.947166,11.188471,14.319916,16.096916,10.982132,11.702475,17.27995,21.602636,13.2711,17.553572,11.677319,5.1691504,7.364522,12.622558,13.198536,9.799491,13.615305,14.884417,13.107955,14.779179,10.453057,11.462326,13.676494,9.205726,13.191544,14.054256,18.272348,19.009836,12.140395,11.225213,11.908183
1,0.13121042,2.009559,3.4839096,2.5048268,3.1679232,9.434033,12.323015,4.797688,4.5994916,15.682692,16.235008,16.661518,15.280689,17.110424,14.458557,17.427837,13.352909,14.912222,10.443218,11.4896555,13.83696,22.12536,14.15872,16.08198,21.310614,27.561409,28.266968,32.064064,34.030624,35.34051,45.216015,60.76188,154.43303,120.7568,21.893032,16.41976,27.928972,16.60518,1.6577828,16.578745,29.495796,17.621,18.124634,7.339641,5.436784,29.199198,34.904182,35.150803,36.189663,34.55072,30.570568,7.942491,4.8960915,1.4405029,1.5294987,3.0313685,1.9557847,1.5559707,16.535543,29.869123,30.158373,42.77564,55.438427,73.175575,62.936996,69.64258,28.990068,24.547537,31.319967,28.484985,9.685532,18.65787,51.287483,36.012638,3.4242663,13.684257,29.02287,29.733192,46.326736,30.85646,36.09955,24.730484,28.048012,10.862366,6.997048,7.241764,7.6858788,9.739647,10.176096,17.904144,17.024168,26.152676,20.163183,20.4177,43.853428,90.8293,49.363937,12.070801,9.109011,11.683859,5.3617964,3.9491975,5.9670863,8.556075,27.118935,29.137697,12.414029,13.210289,32.137974,26.921255,14.289766,12.904814,21.253193,13.407838,2.6385884,1.4548874,0.7677591,4.5282035,7.464902,14.179144,19.923042,22.31794,26.598665,8.935701,7.8619347,27.070406,30.853163,62.705902,52.25124,7.6892033,2.280643,0.5159669,4.756253,10.556585,16.046204,28.70351,14.36472,6.866345,11.67322,16.510452,18.241465,21.959332,10.017298,8.740965,6.032057,7.0741496,17.389584,14.742246,3.3658106,4.1206384,9.6340685,6.7957835,6.0075665,13.092281,24.630888,12.921998,8.717708,28.882961,42.141285,29.591984,32.599552,11.667957,7.394874,4.3480144,4.8268547,11.4551,13.916042,32.053967,24.088675,3.9351127,3.1577528,5.456484,3.1135967,0.36611244,7.481235,12.751531,6.856352,6.474082,10.400782,13.131056,6.113943,5.5709767,7.915896,8.376824,12.973808,11.664209,10.122193,7.735811,4.349567,13.345189,30.453808,18.604023,11.748574
1,7.1705737,8.873071,6.936909,5.2436643,4.5357733,7.7339573,8.032194,18.69619,31.495123,50.20097,29.352722,13.486913,11.255135,17.584612,13.580997,13.752332,10.938167,34.76861,39.567383,24.972162,26.738228,31.182804,23.185274,39.53038,57.951782,49.530235,44.348236,34.33977,23.154968,28.540934,47.881493,32.68358,29.159521,47.349857,36.818256,30.897058,15.22625,12.231317,17.118484,12.191662,8.370347,19.412378,21.48192,17.618687,14.530557,14.988747,21.84557,33.41423,28.17287,25.196575,36.657658,27.823523,26.564945,30.749905,29.951841,48.026142,52.79725,26.448145,19.712446,31.739555,21.343145,21.726759,24.114779,23.633194,20.34054,20.849033,12.987829,13.031366,10.385261,10.61592,8.871371,15.83274,20.467728,25.391651,20.5628,13.941789,11.464528,12.423982,18.175758,29.379143,41.069748,31.982689,24.300108,20.576223,22.420584,24.80138,26.55273,21.598204,15.495059,19.77351,19.398157,13.948388,14.527661,12.150869,6.935189,10.193934,15.757578,21.492401,17.53073,12.256694,7.4108305,4.1204596,12.809045,27.33559,24.082108,23.509338,18.522251,14.823872,11.814986,10.918255,13.788766,14.057395,22.52939,22.481655,31.447853,19.754911,10.647489,13.5768585,11.003129,9.824522,16.00133,19.69128,21.574247,19.13215,9.506193,4.613818,9.364919,14.170563,9.002983,7.160932,9.406808,17.02481,19.170424,9.347881,12.48478,15.613766,23.729132,15.436125,5.047109,10.681746,14.590882,9.823025,5.515619,9.902603,19.692854,22.022877,10.510519,8.552957,6.544582,10.355538,8.94486,12.658794,14.9883,16.166056,17.98162,9.294998,8.775141,6.700327,6.096822,10.554005,12.895034,12.248453,12.398997,8.217293,11.114563,10.843627,4.856629,1.7806805,5.258454,15.975018,14.168825,5.2790785,6.453678,10.933198,8.46195,4.4662046,8.156954,15.485639,20.21298,10.058763,5.447913,9.9263735,10.01916,10.85031,8.681115,5.0038066,8.14363,11.566945,8.741839,9.731484,3.8279321,2.5531297,4.646155
1,4.2124877,4.160803,4.010196,2.6487398,4.5881886,3.831887,3.0565915,3.9217277,4.2196527,4.2622004,6.921854,8.210506,9.53113,9.06656,23.243185,23.289906,7.0455165,4.6268725,9.181007,10.316673,7.535479,10.746919,5.9885373,11.313227,17.92855,16.79694,21.091137,34.004288,65.14356,65.65581,54.912693,44.88826,27.678286,32.69609,39.249012,24.166021,19.88169,18.473598,24.514389,24.407627,21.082405,23.578926,36.487106,33.883514,26.484177,27.343569,18.318369,9.361156,9.129454,6.847556,4.3685884,7.1798344,6.4293494,4.9643536,10.384872,14.088605,16.947237,24.04184,29.346836,35.01259,37.49279,31.152975,40.998344,44.072727,28.920492,23.301384,27.152843,24.535646,11.687723,19.526457,26.97696,30.652615,27.676374,24.316532,23.879257,22.433998,12.781475,18.355196,15.482528,11.272194,12.021815,8.763891,3.8263698,3.1770523,3.4894707,5.7003617,4.9873605,4.69119,7.533451,18.451097,22.283737,15.495408,23.208036,21.13693,26.187662,36.07706,18.685125,4.773451,7.3497214,25.781488,26.724298,17.673838,12.095032,5.453512,17.698149,24.271608,16.173008,11.3478365,18.481161,27.744516,17.05481,6.089247,4.6538324,5.852896,4.207078,2.1829839,1.9014151,3.892437,5.4822645,6.360415,6.2894263,6.1486106,9.479653,22.132235,17.93186,5.8834643,7.037558,8.1109705,12.561806,14.163371,10.99869,9.507566,11.33058,5.93742,3.7746515,6.0860996,8.6758995,22.028896,23.116528,12.09179,8.788713,8.183474,8.468406,4.9803224,3.169363,4.55449,4.1470666,2.827543,2.0580707,2.6786847,2.8906977,1.3344556,1.7244146,4.303045,6.9248934,8.909888,7.826875,9.20662,7.164926,6.88277,3.688023,4.5784845,4.641841,6.04198,4.8359065,5.621811,7.678287,10.472137,11.887464,9.024001,5.3577747,4.689501,6.753506,3.3065212,1.4634804,2.5841322,2.9034822,1.2930479,1.9645349,2.3843362,1.8419394,0.9793468,1.811471,4.2654862,4.5543957,5.277166,4.0738444,5.7177052,7.4166594,4.2228155,3.0120625,2.6615543,3.036235
1,1.3314053,3.0110114,18.432367,27.664337,11.956619,8.371008,8.4911175,5.789075,16.6054,33.494625,46.52575,28.73282,16.685223,6.4319186,3.7368503,11.9884205,11.850684,8.1837225,4.923758,24.867441,48.15017,79.16749,42.235367,48.78205,74.380135,31.815132,18.193697,17.687057,11.106805,41.35844,40.31035,26.438198,39.74016,38.08937,46.620335,71.646675,38.24025,11.269066,15.328585,12.652949,8.991941,5.9253035,6.934023,12.406871,20.569504,29.50779,32.903687,23.000868,7.80444,5.235824,4.5909204,3.7173896,3.2139046,7.910872,8.190163,52.337387,113.46237,62.657677,25.878275,39.263584,16.957895,13.392075,15.804014,5.475264,14.197912,29.16374,42.68382,20.15674,14.97028,16.371597,5.9676657,12.368297,13.436498,11.383649,11.87815,23.459059,34.067883,43.905155,24.397114,39.91407,67.21146,28.352392,4.4275217,4.0898023,9.222627,41.44886,42.62272,22.10887,10.3329935,34.13909,46.6188,38.086117,23.287586,14.8433,17.862326,15.789651,10.862701,2.8996878,4.484861,19.896498,22.124348,17.086441,11.315931,6.8444953,5.7381225,13.592546,11.588742,9.282502,10.817237,29.176022,23.984192,21.157377,44.15224,30.020412,19.794125,22.352676,9.888426,11.175278,15.590733,11.115515,9.559736,14.506457,22.057158,12.0346365,10.610048,12.387676,4.5095162,9.756935,13.740165,17.234217,12.0283375,11.882444,13.125253,7.1850605,3.7817683,18.051943,33.03742,15.117365,2.052277,2.8878722,4.2017765,22.5997,24.169838,6.8398647,6.4858003,20.787186,28.53228,13.30167,10.17173,10.559169,11.084178,13.085256,11.450215,7.9935126,3.8382306,12.808491,14.000143,4.9218884,2.4687755,1.4597402,3.686285,9.545078,6.1332574,1.773914,5.8385854,19.62817,16.543137,3.7090034,6.86248,9.495064,9.66811,4.985554,2.8887556,5.819522,9.559104,13.752013,11.059176,7.741837,2.7385256,2.5472152,3.143585,4.516369,7.618238,8.239292,9.699592,12.519257,7.599909,4.273894,2.982409,4.957546,3.248633,7.0070834,14.015268
1,16.279642,12.900936,11.527304,9.568609,7.8830886,9.430469,13.331736,14.6451645,13.979118,13.016713,17.355562,16.42419,15.103319,17.636621,26.718817,64.21387,88.81275,48.150314,31.681313,13.124375,8.145343,6.228976,10.974265,11.053824,10.954552,6.7508087,15.636821,20.788046,30.866438,35.271328,82.45971,95.07513,104.29001,126.02654,119.97113,56.2205,32.970966,26.62361,19.357601,12.851965,17.961521,20.7995,15.517327,21.64585,30.01011,45.649143,71.81052,65.63018,54.447098,74.58602,52.77846,52.95888,39.834015,17.790644,18.605879,11.479551,10.377362,14.562247,23.071623,31.080353,30.02904,43.63798,43.874763,49.262978,39.84465,46.01341,45.088116,93.86439,79.45462,25.656498,36.26923,28.963749,12.303805,16.604544,57.255085,49.490746,36.371292,46.908215,64.86679,59.980164,52.06084,37.917713,52.260067,90.86903,57.889175,27.329065,20.182716,20.92505,18.817886,29.170712,42.65047,30.458632,28.351759,31.15115,36.544964,30.953297,25.248556,28.996616,28.053614,43.95968,40.274967,37.905235,31.858356,23.795074,33.176342,46.042965,33.302956,31.92276,33.287525,36.89774,28.626547,32.23321,36.538082,41.26737,28.18281,31.5572,47.438545,50.996773,36.77931,22.250626,32.40383,36.0145,13.165038,23.76778,34.059143,19.998009,9.798248,19.076693,24.269657,15.936033,16.647861,18.702623,18.378555,23.564857,29.521803,29.686394,27.439873,22.562576,17.10602,19.651543,29.740753,15.611812,12.403005,25.561613,26.689297,21.380817,25.773567,17.847164,15.141137,20.107265,39.838955,40.31594,24.670458,16.985252,19.04496,15.716256,20.09252,26.103949,21.813318,23.167631,24.328108,21.938442,18.062162,13.894532,13.999055,14.369907,25.828472,32.50294,20.580381,16.371403,15.430645,18.433916,20.302965,24.936064,18.19089,13.35042,20.590729,15.70198,6.745605,10.982881,8.486376,7.0250316,23.2826,31.021929,26.709455,21.689972,19.446507,13.551578,13.800043,19.40179,15.275047,11.195596,15.009554
1,0.19091886,0.576203,5.0237803,6.626616,2.2198186,3.5269608,3.123288,3.49256,8.209306,4.8624907,7.7328715,11.925273,7.9607615,35.10785,36.099514,10.42978,20.260677,13.987964,7.768752,13.879181,6.2646303,5.22158,6.265814,7.363967,25.25485,20.364681,104.46698,222.63007,118.52875,39.48454,54.993683,18.276947,5.8681145,5.3698196,4.3578305,10.825789,6.8082685,12.569186,20.512035,17.424128,89.634895,97.54745,22.739578,8.54414,6.0000396,12.680029,24.276094,11.743057,14.301024,18.104748,9.394394,29.615488,25.273975,61.03415,138.62752,78.53839,54.892754,81.04336,28.900448,2.2835264,1.3961059,6.346315,17.382015,11.574792,25.761023,44.530807,24.97972,104.519554,120.377975,30.834759,18.20726,13.837359,15.693797,31.80579,16.317072,16.57342,22.213432,7.3143787,8.609996,7.8043633,24.00296,58.358917,35.172077,47.918266,75.0612,28.839392,14.7883215,15.418414,9.095419,25.06857,17.640236,25.642483,47.02259,24.539669,85.55626,104.31877,31.821154,51.28171,41.96786,14.165278,28.170387,15.343416,12.722853,18.072054,6.751822,13.371027,12.737892,2.8590646,4.19107,2.9930923,29.451187,48.97952,20.41582,23.481987,26.030682,10.505021,27.237791,20.291634,21.312645,41.43581,21.267384,52.619118,67.95999,25.8018,64.180534,55.684044,9.186876,8.306702,4.8052325,9.099558,13.710255,6.794452,23.729675,23.940813,11.762386,29.817097,20.204012,4.444579,7.3737984,4.6064634,22.976507,26.978155,9.989963,24.790632,19.557596,14.161437,29.043745,15.252761,15.047197,20.635643,13.149206,49.48719,45.468452,8.980322,11.676121,7.136614,5.5538793,8.872554,6.308745,30.102365,32.13676,10.700052,23.586569,16.933226,13.800063,25.78199,12.253058,14.2197895,17.693424,8.89834,27.741709,23.185768,6.9114056,13.517636,7.5323014,9.364553,13.554093,6.158795,18.504879,18.006971,8.167405,19.954475,12.989374,0.9668647,1.0454314,4.749835,30.07028,33.975975,8.407469,3.1032803,2.2717972,17.315256,34.619682
1,0.9879872,4.5295434,5.9241886,2.782555,5.4862366,11.183742,8.992244,9.398778,10.341748,8.909482,2.4923449,24.614416,36.460957,18.960468,14.780166,15.462183,9.636607,1.6358789,1.5911663,6.7571487,18.457983,18.6582,23.654554,11.247711,21.808857,64.98017,59.09759,66.9161,61.686176,63.50086,16.946938,3.3333557,5.5526104,9.642332,19.794607,59.723175,50.087254,12.079653,53.499294,73.7728,38.60215,29.655865,28.830095,16.6873,1.6319392,2.9069808,8.887329,21.640787,18.06822,18.798594,7.3539963,11.923055,33.382545,24.636942,16.892082,21.58437,22.959496,10.579865,12.63162,21.101715,50.337673,59.621662,36.65612,26.09515,4.833776,7.687773,20.11968,66.78023,55.954453,8.069645,1.7198783,2.1827989,8.890382,23.591965,52.446953,36.86055,30.120104,12.22967,9.830129,20.62557,13.166569,3.7940712,1.4764668,2.6888487,7.503965,6.2308693,8.737899,40.41057,45.75329,28.962212,19.54834,4.5444136,26.252651,31.448378,14.107286,9.563564,6.776517,3.863904,11.418332,42.206818,35.577625,9.949618,37.98571,51.82778,17.201706,11.35613,25.678326,15.9270935,8.245195,10.631756,10.040088,5.180344,4.2298346,5.576837,17.847412,19.947803,21.471304,14.331045,3.1762302,9.028131,9.969567,2.4419162,11.614335,21.494984,10.537257,9.039671,27.1535,33.637596,51.963715,27.839806,13.2169895,3.909327,3.585654,7.7495546,6.3327813,6.7799697,7.27766,6.298289,1.5327573,10.227707,15.608957,20.423918,20.707993,20.587236,12.804872,2.1373825,0.8483103,1.87963,5.197513,5.393944,7.0972214,4.7909956,4.6577773,6.6934967,17.942183,31.939978,15.786502,7.1943407,9.409874,7.2220597,1.8650023,11.830962,15.781613,17.045166,13.794895,3.3992224,17.084122,23.449104,7.6447268,6.422286,15.020224,10.166202,7.5754123,5.6754656,6.787684,12.08866,8.698405,6.9186344,2.74207,0.5709931,0.8888202,11.794465,20.195066,8.627698,0.94825155,0.24399164,0.67080426,1.5318929,6.6326046,9.968294,20.694023,16.332167,6.2712145
1,0.41341704,8.113198,14.4969845,12.536087,17.226221,6.9022937,2.7012742,9.036364,11.450742,3.9816668,2.9097755,8.635264,10.281685,23.437052,21.677635,9.083141,8.212747,13.770427,10.216506,1.2052499,12.395845,29.839302,17.9948,5.6114516,3.6149278,3.9860852,6.61633,11.093843,49.71482,74.445854,58.65307,71.00727,71.28269,81.451805,22.34659,4.1378965,2.3801582,2.2485538,3.1761925,13.261879,44.323082,34.88876,6.6263413,26.926466,68.5795,45.774014,33.212856,19.194239,9.676211,14.15137,23.549398,10.545997,2.5633874,10.887974,15.464396,11.001772,12.732408,23.975134,27.715656,32.444157,33.79017,37.172302,34.00884,19.836452,15.964512,6.577909,5.436398,7.793287,13.233135,29.467068,26.893366,43.66681,23.633219,8.47296,22.454811,37.214153,47.83562,67.7568,29.149935,20.678423,7.7918983,5.898886,18.451254,19.952164,4.7217717,7.46246,29.637915,26.069986,8.985183,6.785972,7.130994,10.187469,22.748144,14.495771,4.66371,7.822269,14.727202,10.615354,13.741152,16.207762,23.931887,9.334083,1.5302012,8.237898,10.493609,5.4556813,6.25173,18.810827,19.402214,9.219006,8.522849,13.876682,11.538451,4.7073264,3.4842775,3.1704597,9.330204,21.957653,19.794106,31.312353,20.385172,21.993656,12.63542,12.014486,9.025838,11.395652,10.542024,13.101081,4.8511763,3.1815681,5.3795652,5.988599,7.895035,7.6756134,5.030814,5.4848638,11.93569,9.430841,3.8927479,4.894766,10.67642,7.000908,4.2326555,4.3839235,7.4236794,8.739411,14.018894,10.307896,12.992129,7.569654,8.069473,11.670556,14.53552,12.187673,13.195717,12.712869,12.686392,4.8158946,6.1752324,18.021214,15.783187,15.893985,11.830966,4.3935885,2.869993,1.44365,11.230634,23.817642,12.637372,0.29335004,3.2191796,5.3982553,4.014014,5.049292,4.485426,5.5447054,7.243487,8.734098,11.452552,12.133091,3.6294668,2.84527,6.5356593,7.081067,14.592261,11.480532,2.4799228,4.5638385,11.147098,10.901684,19.002934,15.725437,22.867575
1,0.24179631,1.0856085,4.4954057,4.116263,0.68554586,0.18362433,0.75735646,2.460275,1.904627,4.4578285,5.99429,6.3872123,15.388636,12.217456,46.18368,51.541058,18.41233,28.102833,17.181305,41.157898,38.134544,6.7810907,2.6439974,9.369521,30.749865,23.649477,5.1303024,6.0403886,19.315296,49.751476,32.384556,49.32774,55.98294,97.397125,199.98534,103.959785,28.342484,26.714287,28.152325,47.084747,19.735529,2.5675333,2.0382922,7.5022945,10.510622,16.504211,42.809147,27.71715,11.131452,12.68692,31.37721,66.20371,35.779305,32.118805,30.780886,10.756595,15.619616,13.199777,39.214867,31.22071,10.682115,14.129019,24.964586,66.1074,44.477283,69.87468,82.02508,61.77687,124.645355,67.25049,18.057219,17.583399,30.971619,54.147007,24.11547,18.366352,14.839389,3.1673062,3.9826095,24.65264,68.03468,45.514202,5.0715485,4.7308445,25.34221,55.725803,30.760872,14.01335,13.880868,18.882277,33.32719,18.279501,38.21765,31.58958,32.58432,47.382835,27.057713,59.35654,41.27343,67.05621,81.42771,28.174828,38.060463,21.282742,3.9519143,3.9504383,19.318016,35.175663,15.9661455,0.7717348,0.88488716,8.9503355,13.429134,23.577993,66.42124,46.060055,20.343292,24.77611,14.815331,29.78603,17.107714,10.48439,10.737708,16.061203,29.436588,16.220789,33.05341,28.222452,25.067308,37.551064,14.848451,15.014012,11.769414,43.369873,54.519245,15.792358,3.7429523,2.5553958,8.078652,8.438182,12.110725,22.608482,11.467329,17.117352,14.928998,26.149603,40.288963,21.605999,45.675404,32.776978,9.340355,11.366907,5.4494853,10.156858,6.300145,10.37736,11.00345,21.733772,41.515617,21.325264,29.064117,25.644802,18.76621,28.825274,11.126611,0.7906758,2.6116922,23.118605,30.066082,9.951069,9.589045,7.019677,22.779411,24.578846,6.4203777,6.0780478,4.1732244,12.354124,11.104119,15.598761,24.816391,12.800738,25.676628,19.078384,2.8107588,2.6769664,1.8988603,4.277481,3.6712084,15.252562,16.731352,15.46013,29.798794
1,13.584508,9.338997,10.479653,14.226413,16.757814,12.614968,4.5539894,5.304402,10.677507,12.638475,7.328578,9.94338,13.753155,19.534796,14.26551,11.043841,16.610552,25.217113,29.404535,17.791714,7.8825808,9.017643,15.545417,13.073066,14.948663,10.964184,8.656319,9.63385,12.749225,15.657061,12.7537775,10.007746,16.957928,40.52164,119.14265,196.80338,156.86494,46.336937,24.51085,22.211023,16.419256,8.365077,8.899239,8.932936,6.0736833,7.6914897,11.098969,16.60263,17.661333,8.603683,12.624732,24.968935,35.697144,39.032024,18.167093,11.448871,7.610927,18.311867,19.369251,12.207886,11.391902,11.51972,14.054479,23.644133,26.056154,23.131155,21.818592,36.622208,66.03303,89.0505,102.48242,137.1165,77.18001,38.02193,24.781637,23.264326,12.293229,14.521056,13.118901,8.380273,6.9160724,7.615044,12.382635,9.863898,4.6599407,10.195245,31.09944,42.46721,36.207245,22.873844,13.444304,9.955309,15.454506,18.487228,13.179865,6.7899613,15.700224,14.252681,18.069077,20.960476,16.859732,10.968117,31.776049,49.106503,63.343033,76.94626,70.52053,70.907585,47.863834,28.197607,22.222528,14.44455,18.276453,21.960424,15.697614,7.243317,3.8278162,3.6308568,5.6746526,8.3307,15.381737,27.921053,39.214542,26.015991,23.288696,10.236465,8.65172,9.91702,16.541643,19.08636,9.194521,10.027585,7.372167,10.050301,10.626156,6.523226,6.127894,17.727684,31.04165,54.554073,54.062572,30.802776,45.04505,39.22293,31.14136,20.264462,17.475706,12.657559,17.932253,9.816247,6.219799,6.6324277,5.853265,7.2093725,8.130485,15.239405,22.741669,25.029541,19.574451,11.718405,7.8855996,5.5664835,7.2854037,12.873073,17.202972,12.355344,9.870617,9.175086,9.182743,9.912262,9.155755,5.9434314,9.119974,26.054598,32.547222,31.323145,27.363281,13.079428,17.282158,22.434116,11.656474,7.189896,8.862939,11.066688,9.768769,7.8755484,8.55824,8.719533,7.134108,6.235634,11.467039,16.07091,12.643272
1,6.1373405,5.8969684,5.3983603,6.0940185,8.689951,6.4063587,4.6174364,7.259465,11.034436,8.467849,6.433663,5.806793,8.434436,12.652607,15.956937,8.758666,9.511981,14.293082,10.457722,3.9374352,9.105017,13.484494,8.834797,9.021691,7.2139482,16.540527,28.005402,59.4668,78.54363,33.3196,20.466902,22.083237,17.941883,17.136148,16.76258,12.099609,7.225636,12.918547,17.377224,27.87547,42.039154,39.612,28.840017,11.986595,9.022957,16.759453,16.301756,12.376872,12.993864,12.63029,7.674809,7.6487365,11.415103,21.753878,36.115826,25.907024,34.26819,22.154854,15.8518305,19.743097,14.61367,14.405715,17.2111,16.776356,15.563524,24.387823,17.761784,25.951172,39.30138,33.621883,35.53199,24.336107,14.04318,21.449669,21.562426,7.8817134,9.870248,16.239626,8.869077,3.5621269,10.229175,13.872897,16.404312,11.929055,15.469399,7.17888,4.821619,10.761625,16.293549,20.994196,18.224215,20.326855,17.935642,23.736025,29.133615,23.520662,20.761133,34.5676,36.10243,15.843121,10.466034,12.285367,12.416593,12.260016,11.5268,10.465467,8.6477585,6.4776506,8.335733,6.685104,7.419892,10.90534,6.8522997,5.5201097,13.328286,11.488512,10.995543,10.604906,7.0028205,7.5825315,9.430838,12.4347515,15.405823,9.100114,13.695221,18.969555,14.58809,9.41006,9.538259,5.3454742,13.01403,14.153341,14.114213,12.366563,8.038602,4.1342316,5.0828333,10.5967865,10.583619,9.435325,6.4400396,8.267395,9.694252,8.09335,4.684171,3.9855201,1.8574086,1.2326963,2.6600595,3.7041593,3.5429728,8.74974,9.802411,3.8838239,2.8399365,8.237702,6.032392,3.5176263,7.3414426,9.014366,9.510329,4.516359,3.3309941,5.1475916,5.477828,4.073898,6.287047,6.084208,3.5385785,2.5510645,4.899551,8.60669,7.972948,4.2028885,2.2181847,2.0658329,2.3534093,2.5121195,2.9582453,6.7208266,7.614149,3.8006213,2.911095,2.7039435,3.3002763,2.957768,3.0641325,8.385955,9.894678,6.472152,3.7469168,7.1311207,10.876048
1,1.617064,2.9812348,2.5023956,4.628145,8.662292,4.99951,10.943764,13.176596,8.0758095,10.593541,9.007475,7.31004,8.362761,7.598431,7.3759317,6.9430532,6.0790524,8.7715225,8.681917,11.661871,15.618427,7.7011304,3.4433358,2.1134474,14.0530405,35.95428,26.750032,15.412492,16.290607,33.45378,32.356255,25.531767,13.521263,7.3722606,4.9618063,25.59387,37.94034,33.62796,48.91659,43.445187,22.181198,7.9933143,13.959243,12.849798,7.6822605,6.7941804,9.631452,7.963922,13.031771,25.049765,19.665386,18.96381,19.204779,14.641586,13.952821,30.677893,34.663628,13.9808235,6.2269998,2.974322,8.455608,15.546703,17.360584,16.343704,12.994394,5.9702806,13.924341,13.269714,14.177673,17.693819,17.537615,14.883669,11.43529,9.036723,15.067233,15.171865,12.239209,8.255896,15.183425,9.617084,3.9407542,5.066873,10.231929,22.502567,22.208588,15.101849,13.285812,30.251026,27.002905,12.116685,11.676865,28.923594,24.995892,20.001509,35.106403,18.307123,5.933078,8.722725,11.910354,6.391561,6.7910295,8.943929,8.947561,6.256172,4.9384565,4.099681,1.8014497,0.84762996,1.405197,5.766831,9.712748,4.8712983,5.8984656,8.257702,9.390893,4.758065,5.687199,9.476289,12.341727,6.1154103,11.966302,14.218034,16.182997,26.10226,17.324198,10.854988,13.168785,10.422151,12.986319,19.6459,23.590021,8.80668,4.5276113,3.931349,2.2080188,1.6797217,5.6850495,5.5096726,5.323838,8.516704,4.758081,3.1895254,6.110248,10.5314245,13.565912,10.113951,1.9154905,2.4742892,1.4374928,5.7857304,7.0000157,3.9896066,7.8880663,7.6264696,5.7454934,2.9873035,7.5238547,6.977475,6.870259,8.22585,3.9153492,9.4068,10.422146,5.5665383,3.1554363,9.378384,10.49142,8.067867,9.456795,9.873551,7.9620237,3.6691675,8.0678005,9.212918,8.053364,7.1898623,13.309009,10.966938,9.923953,11.846376,16.011158,10.9786215,7.329817,6.547099,4.9135876,2.5718937,6.9156284,9.262879,4.656665,2.2629254,2.408769,2.9039812,1.8185558
1,1.3958368,3.9723842,4.244811,2.0959084,6.1753,6.9749174,4.125144,3.9967966,5.1126266,8.238834,6.668521,9.711426,22.004084,15.159455,7.12555,10.897822,7.968099,4.7936687,9.407149,7.2247434,7.0081882,23.049181,22.070282,21.099655,26.314827,22.039953,13.075088,34.17987,31.421295,11.700934,4.9807973,1.6993945,10.602326,56.090534,58.006824,14.981891,6.0450287,6.301696,11.775172,17.062876,18.388342,5.180241,12.703152,16.276247,11.405989,11.105081,14.757901,26.636513,18.915607,6.2120943,6.727867,18.381546,27.075981,14.614113,15.2041,20.368479,12.744095,12.696572,16.3822,7.3893948,29.031977,54.011013,25.53693,8.308735,14.369151,22.55954,23.791344,19.32325,20.489424,21.180693,19.558994,14.083059,13.991338,23.709394,16.552486,14.261536,27.551838,23.934296,22.266476,21.008732,24.121407,28.55693,23.928835,18.87182,15.160773,20.475916,16.192513,6.2523985,4.8570857,3.713617,3.3087301,12.956333,11.811884,2.9404993,6.5073733,8.211134,10.724355,9.086196,20.955902,42.15497,22.964478,6.2867002,11.117178,17.864561,20.228937,13.100266,13.416712,15.851668,20.040794,13.427267,6.0224814,10.512356,11.501071,12.995199,9.084862,12.000033,15.910753,6.0249906,4.940942,8.031029,8.021019,6.8551483,5.8548694,15.221683,14.242206,8.217362,15.17925,14.57459,6.611326,18.742271,21.063343,19.725206,18.579742,17.133812,7.2540355,3.5819986,7.9996676,19.917122,16.366783,14.494043,13.472958,8.898968,3.5608828,3.1437163,10.630502,15.0755,10.205949,9.242764,9.903454,6.079338,7.402335,10.370421,9.635974,10.776252,13.566102,10.854505,9.088769,6.589472,5.1568575,11.898321,22.3133,11.294378,2.734184,4.350451,10.137363,11.058247,5.255259,15.15765,17.592613,5.358327,4.274052,5.1477222,4.792059,3.5855815,2.8544934,3.856275,11.842732,16.519655,6.477754,7.482719,11.334705,13.238892,12.682688,12.719093,8.425199,5.8925676,2.6292849,3.4183304,3.4587736,3.6157012,5.735092,9.990784,16.904055
1,0.4976603,1.8847575,2.7815926,4.942926,3.5354614,0.7570757,3.4701092,3.5901384,2.0321276,5.5302143,7.713399,3.114336,26.931273,55.15448,28.5465,6.336346,13.896284,10.35509,5.424786,21.885706,23.814447,20.289068,34.32312,48.03591,44.00336,39.300705,34.618874,20.660416,13.51906,17.545317,12.977493,3.4408975,12.903926,13.990134,9.747952,44.32978,65.99468,33.00045,21.329369,13.125945,9.0120945,7.32223,2.3343644,1.6524099,3.7059631,15.580461,20.8469,33.737812,26.039965,22.65469,29.230059,26.913542,16.473522,8.905675,3.689783,10.330721,10.2864065,12.038997,14.765698,25.17841,55.338303,37.903297,14.889972,27.037313,26.22576,17.997168,11.47878,8.646303,12.854624,10.199425,1.5604293,1.0181278,12.971377,36.9334,25.866867,8.459484,7.6743007,6.9576273,3.9471047,6.433673,8.854243,12.245619,13.206471,17.397621,16.015902,18.568756,29.824865,23.280468,17.07446,7.029287,1.4547942,0.8569256,7.0043817,9.812322,5.3530793,13.98608,27.085476,19.744392,17.638744,15.888095,13.044166,11.722847,5.593278,4.67965,9.303256,11.29036,14.317523,15.239558,15.93219,20.66347,25.928629,28.673717,7.8495364,1.3048351,1.9374914,5.357155,5.698906,4.1973295,3.21279,6.011752,21.607359,20.295448,15.500734,22.747677,26.7162,15.047922,9.848989,2.1448,4.744984,5.577671,6.6295824,4.254408,5.481756,22.701477,20.680086,7.0209565,10.037236,12.663339,13.866124,10.74938,5.5532613,4.581072,4.236883,1.9177562,2.439329,6.0132704,22.10725,20.64125,7.657182,4.4139276,5.0770516,14.148716,11.471148,5.5640945,2.7423744,1.6232842,2.9493115,2.0679507,4.098589,18.41621,17.922209,10.011436,7.315165,6.724346,6.039251,4.710815,2.1442175,3.3359659,4.99827,9.93654,8.461418,8.232327,10.05967,12.081326,18.103622,13.868538,12.365914,5.85406,3.6748533,1.6425428,4.1077137,5.8215656,10.31265,9.778917,10.827988,6.8968964,8.496995,15.882369,11.798443,9.929279,6.984425,5.362846,2.5240576
1,8.029105,9.695935,12.48594,14.889923,12.656152,6.96969,8.622906,7.090151,5.8727965,10.962118,38.996956,41.227688,15.557486,13.988241,8.620951,13.490032,14.962537,16.389458,23.423735,24.340336,26.171,49.226334,28.941374,23.52276,47.941963,35.222088,34.331825,21.462963,27.126749,50.937225,44.096798,34.307396,38.535915,17.863287,38.913982,43.305183,25.691967,24.731205,15.867207,22.326958,26.694649,20.130224,13.526033,18.283613,21.681437,13.954634,18.710094,22.564728,18.447264,15.191896,46.31076,41.849728,25.155561,18.730352,26.610435,38.21923,26.76336,17.93854,33.934307,24.363379,32.15089,54.470303,34.711082,23.237211,32.581245,33.300953,12.992201,10.060679,16.947588,16.847712,13.112537,17.709581,13.449748,18.549616,15.576118,22.233055,45.178253,36.32628,23.653465,15.506345,14.749313,21.195053,11.545046,18.217207,22.184242,28.229647,36.16669,36.561073,28.780024,16.50717,13.028504,19.74713,16.012924,9.050894,14.671579,26.676897,23.591969,17.344643,15.146058,13.286255,13.907771,13.639368,12.762151,12.981054,25.368639,33.801758,32.824005,26.8142,27.509462,21.478968,16.530535,16.570406,9.169845,9.423978,8.839231,19.663292,22.612944,31.22135,20.640804,17.919222,18.979292,17.669367,10.370567,10.935398,18.43535,21.638811,20.550402,15.655986,12.066539,11.600521,9.6990795,8.861542,9.658458,17.434843,24.830664,22.17302,15.537197,16.312244,18.08895,15.232895,13.455904,22.297947,13.093927,6.877412,14.932983,18.522966,17.038862,11.860837,5.0590353,6.265431,3.663349,11.383251,13.691241,12.495283,12.366932,13.011777,12.929252,10.102512,8.559527,2.4131145,1.8467113,3.104585,4.4629316,8.323202,9.757783,10.592064,9.157915,13.114101,20.101408,14.032128,11.5351515,11.015216,6.254307,9.12895,8.885156,8.406473,7.34018,5.7851076,11.899849,13.76661,11.58436,18.853111,16.902925,9.055724,8.662573,8.612028,8.21993,5.1412888,4.07037,6.1065764,8.729461,9.463032,16.242373
1,0.087213725,0.22494608,6.555232,11.734607,10.291251,7.4889793,1.9834709,4.9626126,5.7256975,7.2065825,11.035105,7.8484426,6.3568826,11.478905,18.672943,20.11974,15.978134,10.854015,7.509817,5.1284723,10.415009,12.37193,14.6257515,16.010103,21.710777,25.3804,10.210332,18.013271,35.32376,67.01243,108.79637,109.65823,32.908047,27.503479,23.839663,6.8669567,10.0473385,12.674275,14.9006,6.66745,9.119069,14.771032,23.894632,26.407328,31.37825,42.11417,26.575136,14.863358,15.290325,15.308816,15.228225,16.006653,19.16709,14.95736,4.8668027,13.641226,10.164261,12.442709,33.409306,57.258045,68.021225,58.687416,33.070328,10.66474,13.653557,12.4372,10.454778,7.2685676,12.162274,11.033624,7.8565845,5.3662953,10.887603,24.667582,54.022923,35.289276,14.148333,29.117775,19.319574,12.942874,15.473965,9.7815895,6.5435143,5.6345143,8.116406,7.857918,8.003437,13.25915,27.548117,42.77861,65.239456,48.940804,31.944502,17.226479,8.9826975,3.4075434,4.0223827,5.768053,14.756281,25.899672,35.867676,32.38754,23.759476,10.4047165,22.200214,30.749882,24.710566,19.960121,17.357615,15.254992,16.565098,16.202005,11.422737,8.545639,9.266514,12.12249,8.29561,15.413214,22.579903,14.24755,30.261213,39.41676,12.635762,7.481077,10.563114,13.477114,13.670735,12.1551895,3.4563231,3.018312,9.500699,17.384632,26.34057,21.477125,7.908075,15.594412,24.563366,30.127043,15.65993,8.111762,4.2130175,9.338874,5.890383,3.2696805,4.1855645,7.766625,7.6318855,7.714335,21.422153,17.781181,3.7623713,9.039218,6.7565336,2.2311344,3.4414406,2.7231424,6.884165,15.311885,10.468516,6.2663674,3.2538457,2.5045528,6.1066136,10.417223,9.147363,9.655652,11.185849,9.13441,7.5763826,6.4748664,5.534398,4.4980683,3.9910898,4.060358,2.802709,4.048682,7.440428,7.850498,8.987331,10.948351,4.750339,1.1912581,1.8723303,1.941995,1.6855738,2.0805674,4.415529,9.896548,11.635274,5.637678,2.9997244,1.6229477,1.6939431
1,5.3064923,7.370222,5.0818048,5.1790495,14.1536455,21.886078,22.397663,19.554766,45.18848,60.252262,47.57713,24.26932,7.4804378,9.379206,17.289747,19.128725,13.768576,13.506159,58.868774,59.313633,12.662357,14.336321,31.748913,51.47788,40.46343,42.849594,41.21436,66.907104,92.53663,54.55591,22.69536,29.381853,38.956863,74.126205,74.26067,29.72303,28.76548,19.312246,22.885323,14.275562,4.7272964,22.6306,30.932047,30.189589,36.320747,22.930864,32.45051,23.993196,24.63895,31.949293,31.152527,57.472103,102.874146,55.977768,9.789769,25.160496,28.069857,18.33852,17.245338,16.455935,35.248867,90.34831,71.96796,22.937332,14.705925,18.415401,9.027027,15.479052,17.11992,23.162075,19.691397,17.341045,24.504845,25.084305,24.20281,35.63891,32.189056,26.090893,18.564913,43.683567,67.53745,39.122837,21.551744,40.300625,52.026505,52.70257,43.18144,28.47622,28.274529,45.98265,32.166634,29.499193,30.25255,24.141624,29.590448,42.395054,19.229803,15.816863,11.605235,5.225802,2.2614772,14.739368,28.914051,37.561108,26.46969,26.006283,24.522614,25.92778,23.036835,22.899488,38.33552,31.635605,21.730574,54.327568,44.687336,8.741885,23.248135,36.476135,22.320972,17.550455,10.780609,20.741074,29.957672,30.994787,27.796513,29.609781,20.04678,15.167122,25.084854,20.716276,13.2968445,18.847971,15.135155,9.327168,19.480581,29.096022,43.083225,37.545006,10.530097,8.908931,11.2767,24.701698,19.482647,19.180317,36.999176,39.699444,22.22428,22.055525,9.170962,5.7631826,17.169436,14.398269,19.086857,24.068666,14.517314,24.50592,19.97778,17.410181,19.9772,17.665758,9.584805,7.063882,15.659993,28.172762,33.3827,24.91225,11.780267,16.705826,22.660583,13.74644,19.485207,24.62692,22.79476,14.33681,12.739095,18.474192,16.237057,13.919537,29.880121,21.303623,9.411421,2.990974,10.059472,14.250682,6.788444,11.392284,30.84885,26.55913,21.866152,21.61756,16.687567,10.724668,18.989912
1,0.2220386,2.3268495,5.900851,4.7437263,9.887333,8.511428,16.543394,15.914789,4.0790467,3.8577256,26.165283,38.485947,13.746522,3.0318265,8.220574,18.934507,11.025579,3.5061011,2.9844522,6.714848,6.5645227,16.734835,18.45415,9.391601,11.422754,53.06542,89.9168,37.8494,4.207761,5.515033,13.907536,9.607296,8.467596,7.04696,4.4180403,7.6249843,52.33293,66.081345,19.325958,4.7775035,9.082927,17.515862,8.867146,5.591788,6.5032177,18.377995,14.715157,19.855185,18.799047,5.4977975,5.8508162,35.282772,51.094944,21.092999,20.135935,14.607385,26.009567,14.9624605,5.0403056,3.6703198,2.8558133,12.104702,70.05172,76.08236,18.193672,6.6493416,2.1191545,0.38567874,8.768329,18.442995,10.557177,11.596304,11.721439,32.450832,26.492277,5.4268103,4.707708,15.237671,18.928802,9.769591,12.512661,10.752692,18.59086,10.576143,14.018635,8.720144,5.8572803,11.91569,49.695267,46.470116,8.934954,4.2383175,5.0916004,7.067875,9.9130335,17.068233,8.025431,6.2468486,13.523471,38.370102,26.883806,2.348504,1.7400448,9.293476,9.994173,8.160015,10.382167,17.367262,27.99273,12.389417,10.57555,6.0377135,7.0648475,10.6378,33.730957,27.124968,3.796319,1.828212,5.402546,6.589191,3.4449272,4.473001,3.8327746,6.5720625,11.639919,27.26217,16.33769,1.8721658,1.9234132,6.2514544,5.7620506,1.0704769,1.0116808,10.0405035,14.104321,6.5431986,8.037746,3.8048062,3.4445126,7.006227,19.297956,13.350029,3.298441,3.5627666,13.031108,13.724021,6.070312,6.926099,5.7504897,8.6990385,12.738915,24.85836,12.934083,6.7819448,4.328799,0.55361956,0.8123745,3.451865,3.472807,6.451475,7.754678,2.977155,3.1935802,2.018215,3.120709,4.816195,10.884816,6.4901443,2.8379445,2.5570588,6.288437,5.8452673,8.672226,9.661136,3.5122235,3.679927,3.0934112,4.8960166,2.3928392,2.5833356,3.6749892,9.5155325,6.7219415,6.699483,5.7011995,4.975756,5.1075234,3.3207202,4.013227,3.913857,5.913291,6.5772443,12.258237
1,1.7884374,7.4072676,9.4862175,6.3999166,7.5447636,11.366432,8.81342,10.432839,20.464628,15.562991,8.274301,26.653032,31.44464,32.439915,23.964937,14.665826,17.133404,17.40334,7.948941,6.1120567,6.626072,8.366822,9.498638,12.8246975,8.619999,17.62487,83.96654,82.0527,16.61729,6.454618,9.488352,25.61439,24.793905,17.099611,33.28968,46.21515,42.66547,43.241764,54.84797,36.3117,27.687437,10.522862,8.777722,15.427704,8.255114,4.554142,14.930778,19.783726,31.335432,29.305761,30.89203,19.10041,24.424034,39.277668,27.593737,31.172329,62.017063,46.698944,19.236885,8.619748,14.709549,43.296608,36.923103,35.776253,33.67319,34.860104,38.930176,26.044075,12.373361,58.247932,59.598812,13.951297,21.009504,32.262783,19.325964,17.27567,23.014944,15.55213,10.114144,4.3713813,12.479514,28.872059,22.972517,22.092445,8.680922,16.713829,36.05406,20.095497,4.5317435,13.30913,11.575656,6.108927,31.01876,39.901184,12.188266,20.063168,39.87486,20.966259,13.143215,35.381523,28.02358,11.519101,6.9670877,5.6038733,5.7635407,7.165494,11.018248,19.195522,21.829456,19.652065,16.208342,15.613304,7.479036,6.667328,15.427929,11.069737,7.1599193,16.092457,20.948095,34.50517,24.964909,18.411757,17.66558,16.61667,12.22027,10.633858,11.46505,4.7676377,5.3799696,11.476969,6.7512875,3.3803499,12.702919,14.984997,21.734518,12.125928,2.6916823,4.325444,4.2180367,4.650818,9.104567,12.202792,17.255919,14.321727,8.52527,20.006422,24.414804,14.506215,10.11096,4.095465,9.948241,11.655035,5.9592414,3.843145,3.2360163,19.511866,22.407484,14.662278,10.024915,5.214312,9.931107,10.72843,8.14366,5.8843865,4.486593,8.07263,8.063138,1.7013149,1.2796215,2.1584222,4.673703,8.300136,17.208614,12.265587,9.778615,9.736655,8.6490135,4.45044,4.060553,4.554463,2.054999,4.9854383,10.828486,13.137361,15.83558,8.405796,5.8334484,1.93802,9.966889,12.95622,7.6790566,6.071186,5.6159444
1,6.270713,13.236213,16.644634,17.820604,14.324484,9.937573,7.2284603,7.929469,10.503622,38.38266,52.090004,19.409578,14.76718,18.562748,21.867887,9.658528,11.0898905,14.481154,7.3764296,20.359182,38.720432,59.76459,76.00948,55.554054,25.135084,27.97588,15.50729,12.5791445,20.13985,26.44737,21.157356,57.167618,111.66391,67.02909,41.64615,40.444668,29.821016,26.835064,22.83179,7.8386707,15.985042,26.53349,32.791496,18.131481,9.12321,5.912215,9.75631,5.6121244,31.074451,41.687393,28.781368,47.171,61.593643,71.90106,37.845757,17.961391,23.128296,49.06601,31.607887,43.01477,62.171883,27.703352,36.57382,48.065395,52.74166,29.707357,21.560083,27.523811,26.456863,19.595009,24.282358,39.282555,25.847864,24.499025,30.33521,35.050426,20.492233,13.811245,24.242039,12.036617,20.747486,33.215088,46.93031,28.455927,40.786636,65.318794,31.874905,18.709133,17.26807,9.464922,11.430255,33.568935,50.250725,22.80615,15.398075,16.493841,15.01339,11.558121,7.8656693,2.1884763,2.3613956,9.549439,18.071718,28.00751,19.92654,14.167735,12.87036,21.692469,27.655384,28.723312,24.723104,16.266352,26.932774,37.9062,45.02921,25.708563,12.273696,18.48758,13.777464,19.679447,22.300585,12.443878,26.374271,26.96916,21.39174,18.899607,14.295573,12.935444,17.683235,9.021882,8.557271,12.307018,4.596035,1.0419947,15.906493,30.110077,21.287416,13.887179,6.288056,4.609945,6.5493584,11.495049,17.370836,14.334664,29.859627,37.012646,12.841268,15.710359,14.965011,4.7097154,7.107931,5.267942,2.7879882,6.3866334,19.876324,18.626987,7.5387936,4.3532166,7.6093183,8.423915,2.2670643,1.37384,7.75941,11.361254,5.8272214,4.921798,11.685711,20.219812,9.600393,4.835644,8.54361,13.910802,8.359193,5.0182858,8.684733,4.66024,20.948603,27.463034,11.725542,6.6870947,5.5963492,5.390766,3.1389358,3.0307446,9.607857,19.514833,14.642637,10.132219,5.600212,6.012767,8.383262,8.826134,4.704648
1,0.032010578,0.11170212,0.51705855,0.5267805,4.962427,9.724252,5.3779716,11.588794,11.292093,3.6624758,5.8010783,8.192884,35.61132,34.10296,6.302745,1.2276428,1.7925771,7.791425,7.3293095,8.817634,16.113739,11.270436,36.60853,33.864254,11.025858,17.158216,7.8171554,3.7683952,3.437753,14.239565,25.37537,12.164386,18.39979,16.487234,30.18451,52.59255,24.81642,40.073643,35.17074,5.796939,3.365388,1.4535193,1.0246887,1.0051901,12.154149,20.48719,10.072364,19.911308,16.889612,10.157195,16.38281,8.723512,20.504454,17.092438,7.7320237,11.937329,11.306734,36.90354,30.255123,34.87362,55.366997,21.711,3.9518602,3.431854,26.30131,41.19328,16.92459,20.274271,16.089724,17.250479,26.38105,16.331852,44.123,34.265198,9.332081,12.865292,4.8546367,3.663502,2.7894986,0.82061,1.1270552,0.85686374,2.425864,2.5188806,21.913372,31.926079,13.222125,21.5123,15.852327,5.0192246,6.8525667,2.8190312,4.8421297,3.6963851,13.971659,19.69568,15.612223,42.47274,30.233057,12.478619,16.781,5.513095,1.3264209,1.083042,6.3397365,8.622002,13.120652,36.467575,25.033855,11.148736,14.671959,4.723921,3.3935096,2.4658074,8.485948,11.107539,3.5898948,3.341121,3.0996413,19.222584,24.74381,9.065262,13.861454,9.056304,8.863829,11.195696,4.596316,8.593992,5.595877,9.708515,12.089751,12.71989,31.404814,19.677322,2.0093155,2.1052597,2.489037,6.0395217,3.720094,1.7451671,2.0875645,2.3276222,5.555713,3.882451,14.001718,16.515577,4.9382873,5.845871,3.525738,4.528541,5.236611,3.079334,6.4594007,4.4090805,14.548801,16.573559,8.808168,18.03869,10.31797,3.0567462,3.396003,2.788475,6.032586,3.3813953,0.2517992,0.33752054,10.78734,23.826319,13.218543,10.816067,11.693934,2.7300732,1.3143376,0.7589519,1.731603,1.8370374,3.8736787,8.192439,4.660822,9.565125,9.990573,3.0923388,4.681272,2.5324647,3.6424544,3.735704,1.4549942,2.4800324,1.3425006,2.2002945,2.2198215,7.719301,15.425635
1,2.741955,4.8230753,4.289329,9.373722,15.599699,6.6246786,3.265413,3.6016304,6.2619033,12.98755,7.8144455,22.01807,28.188044,11.901019,4.768851,5.581285,6.0976567,4.9431834,10.629085,6.7400002,1.9949337,11.738399,25.123886,18.541836,42.01343,56.944397,51.94158,29.557896,13.416675,10.138513,15.787404,8.138703,19.881638,24.578596,25.38532,23.546022,12.770925,23.57744,44.350727,64.628075,53.59238,38.754333,25.257051,16.260906,16.003748,9.700873,6.129534,8.266167,10.608446,10.0082855,10.790056,10.838033,11.681349,21.775515,15.441514,12.358986,16.899124,16.047096,21.248238,22.405151,21.775898,20.553728,9.710001,10.109376,34.00886,55.99717,51.450703,29.562683,3.8943863,8.854502,18.315687,28.095821,26.024557,19.795242,17.24699,11.8639145,22.826971,25.223782,18.981941,26.967934,16.101133,3.4791412,5.54248,7.493096,5.556796,10.6242,17.184723,22.239567,11.646683,13.851969,19.544865,21.701754,9.952347,20.248714,17.839106,8.319326,17.093853,28.270489,25.259407,17.371323,9.045861,4.1413054,11.272765,15.326385,20.550016,30.552753,25.200026,16.447739,5.5103655,3.792523,5.0158033,5.473519,5.6599264,7.648907,13.8603735,9.494565,11.119748,14.97654,6.733359,9.862994,7.934537,14.817445,27.308247,13.292826,7.803202,10.589352,12.579992,12.127031,12.290179,10.280755,11.912428,21.832237,12.901921,7.790493,7.158147,4.4028835,9.526506,6.5038733,2.7661314,4.1143746,2.77451,5.707444,9.233307,10.289171,3.8672278,7.5310445,5.8479743,3.38528,5.5551577,5.9324155,4.7246323,8.211874,12.478708,12.953795,8.199758,3.7854965,2.1911607,5.595918,14.054538,10.31558,6.531068,10.433859,4.4458313,3.3210723,3.1529262,1.8621769,3.6045537,6.701798,8.817162,11.019564,12.974816,6.08971,2.7511365,2.7335577,1.0895311,2.6192641,10.898014,10.152164,4.580664,7.1255293,3.9651442,3.8511899,6.804955,9.422208,5.4505095,2.669794,1.4057032,1.9575872,3.2796664,2.4950857,5.001576,7.1613,7.2967196
1,1.5785832,10.65874,15.784995,7.7180886,7.133879,14.770829,13.909029,17.457102,10.434016,3.7498958,4.243812,5.375578,9.13051,11.661818,23.079107,16.217295,7.509895,15.6317625,23.417604,45.68545,48.468277,12.43297,30.692358,72.02355,53.56917,55.440983,58.41698,67.98726,49.96855,43.602318,20.15101,16.431574,20.307737,10.209718,9.623972,55.30835,59.67448,20.163568,15.909797,24.042366,24.043222,32.93671,15.430019,11.982531,37.836845,35.133457,10.275217,31.912926,62.910137,39.998833,36.379154,14.518591,22.814209,75.418846,60.852356,19.526785,11.30445,7.61352,30.563358,38.348804,21.860897,28.23601,63.84742,43.88738,4.6439548,5.7309833,8.01434,2.8128717,2.2486105,7.8245077,8.125479,12.244134,18.050049,28.078611,12.231846,13.671764,58.14546,54.322803,18.406778,14.55922,19.18072,10.350881,7.9180727,31.37911,36.72091,52.670692,41.8169,6.5867934,28.370197,48.044735,20.486214,4.9947276,11.527384,12.809021,20.235588,14.502397,8.710907,20.305462,29.200716,26.86666,27.360708,20.750206,15.843326,2.5061977,2.2198808,3.552845,10.408505,13.860247,22.313385,23.985153,36.78603,40.923393,64.96806,32.498154,3.6640844,21.018448,23.066727,15.738025,13.253518,13.87953,15.914014,23.218504,12.971113,10.579971,3.6990752,4.379004,11.044206,16.625458,29.750074,19.666798,18.7406,16.065264,15.8023205,5.6149397,5.543056,10.284684,18.487373,29.91671,41.073936,49.08964,14.561517,4.04624,4.140127,5.0156326,8.293064,15.748927,22.182968,8.485955,3.7127159,2.461091,7.332106,16.911825,20.972359,31.24925,13.199361,1.9222268,4.763484,7.0596685,15.929945,15.509955,22.197153,14.004446,12.6893215,10.289359,10.251906,8.975189,6.977371,0.9277694,7.738915,13.18546,8.834139,8.55931,2.972683,6.316464,17.485487,12.703849,8.0897,5.111883,4.8526716,8.249568,9.446831,13.460603,10.6818075,1.5529183,1.696956,3.1211739,12.324395,15.56096,13.43091,12.36658,10.744093,10.6140585,15.359014
1,1.181676,3.3727424,15.345568,15.367134,7.936317,13.60403,8.3185,12.657986,15.528837,10.837532,9.466976,20.606209,24.375149,8.248872,5.009126,8.8341055,12.714724,9.6509075,12.136074,7.768047,9.529749,25.351542,36.80661,57.81532,43.824768,33.390194,44.5619,19.296658,32.731514,24.564247,11.414524,26.311033,45.176933,54.17363,43.741287,31.262274,26.172047,21.994284,20.615088,10.816667,10.992105,8.940936,9.745749,9.475233,14.617487,9.303983,14.432682,19.769968,20.483194,34.780586,26.590864,24.29761,24.140062,13.323433,29.139671,45.602016,23.13601,9.528504,20.297285,40.655293,26.699594,37.64509,37.619957,15.515972,6.6974626,12.507938,36.630527,35.560062,15.945212,23.892149,14.26247,9.410936,9.304032,11.646069,15.86704,19.941866,12.722329,25.824427,23.087574,10.000419,11.180941,15.322176,21.312857,24.578959,31.773983,33.406967,12.030787,3.5743089,14.1311455,26.99229,24.449772,19.830452,31.911833,23.088411,18.775892,28.427717,20.053083,13.988898,13.240868,15.579617,8.582951,9.443091,8.182588,2.8048587,7.1421084,11.379285,12.089606,12.448573,21.971752,15.739079,21.381838,21.850351,15.655399,13.99815,10.277417,17.054472,26.382755,20.369205,20.084402,13.194526,17.117752,17.027302,5.286272,6.7521834,10.285193,12.831761,6.858793,7.442225,13.911852,12.32862,9.827349,3.9850519,6.9271255,11.496022,12.222615,6.904761,14.556918,11.350865,11.17205,18.44213,14.013528,8.641411,7.8252187,18.199427,26.619207,9.807317,2.9652867,2.9011283,4.45534,4.8901043,10.035801,11.459849,6.709782,4.114236,8.50352,9.73835,4.943159,3.8195436,4.846679,5.520499,9.186838,7.1112514,2.1170516,3.2921197,2.5800445,5.6619954,7.40833,12.337103,13.1432295,10.808925,7.604178,5.1070547,5.937564,5.258217,7.134908,6.858007,5.2746863,6.954238,9.548661,11.223905,5.213185,7.541623,5.870501,5.0877047,4.3155494,4.171796,2.5490859,4.008085,3.1242921,2.312194,5.578692,6.5835156,6.281571
1,4.504405,6.7780848,8.087016,6.7800326,6.3107986,4.380261,4.174262,5.928468,5.1710715,3.7489703,5.2552896,4.3937287,3.0908446,3.9641175,3.740099,6.596706,10.103987,13.410248,19.79818,11.3348255,6.961051,8.185397,7.4532323,4.8631635,7.180623,7.6342835,7.1908054,9.282515,10.99761,11.507606,9.936741,15.305893,14.918327,22.941483,34.37204,59.168217,100.65937,118.03446,76.62711,28.128975,23.193586,19.239294,16.466413,13.069645,8.165006,10.500714,12.907082,14.39123,10.102684,8.996395,7.7576423,15.153081,11.869294,9.02818,13.138397,11.988356,6.7983813,7.3972487,7.2820563,8.741905,10.544203,11.248819,7.3908377,9.882217,12.108329,11.256208,14.05519,14.680506,13.116588,26.613285,34.775497,37.739994,51.26012,56.387363,79.816795,72.26149,26.96405,16.166265,11.927415,13.010407,9.342191,6.5035615,7.9547296,8.367709,7.145356,9.040618,10.732008,8.289603,10.622917,14.037459,16.673166,9.891415,8.111477,12.071711,10.753602,10.042786,7.7822595,4.1142516,4.815145,8.064509,9.272146,11.064573,11.345943,9.037355,8.1552105,19.021605,20.46994,17.215864,34.92452,29.846163,29.413853,52.768856,42.208412,21.765074,12.766976,12.502376,9.659695,7.4254866,7.7867885,9.737647,12.325135,8.587579,8.5080805,8.683511,8.622754,6.7729864,10.170346,9.174657,8.212354,9.33625,13.4143505,7.9102507,6.4302588,5.557052,4.662942,5.003695,9.660388,10.326758,9.342067,7.691112,6.4936576,9.509497,15.968427,13.126697,17.287256,21.088402,17.815338,16.892138,20.739613,22.365948,13.236849,6.7924104,5.816549,5.7591786,5.1683583,5.185451,4.985871,6.1136546,6.986133,6.615958,6.6835694,6.7530236,5.85752,6.7447553,7.15983,8.565305,8.074553,8.870378,8.508057,6.6034727,7.7290893,4.236187,6.3086205,8.893978,8.436856,6.2481585,5.91274,5.8699126,9.990271,7.54111,6.5804887,7.499275,12.310022,12.606389,9.170746,8.596511,8.592264,6.7784195,5.54685,3.019768,4.100068,4.6121025,3.6433392
1,0.7060343,0.900318,3.5489297,6.888426,5.436403,4.6730824,4.2279916,8.470137,8.605105,7.033989,8.340205,7.9249163,11.298426,40.183594,41.11962,11.190241,1.6990535,1.4596512,2.526924,4.4481645,5.838529,4.7243013,6.8243318,14.965506,17.435791,17.70696,50.60701,74.62808,68.8137,51.21692,58.05949,27.398552,11.3157625,11.163966,12.090076,6.805297,13.045,38.675076,30.261581,37.23843,59.65126,62.94455,35.76598,36.533188,40.292374,20.201645,12.67835,7.272412,5.735444,3.2308137,5.6986938,6.8230133,9.383893,21.246292,25.854534,15.096587,11.532929,29.522387,36.09835,32.97445,20.363997,13.290706,10.057362,19.76475,32.351624,41.241577,41.07358,42.994846,32.078987,22.167223,39.336494,48.977333,44.247967,38.836826,27.034622,16.950792,10.983124,18.962849,22.647585,20.845293,22.32874,17.704294,10.246512,8.667391,17.195467,19.132229,18.286215,17.30225,15.000149,4.8286743,10.185115,17.590601,14.346378,15.917196,20.359436,17.27283,26.436796,27.884087,24.298893,20.966198,30.181309,42.555748,27.968807,21.589483,24.326996,20.84143,15.637967,15.315995,12.06328,22.650717,28.989187,18.93701,11.858116,13.345835,20.2023,21.580141,11.997532,10.110505,11.628706,9.317168,6.8346395,7.2199874,5.9354024,13.554723,21.90513,16.830835,6.739265,10.237872,24.787144,17.988008,8.2754755,10.412401,14.07686,12.603414,8.942984,6.051919,9.097145,18.597391,24.006424,13.649523,9.862173,14.588602,20.032513,10.986581,7.038658,11.895378,13.417532,5.7938743,4.1503725,4.7879624,12.876918,17.535303,12.769761,6.217518,10.479143,12.400809,11.472506,7.240311,6.395186,12.436494,9.096912,4.9317555,6.146597,7.9539895,8.935887,11.204434,9.4372,9.888835,12.062651,7.3052397,7.9665265,7.213505,5.930578,7.380939,6.5864835,4.2286177,6.5771766,6.935833,5.5071473,7.13195,10.359496,12.768537,8.784217,9.539991,6.5002413,7.5297556,7.7540097,7.4550815,6.471799,10.052039,11.313005,12.962977,9.756945
1,9.069539,6.722484,3.5202222,2.7413282,2.271891,2.3735023,4.5547767,6.2787256,4.3541183,5.9193044,6.7210383,4.870714,5.663021,11.858475,17.61779,12.61083,5.5687594,4.697223,5.4883757,3.4606128,2.6528177,5.100623,6.6560283,5.7532053,4.663497,13.654434,32.7241,46.47351,53.75815,40.19441,14.698421,15.868037,12.081057,9.601457,7.3751674,11.812153,12.11614,14.100483,13.963623,18.305676,26.57095,21.471952,18.469002,24.23625,14.592152,8.758907,6.313362,2.093896,3.2497702,6.1832266,5.777567,8.662152,11.168957,20.187565,20.546492,10.99541,25.448574,31.651808,18.489805,23.265987,21.28724,13.54567,9.138037,16.49734,22.13075,14.3838215,20.467886,28.276114,19.394627,15.004059,9.367999,14.613996,15.587552,8.134685,5.1125503,5.885411,2.8229563,6.484855,8.279798,4.6051917,5.438282,8.012651,8.410019,9.587518,9.044712,10.81109,12.509708,16.505592,22.14534,14.943251,14.618423,21.61271,15.182637,12.603026,13.716742,13.960066,18.875065,20.319607,9.464611,5.806124,14.515934,16.592125,9.62503,8.256674,11.8034525,10.845235,10.669535,6.3461437,6.0460343,4.669283,5.5584497,2.9588532,4.9465413,3.6725175,2.8783019,5.8776393,11.918528,11.85959,11.147377,13.157124,7.4107494,6.6790643,12.678195,14.638852,11.303398,9.083071,8.5506935,3.7785475,5.2837043,9.460476,10.966941,11.0194,5.509071,6.867641,7.6245036,6.094466,7.5420465,4.7156568,4.5434136,4.1057944,2.435974,2.5646453,1.968736,1.4477897,2.3092883,6.4517303,9.075402,9.066846,5.570382,4.54963,8.871611,9.339837,5.3921995,3.6867514,4.379982,3.7936888,3.6498833,6.108262,6.036875,3.205928,3.3275204,4.1907315,5.024724,4.938043,5.738884,2.9490316,2.3247867,2.5619547,4.1711187,4.00536,2.4620261,2.0847087,4.7004914,6.6596365,6.6604104,6.048532,6.315742,6.2040386,7.4478083,8.219838,5.116811,5.7828717,4.4092135,5.291026,4.0461793,2.4699807,2.2078953,3.5610557,3.7295365,4.422666,1.7780498,1.9442395,3.7339644
1,8.755225,6.6370873,8.901963,11.319298,9.794548,9.653782,10.320914,10.125297,9.311691,11.820137,36.61766,47.023922,24.510092,17.031324,16.392958,11.352927,7.273512,8.474989,9.130955,6.4868073,13.334622,26.55341,29.163025,26.357313,24.845823,29.988111,31.366177,21.777847,23.385942,38.499805,23.34822,23.243252,30.184412,23.086227,18.101244,14.57213,10.202337,21.394451,32.130917,34.073074,26.169716,12.583961,19.445091,19.390978,19.884043,17.925896,8.127077,10.222874,23.75458,24.215437,29.148542,37.664047,36.899185,28.201326,19.440636,24.399357,24.659369,17.670282,20.909609,32.617104,35.622707,25.166084,40.69663,38.799767,23.438889,22.486103,22.766966,24.166214,16.741306,21.811396,34.93804,30.964561,21.182953,31.43114,20.26734,23.691938,28.266752,32.437977,20.018852,17.149845,19.774357,12.594304,15.232182,24.095438,20.529306,12.1716175,14.720407,16.901787,21.308905,15.118839,13.412885,14.466647,13.42986,14.382738,17.976957,16.13909,8.573429,8.166648,10.113058,19.980097,14.0703945,6.896713,14.97891,17.78608,19.815748,23.964544,20.55507,18.863367,14.166704,13.295353,12.420114,8.768594,7.2788143,12.602268,18.80639,30.41632,23.866882,12.535386,12.121975,9.326952,11.126468,8.448437,9.94683,10.197781,8.934337,16.430115,24.928406,18.704153,15.501816,11.845696,12.725487,11.993921,13.584127,15.042185,7.323154,7.836536,19.484173,19.210938,19.977055,16.03068,12.132675,13.0802555,12.181926,14.417464,13.096011,6.529714,5.5191364,7.540093,7.020545,8.93373,6.2564387,5.7478585,8.96003,12.81425,11.856761,5.94187,3.0642755,5.3827815,5.6129403,4.016952,5.714972,4.975387,5.255913,7.2041655,12.633112,10.336525,4.1506276,3.812119,5.105335,8.2998495,9.813604,7.4956756,3.768853,4.4138026,8.305929,12.0614805,9.025833,8.573679,8.736785,5.5199738,4.7134647,5.562642,7.638327,7.9104567,6.4395404,8.084517,8.006463,6.6870813,8.481469,7.9304895,7.359312,7.0451674,8.127391
1,0.33891,1.0676659,8.158562,10.236985,2.9282124,1.2566451,0.9773418,10.610956,21.20785,10.628702,4.263943,5.4151373,11.768654,40.772144,32.621784,8.409826,14.844806,8.050723,24.446632,30.558111,8.954593,7.448107,5.9069285,3.966852,7.8397803,4.6919727,21.222275,26.544506,9.269173,19.058609,15.224443,98.08311,196.06198,98.0732,13.526339,16.908255,7.7605524,21.036709,16.830185,15.299629,30.248253,15.411861,22.181898,27.734085,16.300634,49.488483,39.600666,17.76554,34.26931,17.274572,16.411552,20.515408,6.757529,12.075545,9.638146,2.0211196,3.2109382,3.6090093,25.746449,32.187893,9.28198,4.9776015,3.908691,71.056786,142.07948,71.11675,19.288322,24.106447,8.360344,16.272182,13.014564,23.065746,45.967934,23.379566,32.00622,40.007767,20.238955,57.92174,46.348503,17.951914,34.156307,17.136496,10.747776,13.432032,4.6120644,9.148833,7.304354,1.9680527,3.4625342,3.597434,25.112572,31.389559,9.164295,6.2396193,4.960631,50.396435,100.795586,50.40236,2.5869892,3.249044,4.398724,15.013046,12.008354,22.31252,44.474533,22.624016,31.121124,38.9046,20.963182,61.690437,49.362778,16.193695,30.136227,15.075936,5.230294,6.530544,2.5033967,5.932149,4.737994,1.4892586,2.7182777,2.8444765,19.900005,24.874802,7.1829553,3.3998609,2.677497,28.963371,57.93349,28.977589,10.888179,13.624062,5.748686,15.016939,12.000718,10.818923,21.375364,11.412993,30.943039,38.675304,16.863981,44.0742,35.26596,9.971015,18.026249,9.000776,0.7553974,0.93754756,0.3874899,0.96508783,0.7712476,0.4054508,0.79911613,1.5231503,11.761327,14.700741,4.2775865,2.6720924,2.120042,14.074223,28.15259,14.104932,9.080785,11.354292,3.5120075,4.8880877,3.8959477,4.5143714,8.9553995,5.2744083,21.874878,27.339067,9.699801,19.76642,15.81452,2.750638,3.8930109,2.001094,3.7791364,4.7225714,3.0708504,9.590448,7.6742907,1.9276232,3.3255482,1.7458247,4.4600945,5.5725603,2.2180066,5.329213,4.263636,10.335002,20.658201
1,2.9684384,3.920046,5.1806664,6.5487685,6.5775676,7.226177,6.5977774,4.2407017,4.6864424,8.539568,9.527062,14.475667,30.17236,48.194607,48.310944,21.582348,14.926947,11.946193,9.23672,6.064337,9.652038,9.71721,16.928692,29.384623,23.546759,27.555527,77.93031,124.79537,68.40782,26.692444,19.021519,21.551311,12.873723,12.164492,12.565224,11.831754,20.630592,31.815973,29.245539,47.243923,49.70811,49.993046,23.815914,15.079708,11.271566,14.879502,11.688339,15.253445,12.671615,24.446756,29.814955,30.85766,38.903065,51.35113,64.74983,45.67073,36.498367,30.750368,31.480263,20.755882,30.75105,31.310143,26.01251,34.564953,38.980453,44.230286,51.7352,37.6184,36.730217,24.978046,27.099749,19.635452,16.252731,12.990721,16.673082,15.367188,21.686392,16.304268,21.321342,29.659855,20.08751,24.905499,20.102358,27.178322,25.437298,22.34073,21.339613,35.12937,40.16916,32.727142,39.849747,29.614164,40.717655,36.98966,18.951653,15.449779,16.613678,28.241009,21.826048,12.12577,13.030999,18.34089,22.521587,23.542953,16.250124,13.302788,14.565148,11.682999,10.0350895,8.195273,18.559193,18.941809,19.147352,20.837337,19.908356,31.827456,34.035965,26.6711,26.079601,29.581879,23.537477,11.212252,12.589557,15.194619,26.681324,23.020515,18.600302,16.76149,19.385519,26.416235,19.201733,15.933286,15.706629,9.02554,10.915391,12.197273,9.29502,15.906917,16.527935,15.973574,15.23131,9.321485,18.690857,22.547194,12.448112,19.134443,20.660213,11.129494,8.995242,11.722466,10.725281,17.070354,19.643726,16.131119,13.876702,11.562835,18.812897,14.888854,15.879081,15.731836,9.891597,8.151403,9.200236,8.793349,11.692908,13.511631,9.149944,8.911749,8.259898,10.158977,10.359581,9.99808,15.057438,12.905443,5.6934977,7.209189,10.60441,9.113734,14.18354,15.858898,10.509457,10.491516,7.745442,6.3789997,12.199083,17.692244,13.346671,8.974059,8.83713,8.665944,8.342048,12.389388,18.913603
1,6.0622044,6.978753,5.209443,2.6835442,3.4677992,3.9982457,2.7974296,3.9446816,2.1985765,2.2975874,5.929677,10.919197,21.456135,23.36964,16.445107,17.099165,11.009411,9.639604,6.4676247,2.1481943,3.2233064,5.7292953,7.613596,21.045479,31.134748,29.685522,28.290102,29.217669,20.317616,30.81626,36.63615,43.63857,56.248013,52.6063,32.15934,22.592747,29.426447,29.76693,32.510178,26.933163,27.849747,29.07603,16.825243,4.733682,15.504906,15.486487,7.9588175,15.535669,15.74154,9.20394,8.699709,8.972161,7.510989,5.361829,13.749203,28.196486,29.31333,21.01363,23.43486,24.33283,36.297302,40.217087,25.508446,12.801526,38.522434,49.614944,27.349625,24.315626,33.253975,20.43858,11.172217,7.388134,25.571667,36.88686,17.270624,11.489044,21.36738,25.068962,11.975374,6.062638,13.234582,19.091583,14.200838,10.919348,18.204311,17.204391,16.092611,19.011984,14.100149,16.408953,14.493464,8.416035,7.6202636,13.719491,22.682894,34.417793,26.145275,39.30453,30.234999,37.033302,19.443457,9.113181,7.0921044,12.225314,16.442535,16.265581,10.993414,7.8092465,6.2961345,11.04283,18.016666,11.574885,4.438183,2.2966576,3.638043,9.736237,8.98234,10.406958,7.405824,8.406147,7.1740603,12.303457,12.144495,22.058147,36.13299,26.093073,24.391096,28.0526,17.601652,14.716429,12.476466,15.318039,14.208478,17.242031,15.139369,8.991924,13.460424,18.173336,14.255836,6.892641,7.467709,14.329818,17.032291,11.065938,6.054147,6.4637213,6.611719,11.2438545,10.271584,5.2097893,11.847118,12.370409,8.300772,11.416242,11.213126,7.846051,10.471759,15.377843,18.999977,18.447392,9.050537,12.01014,13.91903,14.261085,12.5105295,10.88382,7.3681393,7.894664,9.208427,4.816242,5.532028,10.661575,12.449845,5.976337,5.2254114,6.7218456,4.4971232,5.1770024,3.3656418,4.280513,3.668731,7.216588,11.627128,14.622402,8.188392,3.945487,3.2758255,3.6392238,9.948418,16.15878,13.304006,8.806316,13.900084
1,2.541753,4.452207,12.860666,12.019238,13.3480015,14.283834,11.98217,18.356283,18.022156,14.013836,24.29943,46.46667,45.525887,40.535103,17.686441,4.2529807,13.019846,24.31046,30.025166,18.339033,16.112091,35.448997,26.35811,15.697457,11.471394,17.96619,32.839954,57.9188,45.893307,24.46558,24.286022,24.888235,41.392376,52.84008,45.390705,30.098963,26.839924,20.305832,16.23912,18.679312,33.3343,56.046696,31.438593,59.820877,114.9845,156.604,126.118675,34.15948,34.529,37.92491,24.2824,23.237206,46.164463,37.413853,28.567009,44.750355,39.313244,22.40302,38.467937,40.485626,21.661592,14.689246,20.616777,25.094278,39.86961,37.42022,51.111332,58.413654,34.78577,32.888012,31.921843,35.731567,25.55139,23.08625,34.07375,60.350906,48.798832,23.925776,24.274734,35.972008,33.283222,30.647573,17.983711,21.250067,48.57301,38.507557,40.9684,72.453255,81.52965,68.2334,86.683365,69.95444,20.420696,26.270458,42.248394,29.379768,14.071259,27.533117,28.482073,29.340338,37.559803,67.17038,43.66701,28.747921,25.937855,26.308254,10.091582,14.4367695,19.275246,29.172962,32.27203,19.46006,38.571236,43.181217,28.67622,24.454464,41.189705,30.41716,20.608438,16.133224,21.56261,25.702972,10.645474,5.4312606,11.536829,16.97221,15.622209,6.637116,4.2776074,10.618081,27.884268,35.579777,46.61499,30.093903,34.96189,28.117073,9.243974,4.274462,16.471165,27.608038,12.890786,17.632019,27.243258,23.844114,36.648197,35.608196,24.12227,18.118336,18.94826,10.442998,4.0302296,13.256997,20.942574,12.83475,16.23394,31.046423,32.048756,25.267294,12.318705,13.228779,24.093334,15.615424,10.989855,10.62512,12.903521,15.37698,9.393691,16.466223,22.276068,11.643523,6.0073037,7.4991136,10.654591,19.940413,13.518161,8.178905,14.430826,27.30726,29.56513,15.630717,9.69674,18.30682,21.206657,20.263968,20.508924,11.457356,9.138607,19.243578,19.997932,21.439137,16.95827,13.798183,5.832641
1,3.3983998,4.268903,4.6827645,7.39573,6.467298,11.174183,9.259031,3.3945975,6.3586035,6.561155,10.234856,14.204465,7.886742,9.405029,15.976154,22.234596,35.020927,48.228462,28.773558,6.0483675,5.381588,12.19487,12.709899,18.63757,24.254807,20.586632,16.814234,15.128152,19.595926,18.951712,28.207169,60.868267,148.67084,138.95334,97.64005,60.655506,32.928062,26.152578,22.063177,8.196544,9.606587,13.283938,8.48928,16.780247,23.570354,19.889727,36.437363,25.469221,40.193672,41.13453,37.78305,28.46292,11.319059,10.787178,17.198143,23.958824,27.891472,17.28168,6.704918,6.7836742,11.349455,15.890855,10.396253,14.019961,52.697327,134.02489,120.59862,35.06749,19.25002,18.211641,13.386749,16.682102,7.540396,10.270601,16.246508,17.823524,37.37166,26.8021,29.707998,23.846899,17.260336,17.52035,41.690216,47.27837,19.668161,15.921522,10.0992365,6.605006,11.403338,25.335917,37.893436,34.369663,30.389338,26.35632,16.535461,7.537103,20.610186,71.84215,83.67755,45.398094,41.48434,19.982557,15.437243,11.781417,16.968063,10.812082,13.391215,13.483157,13.728126,15.631868,12.568987,29.571774,32.443714,22.307148,37.467655,40.837555,18.268421,18.731737,9.289752,10.091987,11.814044,23.82074,27.440527,17.474058,4.4627337,8.832812,17.950665,21.783585,21.979082,33.071774,47.516315,47.92417,27.8754,17.151157,25.267305,19.184277,10.723742,12.602495,9.650473,13.545055,13.327532,9.245832,8.817399,11.8946495,16.07449,8.416994,9.615805,12.682677,23.787043,22.238104,14.168809,9.243639,5.9515986,6.4391236,6.133555,15.550727,20.295242,14.976047,8.190766,9.521129,3.3966699,16.339844,32.076668,23.484453,11.137453,14.161178,14.720149,20.887644,16.036577,6.7513547,5.4850764,8.230381,9.62801,3.0785487,1.4139408,3.312447,6.288126,7.718335,7.8169966,5.679651,11.444342,7.8922005,7.295948,7.555808,15.801961,15.299863,3.5216522,9.339576,15.077937,15.371521,12.346364,5.1539426,4.598446
1,0.33004317,1.0918388,12.29326,20.981836,29.895271,18.155993,9.685013,16.917437,12.824507,17.901201,20.902658,13.907856,7.6755886,12.238775,20.396698,27.26028,21.698488,16.908947,20.297644,35.91444,30.728489,17.717442,17.045948,33.28116,37.680225,35.274014,16.138218,12.168339,12.7377405,4.4319296,9.682805,20.798767,28.155018,18.404282,33.959164,35.23995,37.430214,109.89796,105.844246,108.54054,151.33585,84.33099,43.90366,59.7397,22.882889,22.346315,25.310808,12.681638,23.678505,25.857311,25.783993,23.92241,18.830254,16.234898,17.549309,25.551092,33.817226,34.962547,16.228312,42.937588,45.35504,41.71086,46.910816,29.792105,19.533453,29.963234,13.374599,5.7968583,7.9513597,8.673034,16.257547,29.284243,41.712566,38.687943,29.851233,21.327719,29.486372,91.56362,79.29895,40.150364,37.663517,63.211052,59.945267,19.54024,37.05767,27.115253,17.082565,33.80417,37.855495,45.170193,49.986374,22.702099,34.751064,38.52171,25.726965,12.597743,27.04059,36.434666,29.58541,56.329582,52.171295,22.446913,44.07398,35.42181,29.38518,37.470734,19.155546,6.287054,5.205686,9.9696245,18.992413,23.328367,26.050936,28.693386,26.342913,34.004692,55.50562,38.07664,25.96971,20.708475,10.753212,26.145077,31.97698,29.73158,20.456715,29.617104,35.594143,15.0598755,31.19298,29.337425,6.619842,6.0514913,26.743246,30.770199,11.145896,13.909168,31.367706,41.06369,15.568396,26.723759,28.648495,18.6767,16.605616,21.07208,22.769758,11.54836,17.557384,17.98055,14.930591,7.801391,19.384724,22.73851,17.786413,13.76403,10.735707,8.027611,4.0977182,4.2790313,30.374088,48.467697,19.252684,17.038946,20.012571,8.192538,4.153573,13.1365595,18.838192,12.462625,6.8211007,1.8646286,3.576457,11.281488,11.326261,14.431937,23.15494,13.083719,10.319779,15.626803,17.4196,10.991801,2.425993,2.9405408,6.614442,10.723809,14.622937,18.108463,17.46207,15.460272,11.975706,7.1390777,11.021412,15.314764,18.967382
1,6.420128,10.218389,17.160109,14.0138855,12.936825,19.116894,8.375183,12.445105,21.237307,20.54464,23.416868,48.29002,77.88688,42.830513,13.125753,4.017216,6.1372848,8.863304,10.984315,22.689857,20.910484,14.378948,76.011925,114.24874,46.156532,19.903961,35.578625,32.48425,15.526541,23.49322,52.087013,71.28003,46.516468,24.481504,65.44319,96.29954,70.65935,33.578945,8.29066,3.965168,22.63711,34.399635,23.092014,29.875898,19.744785,31.194744,40.882114,35.555855,34.283024,23.11989,11.071779,3.884192,36.024033,63.081917,68.04541,34.938683,36.3378,52.458527,62.292233,59.83349,23.29574,12.468582,38.148712,49.359493,48.833015,41.934147,37.5302,32.97295,31.086931,38.765316,46.80873,44.7641,22.063921,12.63128,17.523891,43.326298,47.6691,15.789821,14.260627,34.15257,27.363188,24.986166,24.764484,13.19904,22.105185,38.615047,38.147568,34.43764,27.839983,24.90227,45.33562,35.263813,45.704266,38.111538,21.366611,29.115997,23.08366,28.900423,36.38912,32.962765,21.38851,22.74036,41.975376,27.4811,28.753263,23.290916,20.478205,30.304916,12.701927,9.578918,18.540375,18.207739,16.322691,21.40894,28.26956,41.22374,30.13289,20.361528,19.813812,13.304768,8.97686,8.020347,22.399275,19.87149,18.501915,30.457844,34.32126,39.1469,28.182596,24.505922,24.563555,10.439848,7.9272637,7.514525,21.274483,18.707352,9.596589,21.020206,33.744152,16.829424,4.458927,6.329997,9.911244,12.166331,7.696867,16.887655,11.89815,5.2378,15.294003,25.327406,26.828844,16.661058,7.926885,6.580763,9.388443,10.059057,6.9562116,15.756756,10.939065,4.3839192,18.236168,27.617704,16.665321,7.2090435,7.7238193,13.156947,13.735224,9.517838,12.613016,7.2333264,14.503119,13.120471,10.794951,15.254017,7.956171,5.0300093,4.39437,5.767974,9.365789,11.630251,6.531684,5.1226664,12.202988,11.8644085,10.88153,13.3185005,7.6147385,15.863362,10.556532,2.7571037,10.076525,14.807176,9.572575
1,4.205176,12.17792,11.18326,8.243029,10.3647995,5.0473022,3.2776358,3.9886363,5.007536,10.005884,21.832886,18.327065,15.929643,12.106228,12.198998,13.559921,21.385668,24.37134,19.026827,32.542683,25.205706,23.419596,59.33792,58.409798,68.97995,82.701805,55.317707,55.7392,42.64322,51.547188,46.76343,34.47916,23.714228,43.029385,59.8513,38.14744,30.641079,35.468975,27.982899,24.421654,24.417309,15.0996275,31.614277,28.013454,22.453476,24.146864,24.064718,23.740747,17.570482,58.99098,54.667473,29.988455,39.168045,36.947784,53.037933,63.13373,60.506577,33.14364,38.074387,43.101715,20.679672,34.845745,45.920574,29.972998,18.985714,16.95837,22.093832,22.903011,8.811647,9.017112,14.471196,42.681675,51.256702,31.585878,22.587685,31.916765,51.591022,32.03602,26.5074,20.592752,26.453274,21.493164,14.868592,38.79573,55.728256,41.47549,43.557095,24.672207,20.314165,15.654265,26.849205,20.43259,10.813915,19.730486,14.311025,15.328622,26.35485,17.560467,22.56528,16.921453,17.407263,17.658096,13.892298,17.540342,26.159155,34.731472,40.272507,31.884655,27.799223,27.307247,39.891273,41.629585,32.02619,25.294956,22.436157,28.861553,17.368246,8.345762,9.488927,13.775486,10.697262,8.444108,10.861163,10.681546,8.382181,18.774181,25.99123,15.895117,14.061479,19.085096,14.274256,12.21652,26.840689,28.68154,15.29884,16.37493,19.68217,26.25647,24.335371,18.221872,19.113914,14.6356735,19.310991,9.969052,9.08039,9.285642,4.672953,9.053921,15.06872,11.6589985,8.915945,8.334363,6.5587783,17.043716,17.242678,7.5473757,9.335938,15.253707,8.768634,20.020208,28.810041,13.999555,14.378358,15.688624,9.213692,6.053674,8.77643,7.782408,7.2711873,7.0096273,7.500164,10.75917,8.904893,7.8963647,7.390099,14.13836,12.296417,10.826171,12.618394,6.082169,5.8623714,11.043754,19.214148,10.701309,12.784367,11.096815,9.861489,14.799137,9.352523,5.509039,4.2982335,3.9094396,2.3098044
1,0.08837472,0.29427558,1.8001481,2.0587304,4.1023955,10.973272,7.203109,0.76129746,1.2091874,8.258589,31.589243,26.851988,18.925192,35.69087,17.49226,19.905813,21.781967,6.1607447,9.185583,6.038649,20.575394,29.085161,9.806174,0.87346154,1.1384908,58.230305,107.50173,49.50561,7.1835804,7.525042,7.7046423,18.642511,11.39535,12.309269,16.774708,13.483655,42.298885,33.43471,39.640076,70.093994,31.036808,10.598352,10.763954,6.2774196,13.793001,8.669748,27.621464,36.254715,11.367878,8.7832985,6.7291937,26.791351,45.703316,19.36609,6.555686,6.402446,11.500692,25.953245,15.012616,30.005627,37.970833,18.16822,44.476814,32.68969,38.564888,63.20627,25.622618,4.0874557,3.7588906,17.781343,38.559956,21.02854,16.240602,19.81384,8.113783,18.017048,12.735099,4.0671034,6.213978,2.4220378,1.1300076,1.0313804,8.451824,17.63192,10.145964,30.977343,36.441116,14.543997,30.742949,20.971813,14.321927,21.69777,8.044467,1.3107544,1.088713,27.019375,54.032993,27.036509,4.483496,5.1150856,8.238863,22.036245,14.468695,6.5493255,9.531888,4.1299706,9.318629,7.92089,4.1339607,7.67307,5.65709,25.295048,27.676851,8.179754,12.746704,8.065146,2.312652,3.2050939,1.9194952,5.808071,4.7791595,19.840664,36.597878,16.8864,7.10946,7.4912815,4.6526885,10.687003,6.506582,0.51129633,0.6339667,3.5925493,12.335326,9.7504635,11.076087,19.576298,8.839878,9.063127,9.22454,3.6777465,7.369675,4.498875,10.933846,14.355435,5.2643013,9.708454,7.394192,6.42529,10.863839,4.7342725,5.795239,5.684377,1.3086885,1.6512895,1.7429216,12.346506,15.622287,5.2141333,7.803427,5.736878,8.82056,14.472246,5.8615713,0.2812417,0.1891416,7.6072745,16.516367,8.988429,5.6354537,6.87683,3.725363,9.588512,6.7806563,3.5811803,5.6036186,2.3544853,4.0492377,3.7001011,1.5293922,2.9090307,2.2683663,11.901853,14.002961,3.7717397,2.754127,1.8564107,1.0625255,1.6072856,0.6153719,0.6167584,0.54271036,11.180894,22.364235
1,6.09248,7.2275662,8.693387,17.15097,23.239782,15.9736395,12.940702,6.0084305,13.489994,22.432291,41.577023,38.43668,45.335354,37.26976,12.714857,8.454967,4.209344,6.0308447,9.843409,11.587404,15.364465,7.894355,5.178823,30.380335,45.104076,26.315594,19.661861,16.590147,42.02774,43.959785,31.039146,27.509089,18.01646,39.909912,32.11012,21.555065,44.58659,34.1402,36.74433,37.6879,30.065098,40.937733,17.062277,9.188263,14.679841,18.224924,20.938177,14.925066,7.0385375,5.9702063,3.5220864,10.457441,29.62014,28.631546,14.912906,12.970249,9.793872,5.2027626,12.675457,24.362724,20.242514,15.466305,26.36009,50.36997,59.712303,46.816143,26.506489,30.531464,29.223057,24.13945,16.010298,15.702856,32.696075,32.19929,27.145895,35.814304,33.96055,18.540062,12.485347,14.242204,17.158226,14.643842,13.637468,18.622786,15.95665,14.931501,16.028736,16.140364,18.801527,19.97367,18.810902,23.342352,21.484076,13.405826,17.537169,15.824953,20.63982,20.44173,20.596203,28.120384,12.2349615,14.724467,18.527388,16.533653,23.385235,18.16314,11.390774,15.190898,16.30945,12.482584,7.3067126,11.87727,9.362401,8.934894,9.415959,9.024816,7.578862,10.02458,13.075487,9.632913,4.2508216,2.8171463,8.918326,10.291571,5.5706134,5.311099,4.883441,12.018709,27.171286,20.842005,10.247208,8.575311,12.492209,8.162806,15.07524,26.371407,16.395796,9.371155,10.886397,4.807548,3.4486141,4.3716226,6.7929816,6.3384376,3.973254,5.7253094,6.0184712,9.251394,14.944088,10.899823,9.540651,6.14642,1.9606038,6.9807377,13.565183,9.040469,8.864863,6.166995,7.929438,9.642233,6.3067093,5.6090064,3.6861286,8.762263,9.064362,10.545735,15.991081,11.996033,6.026914,6.0102415,12.042422,7.991109,6.1838946,5.1555066,5.39429,8.503839,13.249614,9.52432,10.072007,3.8031569,7.544973,9.061781,9.389146,9.214062,6.5828257,6.45025,9.906711,10.260498,9.407073,6.130748,3.5172312,4.078716,6.125258
1,0.1977914,0.42097026,8.328203,20.942465,12.973749,2.6917603,8.439121,6.4268494,4.5202227,19.504032,18.069937,3.3785644,7.795765,8.788181,3.0994706,22.950117,31.597965,10.303345,0.8735688,0.55248034,0.23345982,2.919651,6.127487,3.227403,2.4859202,6.5845723,4.3333035,5.0252,17.26158,14.401925,31.536802,148.75658,143.92744,28.388357,55.8092,65.716286,17.211744,2.559536,2.4531376,1.0443404,21.222557,37.60801,16.589882,1.3019418,2.6797113,2.2881644,26.277794,73.91039,50.171124,8.206087,26.568766,22.054893,4.5574045,17.216072,17.405056,3.7185497,8.202271,10.091292,3.4646242,27.991512,42.1903,15.430633,46.422894,86.2799,40.031204,36.153,84.14815,48.613743,6.681759,19.36562,13.791758,7.7391186,30.231571,26.229065,4.786906,15.282522,16.151443,6.0317273,42.624096,54.850876,16.471365,31.247576,49.283024,19.035784,11.068538,21.54202,10.508278,7.352119,18.040644,10.944642,11.71698,36.955517,27.459286,4.067286,12.609516,11.449744,8.574442,50.289886,55.50798,13.180688,14.277426,19.061314,6.0426564,5.729654,9.402362,3.84027,12.764264,26.15537,13.410137,6.162612,15.959362,10.1624775,12.56408,42.104534,32.700504,4.506637,10.846851,10.264253,2.3430893,9.331268,10.753525,3.078303,15.554223,21.901764,7.357043,4.9603486,8.548695,3.68755,17.234674,37.139202,19.980284,4.4417596,12.127804,8.046979,1.3399318,4.311733,3.5184588,3.0175173,14.602013,14.439344,3.3368242,12.571277,15.15541,4.2506933,15.435861,22.716822,8.0807905,4.7056737,8.508206,3.8464723,0.5479069,1.226087,0.6997592,1.4315032,4.146566,2.8771963,0.9525439,3.4782844,3.025544,4.2356925,22.414907,23.161179,4.908259,1.3243426,1.4371663,0.43799755,1.5432885,2.381216,0.8964136,3.4603713,6.5941434,3.146273,8.226847,19.654013,11.624509,2.0757096,6.233258,4.527682,2.3004441,9.191224,8.152472,1.3526922,2.4924562,2.6774096,0.62542534,1.0783434,1.4185739,0.44090632,1.2349359,1.9931432,0.7912651,13.163784,26.329046
1,0.011940348,0.015318413,0.04496735,0.27971014,0.33653557,0.33142665,4.211938,12.530072,8.892128,0.79279685,0.80756867,1.3000875,0.594689,1.8498468,9.039963,8.925931,1.7554538,4.2921505,10.195356,6.023545,0.9445039,9.506269,13.053645,4.241871,1.2891648,4.5959415,3.799082,0.5373915,18.944353,36.84275,17.906073,3.5696554,23.455147,26.928638,7.440704,41.80086,120.23987,83.14835,6.7904673,4.972204,7.629936,3.2457635,8.280373,38.691723,37.264614,6.952441,8.596028,19.788198,11.359115,2.8271294,26.812744,35.879654,11.316667,8.544826,30.012337,24.220335,3.0920868,10.271682,19.377094,9.154123,0.89700687,5.4800873,6.145262,2.3873923,28.506268,79.40348,53.487595,4.572895,36.563755,57.209328,21.936703,8.883633,39.392635,36.992073,6.5876646,10.928123,24.37939,13.639278,1.6114583,14.062032,18.345234,5.565938,3.3007584,11.178489,8.787461,1.1562153,23.86831,43.902676,20.154127,3.249202,19.052074,20.805779,4.8601213,6.3539624,17.0325,11.1821375,1.1334791,12.615304,19.204744,7.4105015,15.278846,65.635994,60.10503,10.16316,15.290741,33.227962,18.052082,0.55417126,3.2394147,4.137929,1.4831047,9.677531,31.911915,24.465141,2.7524705,9.6676855,17.293268,7.706371,1.0431905,5.7457633,6.124482,1.4574999,10.004163,26.149046,16.718513,1.3882235,13.171257,19.539865,7.0184393,0.9865098,3.5808663,3.1967933,0.5329939,8.623435,18.24956,9.694553,4.1285286,32.344955,40.087646,11.316999,1.3318528,2.0858035,1.555814,0.33645874,8.693253,15.146759,6.5529003,2.851284,15.260665,15.850207,3.4103134,9.63304,24.400177,15.184936,0.8058002,0.22113185,0.19331267,0.07435292,0.15076318,0.596036,0.5184872,0.08467991,4.3298006,8.910541,4.5813565,0.74881315,5.5058737,6.655422,1.8218791,3.0405464,9.348467,6.8074155,0.6737631,4.0319905,6.824245,2.8681586,0.69374317,3.4956377,3.5401099,0.79752636,7.667346,18.831202,11.41079,0.71186846,5.2594843,7.4171443,2.5166557,3.5968459,13.72793,11.651003,1.6777779,3.227105,6.412358
1,4.007214,4.224058,7.345909,7.704056,7.3360167,14.168649,16.237637,15.800349,14.945906,8.056136,8.855228,15.774437,21.345848,27.432892,22.58523,10.05998,6.7115974,10.707825,16.532671,11.290893,9.588582,14.697581,15.55582,10.508799,11.365272,13.063793,25.959925,70.865654,106.18901,93.966125,56.372562,28.836481,22.240265,36.15728,29.709883,34.423008,26.077108,24.04085,14.891516,21.183075,30.284945,26.80319,38.91497,51.561893,29.201893,23.886847,28.961853,10.517937,6.204127,10.740555,13.126652,15.110819,9.88142,12.808463,15.584781,23.162214,62.516747,75.12792,45.00742,27.49175,21.891457,23.364708,39.074226,37.5427,42.82965,31.676369,13.157511,14.349727,17.735023,33.33557,61.034405,54.556896,43.29777,19.128698,25.751257,30.667183,27.468496,21.30215,24.325584,15.750508,7.997651,10.604054,9.350175,12.652376,21.952269,29.318592,32.772747,32.375355,21.403639,21.356712,18.768747,34.207047,32.41789,27.478376,20.921207,13.524366,12.968653,18.422432,45.80108,43.09858,28.954754,22.045225,26.387785,24.289494,33.318752,38.908566,18.384005,18.50941,21.540302,13.91669,7.487785,10.460574,8.4700575,19.950245,18.419176,7.6784706,7.9826355,12.727496,17.965199,18.460777,27.001028,35.587006,15.592724,12.851043,17.616875,16.505249,21.14046,22.028149,11.735555,17.98624,19.564949,18.268795,26.579521,26.183302,24.94707,18.195784,8.57962,7.839212,11.153957,10.75813,10.169884,13.295232,13.000692,5.0813103,11.009419,11.751188,11.387351,17.09543,20.640606,12.413338,13.04871,11.808449,9.718176,10.618771,11.412219,16.402597,10.047997,13.577256,11.917017,10.351397,9.641897,14.39179,11.568487,12.822965,14.211946,7.868158,9.334021,10.23942,4.8017836,3.5510566,5.1165833,5.410084,7.8600817,10.766771,14.78178,18.206846,12.861148,13.093436,14.666107,11.447384,11.435193,10.4668255,6.383274,5.8327646,8.944604,9.861557,9.4769,13.94849,14.705725,7.0576286,6.7067943,8.130246,8.868076
1,4.111661,6.3196898,10.625004,19.65264,13.281246,9.492531,8.506172,7.7712054,8.38221,11.204326,9.323991,10.32935,10.777379,9.196187,14.082829,18.058968,19.471127,32.325077,26.791973,15.313717,12.6002445,6.6842484,12.993095,18.736582,13.110123,9.459245,18.342516,17.827082,10.222306,9.156456,12.482375,8.791785,12.919261,32.708313,104.538216,169.76003,102.49413,36.319798,25.94414,29.72962,12.308177,5.2966948,10.3080435,10.036472,7.7346144,11.84055,17.015759,12.624716,8.893653,9.474424,7.9962144,11.827568,31.874311,39.086887,19.524942,14.740972,15.040944,18.46582,14.280427,10.820717,19.104582,17.281336,12.872223,14.881709,17.55041,15.252886,20.882477,36.418613,38.366245,61.655647,119.11577,101.416115,59.72555,45.735874,49.62558,21.883692,18.689358,17.368874,17.598843,16.633926,14.768615,12.228467,14.288411,14.532034,10.60819,9.802223,20.405535,34.598904,31.259708,20.764101,14.722542,12.757901,6.629806,6.644892,3.9441338,6.343618,12.311975,8.555895,6.4541698,7.623307,10.384841,21.644527,28.572239,21.408,41.483727,75.50368,62.197163,48.07062,35.696156,29.822145,20.427742,13.77194,8.069603,11.828941,11.594884,5.861558,7.3959665,9.672956,12.534432,15.059025,10.586445,15.456107,17.087374,21.81279,17.121443,18.398767,14.321442,9.043206,7.9047823,7.9812446,6.470048,7.5912585,10.946738,11.957685,6.300114,6.0586085,7.599247,11.003908,17.083447,39.20753,41.486008,36.98168,39.721516,27.284218,17.952381,13.841613,12.179277,5.2649064,6.076479,8.28223,6.1488743,5.299548,6.276423,9.271822,9.5538025,7.41303,6.1904225,14.868395,14.861465,14.588576,12.913699,9.205395,8.80643,9.1412735,5.641217,6.128173,7.376394,7.973244,6.5076003,3.8769011,5.7914352,6.9534616,11.235755,16.188065,27.865543,21.072906,19.043762,21.00986,15.164151,11.772858,8.191297,9.396893,10.956241,10.322865,8.765752,8.74285,8.933594,7.9277945,6.686494,7.487232,10.160175,11.443697,16.652147
1,7.155671,10.628153,16.506992,14.62433,11.556044,8.637243,9.943034,15.267765,11.597255,6.3049064,6.751519,11.235923,18.645632,12.561563,11.151444,33.930714,40.179638,29.292974,21.022287,13.0538435,14.946835,9.549893,11.411799,25.772173,20.636053,14.392562,24.453722,13.426604,36.19012,77.93534,139.44815,97.014404,20.8327,27.262901,23.39735,21.250654,17.866327,30.88308,25.615307,18.997822,24.43736,25.647243,21.966806,21.671238,33.949955,34.09069,30.755445,33.628647,36.399513,15.219379,15.86068,21.269474,13.145326,16.328217,22.783682,18.963802,28.2791,25.49108,38.587875,76.66462,93.4869,59.663773,19.952404,21.344769,31.770458,18.281658,15.934566,26.840275,21.894943,22.635809,35.62066,49.720886,29.540325,18.011503,44.691406,62.10929,40.064938,34.214733,31.469854,16.593836,11.447402,26.601233,28.595976,17.273258,11.156461,15.0043335,17.223473,18.223413,27.368702,43.605717,70.198746,40.37363,15.9910555,5.5450773,8.696193,9.084543,15.160445,18.075413,18.096725,30.002504,33.352604,46.140778,37.271275,18.92558,24.050938,40.70684,40.98337,41.765556,29.939636,16.150337,8.6034775,19.735292,23.770742,11.983707,8.821358,13.647139,21.987822,12.390084,14.908489,24.24642,40.835606,27.797817,15.961327,12.21319,7.346347,6.4379287,6.6315064,16.483593,16.268852,16.412296,24.675907,22.79345,16.03097,13.90536,25.702303,17.463194,16.914612,30.381947,34.537056,19.005293,10.521333,16.23353,15.822306,6.6773663,4.601609,9.025487,17.121563,11.792145,8.431191,18.959637,20.262661,5.5434346,2.8016272,4.0963826,3.9607465,5.166123,3.8393984,8.799902,10.227078,16.660192,13.072651,10.356139,8.096608,9.819319,23.448275,19.10764,9.488953,17.195086,17.082718,9.608199,5.0140905,11.916473,9.198,3.2748282,10.5210905,13.473677,5.33423,3.0896983,4.7593384,12.286093,14.083395,8.447874,5.244715,2.4746816,4.5017085,6.0622053,11.281256,16.089014,9.5692625,8.018658,6.878717,9.6966305,11.402311
1,18.502703,24.807049,16.960917,12.431808,12.59523,11.691596,15.638356,15.386296,20.251421,21.14332,22.03691,23.252813,24.271801,27.444906,18.695356,10.70305,15.547866,19.986198,19.373991,20.30391,19.822716,15.758227,21.912241,17.25078,21.256248,71.80679,71.30334,65.00694,55.104134,30.713108,24.505901,14.33813,7.899488,19.87331,28.100117,24.447048,26.997421,46.71312,48.902023,27.05741,31.834763,35.970154,21.854483,23.614254,32.63066,35.10345,27.984732,29.353535,28.365307,18.969397,30.782358,40.60241,28.694868,34.395298,25.24369,29.178957,19.381338,23.576927,28.030483,32.45576,28.145094,23.722301,32.434017,50.07376,36.080425,38.99021,45.562584,37.83604,31.199099,33.487465,23.817875,22.499655,20.786663,27.667141,25.152445,19.399313,22.528786,18.643587,17.566187,15.843199,15.174351,28.71393,35.36354,34.537098,24.849571,19.343325,23.882494,18.284142,22.485622,26.295664,36.22462,41.572224,26.69314,27.822906,19.807589,16.834064,24.74197,26.90825,21.783861,19.828403,19.006199,24.756378,21.982298,23.001282,29.439648,14.322496,10.710992,13.832121,16.03894,26.68239,36.136658,33.54965,26.968,15.945037,18.064468,18.063698,24.94788,18.07559,14.812563,14.903122,15.097895,15.082226,13.374858,15.822684,16.351768,16.58824,26.85022,26.555044,19.152693,18.564264,15.864924,11.797471,8.913942,8.182109,12.462301,17.730446,19.623028,23.385132,22.318886,17.685986,16.665543,16.420654,14.711555,10.657016,16.721252,16.510117,16.932394,16.506964,17.550402,16.623882,14.495022,17.693876,17.229195,9.614284,12.452133,14.700149,15.642487,14.023285,7.5801992,6.9016504,10.070252,8.213554,11.571457,14.271371,13.43618,13.491372,12.288055,16.492435,12.027727,6.9135504,8.24597,13.244672,15.182525,18.64793,17.998665,14.749936,11.9939995,13.37593,7.216474,5.7079134,9.3726635,13.560564,16.462149,13.928732,13.268108,13.787132,10.280064,6.796407,6.160581,7.369305,10.16736,21.10163,24.023676
1,0.09756474,0.31632772,2.153538,2.5728335,2.5715263,7.539384,5.463707,5.9307237,10.084136,4.2777658,2.6960437,2.7632928,1.2462968,2.7645147,1.7532624,3.059752,4.6334853,10.792271,43.798508,38.88711,8.648286,13.132764,7.493801,23.552254,29.641615,10.456421,20.291428,15.516071,28.400932,51.403286,29.43114,108.427475,117.69842,43.699642,92.01368,60.664043,38.53153,59.34006,23.316465,30.599667,28.667093,7.6642466,13.202857,7.4665675,8.122472,10.806884,3.3661683,0.67142653,0.62938994,43.5729,83.65856,40.183945,10.222535,11.729308,8.985781,24.598969,17.173897,10.1395235,16.405659,8.070877,22.178572,21.997967,4.955117,6.099843,8.9426,91.30975,128.45462,44.13217,39.619816,33.759792,4.979905,0.9902723,0.6042195,3.3993816,4.112812,1.773145,4.33503,3.208787,2.7881017,4.928647,9.457052,50.108017,52.44194,23.46208,52.78683,33.484936,5.645637,8.018582,10.100167,40.989086,37.061657,6.4047246,4.0474563,3.6731198,24.889372,31.979675,21.950987,67.42506,52.616394,7.927771,9.143536,7.6039944,38.95508,43.068237,10.754012,9.757148,6.5225253,12.106237,19.087437,7.4497423,4.6667275,4.4657536,7.0711265,16.294489,10.434655,44.46576,60.23747,19.26108,5.1413436,4.0338087,13.531743,26.515701,13.149451,13.127284,15.332492,5.3408284,10.504869,7.4734144,1.8073894,2.8608966,4.7592063,23.382977,23.623474,18.522184,44.471462,27.13426,3.68168,4.9145694,3.7287447,13.11838,11.438638,7.177036,14.459293,7.543078,1.4361161,2.0090513,11.248283,36.110466,27.158995,8.634745,14.3627205,6.3333254,0.67903334,0.8100899,7.7326336,20.497416,13.250907,2.7730489,4.0399146,1.8200698,4.64329,4.278689,5.879763,12.983471,7.2801743,11.685766,15.252586,6.2419753,14.31607,11.383959,5.6875324,10.335189,5.146452,10.312278,11.616285,2.9260557,1.9604034,1.4028219,8.779723,14.105391,6.293507,13.604756,13.237393,3.036714,3.9518673,2.4230065,7.132579,9.847021,3.256462,1.9668556,1.6361176,2.2459733,4.4577427
1,3.271741,2.6406171,6.181614,10.463403,10.2189,12.854657,10.55928,14.388056,29.149097,44.961754,23.129723,8.473576,5.992157,4.8754654,6.4906535,5.053624,4.8346252,21.618631,33.586,22.919563,22.655895,21.443146,17.965162,23.69266,25.672647,17.718616,43.451984,59.541164,45.07637,40.53579,37.695526,36.074516,29.466572,18.596409,15.251645,24.513952,30.954819,31.44939,20.440632,17.24318,12.9701605,8.718806,7.839602,7.034512,6.994332,14.991904,21.814095,20.192339,22.406427,29.219799,26.374218,18.450394,16.3975,24.998007,29.89562,40.195103,33.728043,37.60119,43.615185,29.205431,19.391754,16.90979,24.203087,25.50025,21.638983,16.478817,19.808151,18.486128,13.260326,7.263454,11.118855,12.844505,8.977427,15.58959,14.733119,17.387974,21.129148,18.777763,14.65344,20.714024,24.092188,19.202932,24.522007,28.540777,30.130266,26.19918,25.551027,20.266775,21.229963,26.042547,18.18754,15.471236,20.384508,17.468052,15.221888,15.169745,9.900317,10.765544,15.039676,12.116804,8.011824,7.678601,9.012895,12.712811,14.331562,11.238576,17.796932,18.06749,16.297075,18.07038,16.476496,19.036652,23.644503,24.146898,14.71711,13.3986,18.320133,13.675163,13.224235,12.8656435,16.991331,15.961893,12.105315,9.486774,9.138113,12.573603,9.561411,9.480355,9.803441,12.988857,9.926724,7.1626744,4.6468015,10.605515,13.379474,10.532484,7.7093754,13.979121,22.084608,15.4688635,12.442858,9.050092,5.564537,8.667445,8.346258,6.6622305,8.559594,14.35125,13.695417,10.997649,9.352885,5.9232335,7.2303405,7.1805496,7.352849,8.073105,10.35859,12.044481,10.324922,6.5639167,4.936534,9.131278,10.0206,5.636508,7.301848,9.101185,11.217526,13.307229,9.717003,4.9137864,5.9029846,6.6941924,5.4739804,4.9063606,5.4259343,8.466752,10.318081,7.8580713,6.388031,7.6595907,7.0221066,7.0501833,6.7915177,5.098056,7.189791,8.435825,8.106378,6.8064504,7.3656335,8.418281,8.830356,7.1422825,3.6671863
1,2.5555859,5.1451397,17.586468,21.296549,12.356471,5.63488,1.6909722,2.3887582,5.4417777,10.415272,9.715872,9.992965,11.395637,6.8423295,10.768473,33.64999,47.16991,17.832672,9.88414,14.144216,16.319265,10.647422,8.57662,8.280821,7.638773,4.1404204,5.981371,8.757776,18.148537,30.744,36.517372,61.50853,68.427025,52.535297,28.344494,56.378696,56.421417,17.406233,17.243685,11.203221,5.2491155,4.478672,4.8300886,6.418251,13.860869,21.303335,27.6169,27.333899,28.310066,26.201532,10.242732,22.20861,18.556667,10.874542,10.642937,11.5141945,15.835072,18.702839,24.048805,41.010067,26.860334,62.96279,95.46748,38.82361,11.450841,28.736067,47.76666,59.302517,33.379543,15.900008,18.892084,15.459692,16.95368,31.357344,38.232018,29.696487,18.515846,61.37725,69.126816,21.28974,18.753424,13.829388,12.225328,16.488546,7.0233994,1.9545928,2.7353406,4.0812464,6.2418213,24.271393,23.967552,14.122362,8.51207,11.587778,26.18083,31.668697,20.262638,59.622948,46.5269,5.842522,6.672724,16.41147,11.831847,4.3022394,7.017938,3.2151217,6.4171486,7.020797,9.632318,22.940414,27.855017,23.205326,30.19392,69.010025,39.717167,5.46359,8.526884,10.654444,15.489023,12.932798,6.435875,4.5220747,4.9619875,8.329525,9.340123,7.2306395,13.723022,22.180069,25.640331,24.124954,24.025764,15.442406,5.1895523,2.6786618,5.2049537,8.9260025,14.056279,17.30111,11.769224,9.530802,6.65366,1.4423848,4.8239474,16.259642,27.060316,29.95863,16.288822,23.207325,16.91634,1.9483217,3.910051,10.975037,14.727488,14.177377,7.6888447,4.0886807,5.177621,4.957073,6.69528,15.498238,9.591475,8.599401,11.843193,6.3316326,7.7648845,7.795646,8.708861,13.175929,13.84191,13.736987,12.597246,8.919677,8.406318,5.9313483,18.098246,31.43245,17.526657,17.566286,18.811256,15.217003,14.657867,9.131151,3.1721246,2.7771606,5.581027,4.321422,4.000779,4.6473384,4.3497305,3.4875486,7.5230694,16.248308,26.92199
1,0.96137595,2.9104817,4.261715,6.655978,8.216139,8.902595,3.2420979,9.464063,13.018335,6.050222,5.8494725,7.8282766,6.209198,11.039407,19.218966,31.749382,32.60339,26.586905,13.631789,4.7154613,11.302767,7.8480735,5.9417744,9.369497,18.382881,25.007465,11.495442,10.469583,14.761635,16.530457,78.77448,147.6858,70.69967,11.733341,21.57504,44.549618,50.483494,19.70091,18.289898,24.53574,40.64766,29.976921,12.107979,8.240058,11.012182,19.456198,49.39811,51.42586,46.41779,27.338728,16.616718,9.29823,12.490352,15.595889,19.40008,13.833209,8.059023,4.373,7.170882,12.129417,23.557978,47.679596,78.782196,42.96816,27.7728,33.476818,58.43363,62.73997,21.06474,11.337567,14.399738,33.74618,23.274351,3.3529985,7.1795917,5.924557,12.254807,50.40131,59.245827,72.94517,54.110523,45.873657,37.34278,30.659658,26.928581,7.7843904,4.445977,5.0154924,1.5978072,4.960475,8.042502,10.859115,18.18405,27.873436,17.385216,12.199985,10.184317,43.870586,46.892063,14.966495,30.51102,37.493084,27.238138,18.815193,14.05874,25.300259,19.719975,12.679831,34.16766,39.644424,48.725956,31.287191,35.334297,58.718204,43.66401,36.080593,28.681221,16.752012,6.242001,16.280855,15.066996,15.500816,17.7326,16.01935,14.605701,6.277132,3.7308028,6.8065963,16.906475,19.531662,21.991646,32.327446,35.05422,11.391636,4.549894,3.5357778,10.505457,13.20181,17.883877,26.16133,25.642925,25.656473,12.222611,21.98376,43.19335,37.23413,36.04592,38.39323,22.55435,7.052908,3.941953,10.362003,14.415867,11.315592,8.322674,5.736294,12.362003,11.104652,6.7044964,6.1646047,17.002064,34.15315,26.325165,21.448212,6.298079,4.8842573,5.7788143,5.1885915,7.8230357,10.682925,11.386966,9.329592,6.3867393,4.3375444,20.746832,39.11451,20.863688,20.16384,39.45556,21.963516,4.3533325,5.240625,3.2655072,0.48725662,0.81998914,6.457202,10.680932,16.223438,13.063978,3.220605,6.442804,20.833006,39.86351
1,0.42514586,2.1416988,7.0834713,7.8935895,12.391934,15.675736,10.81986,14.150337,19.519117,36.092464,22.348536,13.701461,21.438108,20.742,14.84318,13.53001,10.914319,15.689543,24.19756,24.394424,18.083466,20.887491,31.568298,24.138891,10.508236,25.550007,41.705795,28.78951,31.071732,40.73855,32.98242,22.109224,15.051655,15.070025,20.824947,27.304602,14.47118,10.293379,26.483599,24.154243,10.782108,6.8802314,14.278025,10.7416935,11.17576,13.616555,18.229212,21.459137,23.866724,24.476515,13.587525,17.381987,18.14164,23.306278,29.74965,35.321884,29.171656,26.582298,32.50563,21.100214,16.464087,12.665367,13.764822,13.719103,15.535552,18.946707,16.027992,17.976315,22.610542,15.613547,9.974113,15.301125,22.837002,17.304142,14.503667,15.178167,16.747694,19.775978,22.967161,19.43075,25.185926,18.219986,9.768548,6.7345624,11.426098,15.844757,20.09956,21.493696,17.0272,15.833977,14.53143,9.817759,7.168612,8.669823,13.821971,13.67122,16.898903,17.37849,14.3955145,8.652759,8.247922,15.804128,15.6446705,10.418424,8.746011,7.802679,13.519625,12.560913,12.509085,13.081967,9.099712,12.317967,13.346921,17.776628,15.22011,16.96651,12.565839,10.753852,12.797202,12.050666,7.5509367,11.877456,19.503538,16.372282,11.1570835,11.496413,9.922344,8.262891,9.288297,10.218452,9.507541,13.499854,15.844777,9.606259,6.641552,11.674427,13.173032,8.399594,10.899546,8.118245,7.3629293,9.849219,10.035484,8.759677,10.487691,11.801215,7.9316187,8.577386,13.265741,9.769315,6.133877,10.356796,10.825297,4.57828,3.269095,4.34876,6.397749,5.7259064,5.9655004,4.4631367,5.2268553,7.7727413,10.6069,8.716429,8.323662,8.382722,10.206792,9.239773,5.1328073,4.0493565,8.523341,7.894646,3.8704352,5.83992,7.545359,7.8937917,4.831121,7.645359,8.612333,5.0785866,8.027147,5.8846345,5.7331095,4.3648176,3.3122492,4.104952,3.9041016,2.6197848,2.7190907,3.3737764,3.0007148,4.11844,6.7616577
1,0.20436935,0.40215027,3.9434247,13.1484995,10.207019,1.9521021,10.60733,12.467708,3.2524178,3.147482,5.624057,2.6164203,8.1307955,24.01479,16.956198,1.8277586,6.2309775,6.6602845,1.5255892,4.652911,7.623728,3.1182332,11.094315,29.113503,18.717218,6.75047,32.038216,31.30474,6.1192393,16.74287,24.800268,9.711209,111.056625,260.52676,151.57486,5.9995513,10.291086,9.197774,4.662514,43.85472,59.259186,18.861418,16.651733,34.854385,18.399403,9.650216,34.51808,28.06601,4.9438043,26.230902,32.2554,9.019072,1.9553833,3.327909,1.787937,10.511496,33.010746,24.472797,6.864941,40.30061,45.195107,10.9902315,9.735756,16.521908,8.393912,69.17819,192.49185,129.54152,13.246846,46.762108,47.88113,10.662135,64.61676,100.66542,38.37971,20.213936,49.752827,30.433538,4.663369,19.733183,18.421019,3.5844839,18.282803,25.872805,8.762688,0.6800244,0.45236376,0.8869466,7.7170477,29.56222,25.181162,4.923838,29.27411,37.71709,11.271134,7.5430965,15.013119,8.037213,32.601036,109.222435,84.68587,12.414071,51.769993,60.84712,15.902113,55.925632,100.91706,45.451763,14.764199,43.445965,30.678545,2.801924,4.8936024,5.2071085,1.2499921,9.181555,15.015965,6.062615,7.0777125,18.585463,11.917564,2.5165756,11.488263,11.24207,2.6131861,20.479836,30.414515,10.93586,11.807458,27.6974,16.155642,12.730811,52.33248,46.636505,9.029463,49.02281,66.25695,21.09076,38.003155,79.92571,42.086605,5.919282,21.12962,17.163918,3.1644282,17.005884,20.935621,5.848524,1.0494052,1.6192554,0.8218273,3.2366014,10.164566,7.5269237,1.2083447,5.946782,6.6633515,1.6926981,12.816562,22.038517,9.411611,12.073616,33.604137,22.613636,4.2538886,20.244097,20.716965,4.6303096,26.49462,41.299187,15.781348,22.801504,56.472775,34.517742,2.4459405,8.078779,7.5288563,2.5519729,24.659674,34.939823,11.83167,11.195469,24.765753,13.716339,0.84188884,2.9812472,2.5632503,1.8230827,15.535738,20.029352,5.980944,12.393733,24.789932
1,0.48063853,1.7363143,9.716394,10.573507,2.4302504,0.91165996,0.6748419,3.8312156,4.8660135,1.8357849,3.4586701,2.5010948,8.669725,13.0048895,4.810203,3.0376189,2.5217302,6.3297873,11.2318535,5.060173,4.9239774,4.7947564,12.942699,27.472237,14.6062,8.065551,9.355566,30.477541,78.2411,49.56232,54.094296,72.6496,40.93061,106.43839,79.22838,13.345187,16.650522,10.542194,32.88026,28.779123,7.03496,10.456435,5.6815677,15.395341,15.809599,4.0679326,5.234671,4.0559716,20.252369,24.421278,6.687787,2.8524268,2.5807588,21.205559,30.108065,10.419123,7.5018973,6.0239725,34.477108,57.86781,29.92638,76.46712,70.59756,39.83192,76.2284,38.409096,26.157675,28.319248,18.244692,40.85452,24.358868,4.4391,5.4903684,1.8403541,2.5623999,1.804573,0.22845303,0.4069396,3.4793112,12.826234,10.635728,2.3087678,3.1642666,2.1339216,7.582454,7.3874993,9.236132,19.374702,10.417323,12.111111,14.002842,38.789814,99.45659,62.78607,25.313643,33.623383,11.032419,9.942973,7.3903704,11.600294,18.330492,9.0713215,22.049229,19.298069,4.584497,6.6788993,3.2176921,3.6228616,3.7177787,3.8215678,8.435976,4.7554607,2.7584882,3.3349276,4.187217,11.288049,7.611523,14.986427,21.300104,11.379631,30.340647,23.837269,8.793332,14.104153,15.732479,63.40518,58.52576,13.781357,18.616867,9.450414,8.69865,9.440894,7.803705,18.132189,10.805878,2.1651237,2.6916454,1.4608123,3.6570091,2.6446996,8.073452,12.098875,4.416792,1.2044541,1.0079657,8.098441,14.394799,6.3661685,0.19339117,0.14963508,2.7458735,5.8377275,5.356571,28.214466,32.258305,12.480507,24.8004,15.751616,18.429726,24.707035,9.788465,18.373165,13.679399,1.6502814,1.4310043,3.7232769,14.777465,12.9297085,3.121447,4.4960775,2.1980395,3.2934258,3.378389,0.8688126,1.1123289,0.86214244,4.301419,5.187697,2.7490404,6.451307,4.301813,2.618286,3.758902,7.0878496,23.853065,18.750946,8.50354,13.737047,6.654051,15.304451,14.116994,8.308525,15.816838
1,9.852623,10.349535,12.012937,16.814562,12.792718,12.27436,12.472772,12.803413,4.5834594,8.030076,16.322828,17.664902,17.874899,21.716232,15.00139,9.893052,5.927338,6.476339,6.4759836,9.203993,6.6631637,14.635781,34.266567,43.480106,34.378674,62.27924,93.77665,114.12038,64.955864,13.50337,14.418821,12.255576,23.551535,27.051142,12.990787,10.256427,21.472258,22.57328,22.694431,29.185196,23.562517,12.997621,22.826836,42.152534,34.639435,19.859274,24.9496,30.88837,32.682873,16.240276,17.055342,44.616226,58.81488,94.3129,85.2187,59.758064,38.32992,17.417652,26.727339,19.225973,18.974304,9.367212,34.67338,52.61471,37.726494,39.253735,65.74946,61.745243,45.988556,43.89149,26.401632,22.445684,19.268175,24.713045,16.728703,11.568046,21.957499,34.549477,55.82906,70.70521,50.06861,44.45137,26.17496,17.050406,18.898228,20.36392,14.662253,10.446142,14.903636,29.494991,33.604313,44.153366,66.41185,45.593132,22.385729,35.593777,40.803097,30.33269,25.678673,18.66668,9.861108,20.270472,13.4998665,15.048404,31.142155,32.875587,23.554039,16.560225,18.135033,34.101547,36.863655,22.905134,21.193443,22.364944,37.970173,26.951874,33.49992,59.800014,35.1777,22.180765,24.988468,38.109856,47.414417,18.132652,8.532759,8.408787,14.447189,13.735787,10.905864,21.625492,16.402527,8.615279,16.49055,16.774893,8.816626,17.554571,26.862514,15.829654,17.003546,31.571808,28.374998,19.171516,20.372108,36.823345,38.407364,37.40724,23.51958,19.57068,16.419643,13.132415,7.2211103,14.818195,19.520462,10.84681,12.378943,12.424891,10.202058,8.659731,9.661949,14.480559,13.39283,10.102836,16.25159,21.7172,11.140794,8.883867,10.810629,12.8235445,12.290972,14.095115,28.216808,27.386068,21.106205,17.710337,13.2954645,18.556198,14.391542,9.150535,10.435355,5.119199,10.775501,17.475683,13.260231,12.034667,16.600388,12.016816,11.334953,18.713207,28.871445,22.55525,15.996587,13.60424,11.752048
1,6.7759557,12.931819,21.692251,16.715065,13.474093,18.974447,15.5946665,15.598738,10.227208,13.492302,14.291735,20.098093,23.703718,18.969683,27.728981,32.032055,25.954641,29.583208,30.491951,21.31868,16.830364,12.323027,14.172729,28.013176,20.765272,15.09063,23.766302,34.931572,37.332455,82.17682,104.82329,60.864845,49.245552,20.478725,13.04332,17.670807,19.73816,9.207197,31.00329,59.101803,70.22963,50.249958,20.870378,23.332523,49.90971,45.60953,64.55067,54.219486,31.224352,21.767492,27.9762,25.015545,31.130226,28.967457,16.891811,24.190348,35.880604,20.12213,12.865249,16.841833,9.023982,19.175377,29.197931,22.252823,12.846958,14.85968,23.071802,33.054096,36.71607,82.53216,77.496216,17.913694,9.371124,7.7955065,23.974678,42.285294,83.662575,58.331318,17.146404,27.453758,27.646074,20.230701,17.507574,21.457872,38.36177,31.915047,17.296,23.268581,24.568039,21.63965,11.562865,16.849,15.653492,12.814098,17.27531,14.555235,32.660366,32.909306,20.336481,27.282393,23.451435,25.283913,24.03581,17.188797,21.398825,54.02204,57.80745,35.761883,21.021685,20.087244,21.806784,11.851292,11.632679,13.190416,20.756807,36.121872,47.06367,19.704496,15.849993,10.618174,8.631287,7.81674,16.318079,17.741655,24.451946,33.9212,25.68241,13.84797,14.587121,11.178567,14.985566,17.000149,35.477356,27.048094,24.13553,36.48752,23.029324,20.32455,12.828805,11.040021,8.133681,5.6601114,13.195504,16.958681,13.224853,39.775307,49.99068,20.73465,17.006529,18.54132,16.39254,18.919346,12.141591,16.927713,22.392813,16.339634,5.8325305,4.7762337,7.322627,7.29991,17.767036,30.870745,20.359367,21.0634,12.147824,12.905009,20.03689,11.282836,4.052777,2.9302738,2.5826564,14.962656,21.688667,13.113911,22.530588,27.396805,16.203724,12.266237,15.80958,24.302801,22.628687,13.82819,16.207823,22.147432,14.940943,7.298993,7.8048472,5.1441097,3.7334566,3.109599,4.281679,14.192032,24.49849
1,6.0667067,16.88617,17.73743,12.28588,11.454712,10.467237,4.192466,10.535281,18.489424,14.634059,31.242365,33.59281,16.47079,23.339848,21.53653,19.023655,14.946118,20.51895,19.701117,15.431893,27.50696,62.24139,53.99742,35.42576,23.632679,11.762944,15.221172,14.616594,12.917311,7.4078507,12.257645,26.670282,67.965576,59.066925,35.211884,20.745329,12.636628,10.675146,16.912096,17.517878,16.147528,12.110098,23.090895,26.09305,24.701395,18.18567,13.575543,8.910686,7.1863217,15.37159,26.262026,29.774399,24.25171,49.717667,53.655468,28.90005,35.8548,40.173664,24.11496,22.943056,42.250732,38.620464,30.358395,24.051289,37.6345,40.27631,27.709505,20.187763,11.807681,11.414576,13.298554,10.052676,14.196724,15.501958,11.961989,18.019169,15.834413,17.540876,18.191862,15.740868,18.760511,18.158026,20.678703,23.18203,12.023808,28.666391,41.601097,24.562487,23.01048,22.770912,25.256195,19.797235,17.91477,16.757034,10.571182,15.729201,10.474618,11.933811,12.487629,19.9921,17.620352,12.117785,10.07149,10.483568,14.317757,9.242672,10.243584,9.819016,8.787937,17.476643,18.36712,11.030282,17.32587,18.41404,25.152788,21.390663,21.697666,20.775002,15.822376,16.78198,19.243122,11.573956,18.600557,18.007582,11.358388,14.33683,8.527759,7.3451757,8.974293,12.394202,15.0441885,16.278711,9.195905,2.341528,1.589691,4.166102,5.8293366,7.669309,5.309717,6.1840396,8.479343,5.7250447,8.788882,17.511593,16.522648,13.111523,12.90227,8.010719,4.291476,7.569303,9.274932,8.81618,8.539151,6.893271,6.1481338,4.5100436,4.5594673,10.284315,10.284152,6.748716,6.521885,5.2956634,5.680507,6.5991907,7.6158667,8.09149,8.343092,6.1516376,6.6361938,5.609131,6.9964795,4.720906,3.880133,6.7152815,7.1273665,9.097479,6.8507576,3.785989,4.81521,11.124419,10.406249,4.9895983,4.414145,5.025103,4.311338,5.0329723,4.9608,3.314191,1.5766711,1.3759111,2.4059012,2.9492416,4.3806577
1,0.4381447,1.0830348,3.1699898,5.39964,3.1412177,5.4596825,8.517463,4.644298,33.25834,49.383045,17.803932,2.7341552,3.2377708,1.2962514,6.0173154,8.752786,12.750376,42.150658,46.925274,12.560128,18.397789,19.23572,13.234405,42.3139,41.527016,29.632584,72.22864,61.137688,11.876229,26.001728,21.173504,17.148594,42.877155,31.498798,14.0397215,21.893782,13.953449,1.5136485,2.6039379,3.9791083,11.142726,22.383213,22.2039,23.915613,28.620838,17.984545,13.938436,15.171655,9.400356,46.626213,73.70452,46.743618,32.826454,24.8126,21.954147,14.796783,6.251855,8.816014,34.43573,41.09085,19.427797,9.330824,1.8417804,3.379028,2.0234797,7.1740894,14.442015,25.353502,24.408417,17.519598,8.249955,15.231883,23.203453,14.917088,28.708632,42.28378,54.40979,39.40925,20.208813,6.9343925,19.992807,24.819702,21.296371,26.345129,26.996494,20.868034,10.941262,3.9023237,2.5180032,3.709046,3.1944788,5.587482,19.589426,20.002907,18.874477,6.8591614,1.0732716,3.5371177,9.291783,18.670801,31.047623,53.691723,36.43404,20.198404,10.6875725,6.6999874,4.8533607,5.872753,16.785402,22.687561,29.211493,12.99308,4.0490227,6.3873873,4.538537,4.1811986,4.543501,4.100817,14.247992,19.21588,13.109236,12.6782255,12.647698,6.6685624,14.238293,16.721281,15.374167,30.48814,30.371508,12.542001,20.128204,19.120775,11.814209,17.717846,14.749231,6.055309,10.591444,8.025951,2.64802,6.890454,5.748014,4.460424,5.0591726,5.109955,6.7333674,10.865737,8.482695,8.27854,11.322201,6.8001356,15.04748,27.694347,13.863862,5.8153977,6.964572,8.786516,10.044795,11.528688,6.547592,14.18003,19.345734,6.554259,3.6235852,4.8168783,3.7898057,2.206299,0.551161,1.6275792,6.800035,7.6454678,5.385848,2.7715254,2.0246673,3.6407971,5.2092667,4.491379,6.0695076,21.199339,17.550999,6.9039392,10.9095545,8.857126,5.473848,2.500776,1.2183368,4.1419506,10.257138,6.545389,4.61664,8.998816,5.6396637,2.887966,1.8598874
1,13.891389,10.666346,6.248754,6.221813,7.18909,5.9967103,6.0125413,8.989089,9.577668,12.004004,23.016195,28.67996,26.860718,15.570569,11.425567,9.787553,9.995285,9.878725,6.3966613,15.121131,26.247782,38.419994,27.022652,30.552263,44.479458,36.27167,42.03394,30.706696,10.220736,14.456832,23.64436,45.480675,42.706448,23.863842,33.057915,36.77625,31.875872,35.294353,24.529816,11.874906,13.510189,8.883899,11.96367,16.142467,18.152279,26.693037,27.98871,25.430387,16.470165,13.72237,15.131664,16.885101,33.533947,33.853024,25.019796,54.4561,52.076347,28.959213,32.711052,18.798811,16.291977,22.890488,26.609676,17.64759,21.94668,17.529411,22.658682,25.136143,16.154186,12.401799,14.27658,24.096859,18.579132,11.409366,10.815872,12.691311,14.013715,11.763898,32.50515,46.77315,29.68696,13.777921,27.497513,32.25881,14.144078,17.509659,26.737148,26.17284,16.327873,28.501219,47.45349,39.37099,22.741533,16.301931,9.834262,8.614568,10.064805,13.185601,10.120952,13.45162,18.229662,15.607361,10.657049,18.485039,18.615263,18.665878,23.266659,14.94525,10.765897,19.315699,30.52113,20.72471,14.438063,14.894277,16.669636,21.657831,26.370256,31.398582,19.232965,13.557591,11.376843,12.696514,10.131257,8.191047,11.66347,14.730218,14.113396,11.450927,11.676957,9.77009,13.764282,12.708473,10.358266,10.671067,16.048807,15.025556,14.778427,16.431839,19.186357,12.547281,14.185002,13.258816,20.009525,23.622076,13.135196,18.18217,16.876087,8.913474,6.64932,12.504074,13.043621,10.588581,10.079535,11.011071,9.233568,12.715024,11.804423,11.403147,9.563894,10.195142,6.5986314,14.893142,18.850914,13.619913,11.961318,8.756209,9.683135,12.383091,10.826733,14.8785305,15.638665,9.815665,12.831339,11.874833,10.5710335,15.880992,9.377367,10.009083,9.421594,6.8737984,5.6253495,9.374892,6.684158,7.844387,10.604632,10.430708,9.395373,9.339329,14.865709,13.822067,7.1011252,11.175745,14.39554
1,3.3921106,4.6150236,5.3832707,3.2897408,2.3799186,8.751672,15.503567,23.549904,54.27911,72.13379,30.360294,11.058023,16.458347,9.206353,5.7490935,16.354403,40.12357,50.954403,41.36597,25.894804,37.703896,42.162437,17.90409,22.194452,46.54015,71.81013,90.9458,64.12774,40.35697,49.120625,33.590748,15.599871,33.1782,48.482006,26.46663,33.922245,32.93522,22.233671,26.455545,21.930887,8.262069,8.741581,36.70687,54.08928,34.533886,55.05804,34.98933,50.205795,34.68091,23.651117,26.974085,59.892784,63.417313,43.282696,57.23857,37.175068,43.18709,22.898851,30.350103,40.102707,27.834951,14.414495,42.536465,44.32381,12.405116,13.14633,18.849575,9.808511,5.8779407,12.32979,26.634693,73.672745,64.69094,28.33754,6.114264,10.36101,13.972211,12.187577,15.270075,39.38142,77.081474,47.07775,14.39102,11.075545,17.336575,21.607555,23.27925,29.426731,41.674423,46.97783,21.894644,16.22999,33.911278,21.285955,5.264245,18.123789,44.368248,52.45885,38.364162,25.590534,26.42415,24.965424,15.629898,14.634913,24.519527,44.889965,46.949436,30.684158,7.361269,15.133568,20.932968,17.834707,26.023563,31.013384,41.49794,28.259884,26.144335,20.390291,29.376646,28.680029,8.360132,9.802315,26.767164,41.227314,23.454552,33.505234,20.25852,25.27714,23.921095,20.039022,16.47875,23.58962,28.410833,23.582283,34.38793,26.340424,25.474283,15.558704,21.038958,16.083504,13.32128,15.261177,33.914543,43.928013,32.42699,20.71887,10.75414,13.477507,9.214219,9.946154,16.225464,37.690918,37.434357,20.154837,5.352096,10.889211,17.157412,11.716627,10.701846,23.725235,30.686428,30.098577,18.90567,13.074681,16.399532,14.64277,9.940745,18.531206,32.11496,28.179543,22.286293,13.06046,22.839312,19.40353,11.494858,9.348637,20.761423,26.232609,17.756678,12.304899,12.392599,24.808104,19.081865,15.237393,12.625159,24.93827,22.067156,6.972687,7.147693,20.372625,30.178211,17.017963,15.657774
1,1.52697,4.0888076,6.1147075,9.080416,11.008658,10.161755,3.761333,9.786077,12.4544935,16.105827,16.867317,15.002978,5.8447323,25.181065,26.439959,16.782478,13.101197,12.16995,12.8195505,11.09051,17.603945,30.214117,15.948759,11.503762,24.75169,71.81477,71.155754,16.226576,15.157093,22.511387,34.247078,18.981945,13.404253,21.577528,28.837412,29.624294,26.729357,30.749794,32.01147,31.1694,21.47971,16.360657,13.138689,13.06631,11.717879,5.468419,7.5203066,8.477343,11.004896,29.377005,30.730453,20.786434,17.515316,25.442444,43.548946,58.327045,55.493874,27.66137,38.9504,39.71006,28.889605,17.735949,16.062822,23.899776,24.070183,31.780178,47.835815,31.94254,27.620409,34.52657,17.258982,4.359279,7.6968865,11.150445,12.057307,12.48805,14.654603,14.04254,11.331538,35.788067,41.587082,43.17396,23.526617,17.726454,29.18949,14.57381,3.2586408,6.647919,8.590011,9.818924,12.148547,18.766462,26.412678,39.597706,27.675808,20.141808,11.780229,9.327001,7.572827,2.5480433,2.0687108,5.687455,11.178304,15.7818165,20.069939,26.914991,13.377294,0.69371295,2.3444872,11.142852,11.660484,7.138467,6.004656,16.070707,30.711967,19.868338,12.89741,7.4935756,33.427917,35.32459,23.849669,21.67345,19.05252,10.5198765,5.0587006,6.3788724,13.056159,19.726812,20.183002,15.6842,10.289295,8.511001,10.394554,9.342332,16.221136,28.401085,14.219569,2.579011,6.0451856,19.593374,19.551182,6.2696323,10.178259,10.331313,6.2431383,10.5994835,10.461823,5.3224425,12.784494,12.716727,4.579813,8.594374,10.954204,13.96443,6.938782,3.456265,6.9745092,6.8334746,9.435632,14.842331,11.425588,9.100447,5.853476,7.238175,7.6616726,7.595968,5.9756536,4.995983,3.8084595,4.1110363,4.940583,7.2190146,14.620938,15.159358,10.457914,5.3930717,6.4758406,12.351791,7.049986,5.593677,8.908793,6.9481583,5.6699243,3.927168,9.435438,11.03277,12.151464,6.2034135,3.8507907,7.686368,15.068095,14.659531,4.802858
1,6.627942,6.6539674,9.51254,8.178065,6.9123106,7.947169,7.6070256,4.665534,13.610766,19.806267,19.394106,15.857568,14.022508,11.152637,11.420561,9.373871,7.2452655,9.647944,21.086445,19.675413,23.875511,34.07566,53.31577,29.033613,12.324261,5.261565,9.175207,23.787014,30.768805,12.052646,11.358276,15.378748,9.545767,35.63665,47.431107,23.114943,15.56268,18.310877,37.149475,40.108047,46.52983,62.21985,94.4021,189.91643,160.17526,88.364914,76.361755,45.125984,25.092339,43.60432,39.071793,33.515347,37.715626,35.067577,27.925474,34.545162,30.90197,29.739332,29.596064,36.29173,23.144218,14.199543,46.269474,77.3661,82.36799,89.14147,63.552525,22.672956,22.297756,22.128433,22.379105,48.461,51.57225,28.725264,30.870634,25.529215,24.2723,26.655481,28.798716,24.91174,35.66697,23.490118,34.630844,54.164185,66.16779,105.78559,81.36406,90.447205,80.49116,46.751347,60.695995,57.712517,25.338604,18.215322,22.530046,20.660759,19.159657,25.130573,17.45811,14.603726,16.18749,23.868729,19.446856,17.183352,38.556404,55.28609,89.09215,112.02138,70.98817,54.261723,29.455029,30.341873,35.843033,49.835434,26.532179,18.725845,14.464631,18.920973,21.247494,25.80835,18.767069,10.872989,9.70379,9.963302,10.8664,11.066148,13.294334,18.651161,17.390924,31.874691,33.489807,10.94391,8.6825695,30.391502,42.68931,25.371603,7.971277,11.018842,20.348991,26.39186,17.758423,21.469172,30.82858,18.40518,14.062814,18.928888,29.50184,21.221405,12.55042,33.323456,68.96694,48.51406,24.688461,24.043694,15.673192,14.091565,23.380835,23.751911,20.20266,25.883684,30.856173,21.784842,26.770462,30.388027,27.038723,18.894175,9.23532,5.592238,9.276594,16.28218,12.432159,7.447288,13.848084,25.11362,14.576802,7.518686,8.19035,15.465291,22.871809,12.392615,10.318175,18.240587,17.792738,19.369455,16.08504,13.275681,7.6522446,7.4742584,12.28644,24.720463,31.82276,30.858604,11.668075
1,4.5030885,12.065718,12.948535,7.8585005,18.186726,18.11964,8.773192,22.257774,32.899967,49.83234,38.034847,28.770681,6.1300316,9.372845,9.357938,4.157028,15.512831,23.865704,37.37376,41.225624,40.23777,33.779865,16.631437,13.8953905,27.643358,13.840124,4.269387,19.272093,89.85593,90.43006,27.700146,31.460505,38.77288,50.599483,28.294033,14.994952,15.814046,14.300321,15.380365,19.014036,10.498524,13.783699,25.911123,14.412765,6.484126,6.1508846,27.713423,38.68711,53.956654,31.265434,17.169952,16.719273,64.44564,64.41666,16.27438,14.036764,26.257416,45.87425,37.258736,34.755608,38.939713,48.790703,47.404217,29.417519,15.022085,6.0819263,6.079155,15.7228985,15.559756,5.0429296,19.585733,20.636091,13.445681,6.5991144,4.81139,9.688186,16.980429,17.162008,11.338887,7.8166194,37.62719,74.4639,42.241333,20.636045,12.625704,11.779121,11.451522,12.170967,30.591587,30.730618,13.830214,21.30632,21.370115,13.711294,7.3525944,7.26505,12.98756,7.60179,11.197076,21.191723,21.008324,19.659685,15.720689,9.359888,5.3612924,1.9407893,4.1463485,4.757128,8.821366,37.61479,38.64499,19.629152,21.490393,20.967539,15.649602,8.742239,4.554614,3.8577323,9.654419,14.396336,22.038113,19.329191,16.495075,8.046501,5.958902,4.7967496,3.4267275,14.043386,15.906424,15.090042,7.4337397,2.5034833,6.525028,22.565863,22.454733,5.270328,7.875702,9.986943,12.794695,9.213571,9.268593,13.172076,10.798093,10.240559,11.140701,11.699421,11.964217,12.06097,6.3012805,3.392657,6.133957,15.445864,15.202461,3.195215,3.8681495,5.399649,7.6955624,6.1484036,4.9483457,2.6181898,3.1705642,4.7679944,7.476342,3.7426748,4.413147,8.838346,6.221411,4.4326224,1.6113827,6.6447053,7.110327,5.197961,5.4126625,5.2695312,4.7716184,9.878785,10.649971,9.168047,8.488154,11.404947,17.644829,9.77104,4.7577715,4.39692,4.3441544,4.68227,5.586536,6.1184587,7.6202326,10.715916,9.208823,9.1163845,10.453927
1,0.14779185,0.98055613,2.9156492,2.491767,6.5532107,6.857069,19.618383,28.434156,10.006758,2.5144274,6.9126034,22.024477,17.335436,25.467733,27.235287,12.20912,16.215435,7.4826217,10.103849,9.610526,27.388006,22.909956,46.65786,52.454636,15.208615,13.041667,6.532769,9.718445,8.10532,21.390715,17.875881,9.35636,10.69502,4.753384,6.540793,13.897076,33.91303,21.169298,16.300528,14.663626,28.941833,35.722427,11.05182,8.452502,17.84579,46.249268,29.844564,2.8182395,3.7809203,29.128416,37.80133,35.634884,62.728886,36.56977,60.82639,41.657036,30.478188,29.34222,34.736145,46.792267,30.712305,52.979397,26.750143,17.611725,15.061178,41.904106,42.214268,22.22785,29.487976,13.167273,17.358118,9.23915,6.6002355,6.285674,22.11299,23.480202,29.523321,43.521225,18.925978,23.137896,12.9521885,10.676026,8.497848,9.861026,10.875529,3.3631103,3.5182896,24.126814,55.71512,32.035065,5.237323,4.319954,6.1597123,7.15204,15.746061,25.860413,11.049991,7.51462,7.5642295,23.496464,20.646767,33.318874,40.449852,14.259921,15.357711,13.337463,29.743622,19.01378,8.464609,7.69968,11.273848,14.288638,5.434504,6.4854445,18.64147,50.556175,33.73697,9.325199,8.578774,4.117233,5.1298676,16.941359,32.604504,16.214676,12.009242,8.7172,11.929033,11.919519,19.07286,26.649206,8.948044,1.5750087,4.3615603,13.402485,9.849706,1.2850229,1.476681,16.177551,23.872547,13.133352,21.272148,13.6517,24.499199,18.940138,10.322012,11.050486,8.621119,12.806443,4.8857727,1.5876852,2.065915,6.676707,5.760947,13.675967,15.639405,12.833762,19.839098,8.064661,2.8592448,3.78987,12.862964,10.913231,2.4758825,2.2982826,3.8061187,6.4236197,5.8295245,13.180744,8.229161,0.7629751,0.55630726,0.31303772,0.37538543,2.4621158,4.438095,2.023835,1.0663152,2.0356665,8.454145,7.8833895,2.5370886,2.7943254,7.9620404,14.995181,7.166906,2.3208911,2.699536,10.393531,10.234638,15.886493,21.842672,9.406722,12.030415
1,6.6684675,5.670045,9.215167,12.894282,12.422269,11.336807,10.950282,8.565751,5.253739,5.787312,6.3749003,4.6763825,6.150189,11.099477,17.082605,22.88957,29.377192,19.770723,17.87716,13.9738865,13.0178,16.023447,11.355263,9.51731,12.399779,14.769243,18.20859,15.920611,33.04566,35.056206,36.42333,50.637295,92.685196,117.04228,108.51217,62.65715,40.581398,38.65378,32.4729,21.259115,15.166988,16.74076,21.746895,22.453806,21.562572,18.71751,13.184177,19.190376,26.919474,35.200916,34.23621,26.607107,19.984879,23.43304,12.500578,6.3147783,9.103971,15.397803,16.236124,15.753369,19.23487,23.52255,38.213326,33.611877,52.782345,78.75747,86.09032,74.61725,59.783848,34.52575,43.51996,24.629377,21.172642,16.398708,25.722223,16.57526,17.407566,29.562536,27.107588,15.334461,16.546051,34.565426,31.533964,22.495583,32.73071,17.584286,9.774517,13.117313,11.992,6.3365736,9.400409,13.269183,14.016027,17.11552,17.441048,18.27994,24.5822,41.767662,39.833702,48.244465,75.67673,39.807194,18.581663,21.22907,25.461905,19.202229,27.959257,23.26961,13.648711,18.789618,25.519327,18.17932,21.780235,17.62609,22.318146,31.043549,29.180569,21.501305,11.342723,16.989496,14.252232,5.8223476,3.080893,2.5241919,4.199594,11.73952,23.908598,24.428701,23.11671,19.459421,32.60714,34.122715,26.75523,30.67598,29.149912,19.403606,14.191203,26.634312,18.411955,11.0980015,12.704262,13.150571,14.050755,21.845873,22.572416,24.02288,15.063893,15.282843,19.201393,19.204845,15.415349,9.556413,6.7521815,13.398229,11.896111,7.197524,7.6022325,7.5802083,12.372566,16.739756,12.829852,11.992525,8.406853,8.769807,13.857617,16.736347,18.689806,18.584724,15.4208,18.265827,20.945852,12.24554,10.53764,10.098543,13.307571,13.379695,15.716614,19.13508,16.934013,15.3518305,14.06385,17.503372,10.274052,16.249249,19.586525,8.648958,10.386687,9.130453,6.5198293,7.3650837,7.189703,9.791852,14.872409
1,4.4720426,12.350315,13.0954485,6.16699,4.6927133,5.7144136,9.000987,5.376668,2.7868748,3.5001853,16.474775,24.940788,39.140903,25.70044,15.494098,13.4637,14.677899,17.322556,23.012737,14.483745,12.603714,30.268671,25.476988,21.757248,15.011656,39.68631,51.275486,24.14715,13.016879,5.2381873,8.235606,72.30739,101.06635,40.392326,43.879787,58.916565,21.078766,55.112663,81.927956,30.617914,7.7930565,6.5768695,5.373338,26.79463,42.24926,17.05949,6.257297,8.621936,7.7900524,8.169075,12.3010645,31.800198,33.77829,34.81096,20.070032,13.891404,14.860296,32.885246,32.03489,21.221378,30.927034,29.974356,19.060226,10.868581,9.944574,18.811264,54.96012,55.98592,17.624853,69.51614,73.70471,22.10885,46.177357,50.08492,14.594243,7.83647,7.3004875,7.433369,18.23516,20.848875,6.584255,5.0979977,11.083634,24.410498,20.417759,17.967075,14.663145,9.062488,2.2394273,2.1556592,14.045878,23.653532,42.02817,33.006107,23.5968,22.259035,15.37976,5.618001,8.069026,9.553799,14.525062,30.303026,24.82718,26.933912,75.01794,58.96927,14.835599,7.2422047,7.66406,10.476165,5.2565665,3.2438185,3.316075,6.8129697,5.769805,1.9425013,7.0691276,14.265365,22.783623,10.271291,7.8801656,14.721463,19.982916,18.97321,12.616097,13.976999,12.600366,5.0458183,2.2461784,14.588051,30.006618,20.781235,14.484939,3.2564054,5.0034194,20.945122,44.731335,27.182814,13.771016,9.924713,6.393642,8.852059,18.71919,11.592451,4.5965133,3.9060738,9.208169,12.708226,17.263323,14.055676,11.607193,6.7258353,3.8240952,5.149509,14.263455,14.697347,15.230602,8.338122,5.4461703,3.9162157,5.6993036,18.047504,25.32269,12.907038,7.9001937,5.5353827,7.109186,5.3331985,3.8480403,12.414734,13.355014,14.487319,5.9612036,10.126679,16.357489,10.347884,7.6790257,6.225473,2.892825,5.680514,9.713951,5.239135,6.1569886,10.206575,11.93229,10.281692,4.4361663,16.17334,15.380467,3.1646385,6.510604,8.195233,10.300272
1,0.030701332,0.05999673,0.58733165,1.9588596,1.5203636,0.30114472,1.6625121,1.9553022,0.5137713,2.3765397,4.291032,1.9939505,6.161861,18.190334,12.883918,5.5647616,31.139156,33.354645,7.521278,1.6238629,2.1385949,2.3500645,40.109272,105.2834,67.53564,4.6285205,9.823793,9.598239,2.3572526,20.232393,30.054798,10.800685,9.474703,22.206964,12.911959,2.3605077,9.478282,8.467192,2.3140137,18.753006,25.341024,8.058254,7.015191,14.725212,8.052102,20.179228,72.2315,58.6851,7.6587534,5.1098685,6.1106644,1.7393239,19.387623,36.852528,17.567202,24.248041,76.20894,56.412624,7.334756,29.406048,32.937546,8.02118,8.27336,14.183805,6.1090274,16.69085,46.402294,31.396282,18.342806,95.09373,97.286156,20.380705,29.725933,46.224167,17.603735,2.3612967,5.3636184,3.922275,17.455444,77.42792,72.280685,12.923881,30.242567,42.698296,14.462719,8.088709,17.882763,9.899107,6.377812,24.388464,20.778183,4.1228285,24.914797,32.107666,9.586998,22.810263,45.626034,22.804201,3.3378217,11.172384,8.665567,0.99981457,0.24070594,0.18887691,0.19008757,7.6242995,13.775464,6.1983795,0.7643797,2.2173746,1.6080484,2.685238,15.249034,16.341837,3.7006993,9.155416,14.947855,6.0283365,0.2826582,0.25067705,0.3010756,1.7834545,8.522026,8.38427,4.3649096,55.206146,82.01071,29.480469,9.482917,21.719646,12.643043,2.0917308,8.389017,7.4727697,1.5067991,8.829576,11.937142,3.7952292,0.35305387,0.35883418,0.8879311,8.520297,30.494886,24.77773,3.217692,1.1349422,1.2117269,0.5261792,34.683987,65.89541,31.270878,2.0247803,6.2856474,4.6507297,0.62330973,2.6054397,2.9173377,0.71161383,0.60033077,1.0317167,0.5951271,6.3965816,17.797476,11.9815855,1.0954924,3.4357224,3.5062296,0.75398076,2.7511427,4.2898865,1.6371166,2.7632437,6.8564644,4.197206,2.773899,12.25855,11.444508,2.048839,4.94513,6.9827065,2.3667202,1.5723476,3.4603767,1.9471384,2.828368,10.845903,9.23104,2.7595096,20.73957,26.745987,7.9850626,6.6601133,13.204467
1,6.514805,9.157779,13.140498,17.321394,18.234928,6.6309686,1.9741731,4.8290086,4.8955374,6.043921,6.4156938,8.911,10.224701,6.171669,6.4529343,10.150105,5.915672,3.9320102,7.1754103,7.9949064,11.365994,10.494722,4.097109,3.9048727,7.3418775,9.550578,22.595924,28.364843,19.897806,51.341442,68.69541,69.262276,123.43734,134.60179,91.56232,127.07794,88.94413,20.131952,14.667522,6.0683627,7.3199277,13.903207,17.487099,17.067614,14.966144,17.673367,30.326012,26.254347,12.402509,5.2931643,7.1485887,16.875013,18.64725,22.397974,31.414974,15.884279,17.858402,15.0594845,14.190404,17.736614,41.385975,38.903137,41.271873,83.55063,54.895306,41.285156,77.04765,104.91116,110.1061,62.1014,48.995728,50.12576,22.531343,9.011439,15.073198,33.790516,25.95297,22.312773,22.163591,13.899583,15.383562,6.364378,6.2136464,6.8153377,12.951541,14.799391,29.532995,35.18106,21.6743,16.223642,27.801987,26.499496,38.693474,31.43913,30.836502,37.271046,28.634905,15.225222,20.324104,49.433727,50.263702,78.39044,61.90749,72.24022,43.079086,26.362713,13.587673,19.15839,27.33224,24.030169,15.39157,11.950138,11.359401,13.879955,9.72251,9.321449,9.434602,13.092926,6.7408943,13.361425,15.276286,5.537061,13.538218,16.152262,23.57215,19.635027,17.814728,13.171922,15.386167,25.468632,35.066357,26.081127,43.65532,45.994568,18.31268,17.986164,41.072533,36.671967,13.446877,9.7652445,10.707397,17.581282,12.025274,11.792137,5.236391,4.641824,11.642161,16.115175,12.878527,9.403621,6.638181,2.976535,5.0511827,8.239019,6.4954796,8.842067,7.3447156,17.70374,23.989588,16.37874,8.319417,4.841437,14.70491,26.878902,18.303112,9.278696,14.192584,15.87066,22.825777,20.866821,9.893508,10.594212,10.070972,7.9924617,8.567542,11.158577,20.757692,16.19599,9.989786,11.041522,10.618529,12.713416,6.982126,7.209752,8.609196,3.558636,7.874732,8.836439,7.445958,6.5695453,11.902894,17.878204,16.374651
1,0.63873374,3.4818647,4.8531666,3.2026672,2.918885,3.11982,4.897997,7.9822636,9.009107,10.478279,10.792263,15.826184,31.23763,18.316391,1.5695566,4.3463187,5.4057503,8.551018,8.375229,11.0943365,10.878753,13.128567,8.753031,37.711624,104.61533,71.416954,8.215252,9.129108,11.038705,6.647336,8.473181,16.622494,14.667711,17.68469,22.366789,30.779099,67.642845,53.33054,6.821816,12.798351,18.880295,17.106627,17.98756,24.180277,21.04003,23.909159,19.2091,21.787523,35.348534,31.782637,6.6393733,5.8897123,8.912193,3.8097537,3.0686412,10.945513,10.230742,11.115508,19.81192,30.060188,55.77581,57.963013,13.856623,12.481362,23.505709,17.350433,18.163343,25.784977,25.306894,23.092102,24.351236,34.035454,16.566504,9.806052,17.37389,14.7010765,4.165089,3.055807,3.5079043,2.0732214,1.8461348,2.0867538,3.9820044,7.810958,23.852867,33.290386,11.622554,7.6228623,19.595295,15.029594,12.751983,16.352022,19.64219,15.15258,17.643879,30.877663,23.962782,24.970442,21.59253,21.592402,5.983418,2.9159732,3.9276826,3.832799,4.6616526,1.6885949,5.284333,15.663481,12.84475,12.37444,15.667904,19.356451,13.560239,11.518474,7.608403,7.199476,9.398789,7.848734,8.670746,12.577474,13.528407,20.489376,14.640972,13.6267395,8.306282,7.112746,3.5237706,3.4988225,5.214488,2.7444887,3.8170006,16.69581,15.916824,5.3502855,14.89207,25.945538,12.50431,6.109475,4.3900294,3.955467,4.581451,5.354706,7.3301883,4.55586,6.0132794,14.855872,11.377151,3.344941,6.327601,8.632669,3.6063182,2.1362784,1.431879,3.1785407,5.6710353,7.681891,9.131113,3.100336,7.786856,18.860859,11.478584,0.6953485,1.6217676,2.4257543,5.4543757,4.8285766,4.7470245,5.7286167,7.886218,11.978232,12.561625,12.816048,9.605744,6.6978717,3.1933124,0.21864907,0.83373976,3.3611162,8.440286,5.5408463,2.585655,5.781106,7.0280633,7.7306404,6.265321,2.8294413,2.3911676,3.2504997,9.206738,9.772622,5.573625,4.502758,4.752098
1,1.283233,8.680324,12.827272,6.8298154,5.835325,5.077007,9.794411,21.44041,14.761047,13.329261,27.50948,33.65391,10.413752,6.2442455,13.798824,10.754334,10.365533,5.8166146,3.8023193,1.9252697,1.5748274,1.7519313,34.239338,81.25661,47.882584,6.0324335,17.068956,21.862097,25.203995,22.708405,5.8030005,4.2491236,6.4854994,31.530146,46.21313,46.97368,50.045452,52.305756,41.109844,10.891666,10.712351,15.493002,8.289481,6.483149,2.28619,2.5157094,6.2819476,17.959118,34.962986,20.242496,14.926814,16.698185,17.097847,4.995642,13.855675,32.351273,26.10623,31.097795,45.686893,56.63325,60.98815,55.492054,28.544924,21.395298,21.875158,11.173662,3.9724426,10.896919,14.153454,28.708408,26.416502,30.932007,21.433819,19.782827,10.762167,8.439875,2.8270936,7.976331,22.526659,16.773426,13.262245,16.21677,21.813774,16.639479,15.910072,4.5260997,12.410192,29.052166,17.092165,3.4901538,27.333212,34.26224,16.309433,12.861508,10.951238,18.375097,33.865334,33.790817,42.35999,15.34885,4.558089,5.955543,4.859466,2.9461555,2.5453753,3.8349493,17.384363,22.020056,17.24044,16.957829,22.988853,15.9976845,6.811904,15.80355,22.535229,8.8476715,4.7330446,5.9962096,8.899152,17.830418,20.82775,30.453226,13.145224,3.9018414,3.8454063,5.0138316,10.418309,8.849918,10.352572,14.629864,20.072157,12.243282,10.841,5.6864715,8.600234,17.811142,10.797809,4.651514,2.0099163,1.5912445,6.5517745,6.1432757,2.8233128,2.9844217,4.843067,11.350615,16.177927,5.745769,1.9654907,5.746242,7.1191263,12.853218,7.568912,0.9583313,3.6444795,5.2859607,12.367006,12.535937,14.548932,10.167904,4.5696287,3.5595074,4.231486,8.677264,9.403191,6.8289447,6.08007,7.320492,9.968723,15.241425,6.6851034,2.6005366,4.1421876,3.7943406,0.84677505,2.3221302,4.586522,2.965658,2.7755377,1.7326436,1.5618097,0.5340117,1.462014,3.3798244,2.3491528,2.2588806,5.6685133,7.0979,5.1838183,4.5757546,3.3059206,5.3500547,9.781156
1,3.183142,7.006512,8.210449,11.169275,21.568438,17.140879,11.1780405,10.513287,8.854844,10.705804,14.0406685,6.183867,18.469238,28.004215,34.658276,25.469065,20.198935,22.251028,10.55587,7.947806,12.319588,16.234068,10.753592,4.469751,4.763624,11.026881,13.607179,19.76584,38.332027,31.699709,28.519468,42.084892,34.644234,38.10173,51.541782,58.472923,62.694473,62.123386,20.273262,4.4409976,14.918744,29.097767,39.961773,43.242058,43.350147,16.65894,23.737526,26.370743,9.832283,4.9115434,24.1212,38.504963,31.637306,25.227127,19.122377,5.3423214,2.8882074,3.7045658,4.4883137,4.1581755,8.632393,13.735209,20.647837,21.045994,18.444374,10.508175,27.143255,35.781063,41.408264,30.708523,25.328451,43.724613,77.41508,38.898247,15.834171,26.6755,37.060574,26.912453,12.380428,9.00418,16.792437,21.649267,26.062744,20.282974,16.005936,22.885622,47.145767,37.4667,26.053982,7.2546844,11.104867,10.256247,7.3563137,4.916453,3.5002022,2.812062,3.0412967,5.1939073,4.4923787,6.7126617,19.442636,15.359453,10.173287,12.178079,16.420826,28.693672,42.021297,20.069181,16.66711,19.709188,6.328296,8.780162,9.111803,3.9525106,12.385109,11.56591,8.590624,9.55605,35.629295,39.90427,12.068451,4.407289,17.840073,28.093964,19.14863,13.679149,10.082339,7.6905856,8.321021,8.190518,7.2110553,3.148851,2.993645,4.067018,3.5175993,2.0637543,8.51366,15.888846,13.510804,9.970843,7.144301,14.155823,11.445338,8.301602,5.8629427,6.0158544,4.825285,7.211512,20.776123,18.19587,13.555129,4.236208,6.339779,12.0726385,17.783371,10.261495,10.136809,12.606331,13.439062,9.628974,10.272359,15.7844,15.063386,11.1807995,3.2358136,2.5123765,4.7074966,5.440175,4.3193026,4.584295,4.97788,5.882349,8.0802765,5.5352955,3.8682504,8.165179,5.5600233,6.5160756,9.619962,4.147597,1.892851,2.2493646,1.072344,4.0970573,4.356585,1.9383479,1.6544433,1.6719472,2.5042756,5.114354,6.497434,6.928422,5.9476767
1,7.474577,6.2353616,6.637137,5.8627124,6.7414246,8.03662,6.7819123,7.493103,9.580551,5.6753526,10.33368,20.595907,30.952831,38.761414,26.679611,22.55524,14.939496,7.0468097,4.8319807,7.135253,11.90813,12.985333,14.539041,23.725273,37.08618,58.60665,70.5149,73.736465,41.266605,17.058086,19.561192,26.649635,27.482826,19.468292,27.852169,43.253746,39.12485,20.356268,19.204044,32.80387,48.0395,26.153461,12.481212,14.993988,19.694355,15.657622,13.8204,17.001947,16.423729,27.817892,21.69382,22.709389,40.7371,39.820213,29.011223,29.087034,34.719276,30.443264,13.502628,21.862589,27.553247,31.86701,36.109592,27.648598,34.1043,44.386517,39.047253,38.9066,25.526285,11.369571,18.588434,16.192137,17.411715,11.075643,10.7601595,23.995703,28.600416,17.075327,18.159449,13.680604,21.70564,26.151482,10.868148,25.745096,27.994944,12.115081,26.849033,42.803474,37.298084,25.092445,20.053207,21.709408,18.621641,35.214745,35.024776,29.113197,22.743196,23.213102,20.564774,22.877403,22.45204,13.706232,9.561135,11.816915,8.681387,11.665258,20.03932,22.71059,18.165298,15.417599,21.742682,20.150148,12.5475235,7.782342,12.312768,15.545014,16.896776,16.189018,19.630836,14.754028,24.299576,32.619205,22.512798,26.781542,24.256073,16.75524,14.764084,10.360142,9.407612,11.453974,13.605793,16.506447,11.801122,13.475018,12.821889,12.07949,8.247524,9.416732,6.686292,3.3237345,4.8269315,4.9877353,9.455014,14.924615,11.509427,7.563565,11.730719,15.652077,12.495429,9.384816,19.65517,20.959932,10.302059,8.982568,7.5881834,7.3860564,14.903373,14.663429,7.5989547,7.7456746,9.456413,9.601896,11.567714,9.731515,5.950609,6.0028224,3.5478435,4.978113,5.585314,7.3533945,11.301173,8.018904,3.8329422,7.496173,12.576822,10.333658,9.200499,7.536742,4.143781,3.494183,3.2501512,5.070508,12.39414,15.438513,9.866792,6.0896144,10.315426,13.67833,12.545324,5.25975,5.202295,6.097527,5.9201655
1,0.10671846,0.15533847,0.4390008,3.956493,14.663277,12.225941,1.6940538,0.85123974,7.90686,10.736866,3.4334037,0.4375479,11.526846,26.519152,15.152648,0.47767484,0.48233378,2.1107023,1.9967787,0.59947616,2.291032,35.535603,54.66588,20.502325,1.1839898,2.3566475,6.2537436,4.0915747,1.9923046,12.784556,71.570755,76.051,16.89367,2.4328582,33.281906,58.20558,25.305422,1.9206864,21.436092,67.01029,49.37049,4.941108,1.0656962,3.1400528,3.7617424,1.0130411,0.12361841,3.9675503,7.932837,3.9667053,0.35094947,3.245431,12.056497,10.045815,1.3899953,0.4749975,4.014176,5.4527435,1.74516,0.320794,9.311935,21.42714,12.241953,1.8496803,13.693791,61.613293,57.987404,10.369385,2.4596386,28.559578,43.94579,16.493256,1.8913857,28.384176,75.674866,49.192005,3.1758428,1.5165423,7.6760383,8.146939,1.8154423,0.69079816,20.916342,36.59854,15.911621,0.6073083,4.757467,14.873073,10.957027,1.0990055,0.40124893,2.423593,2.9098437,0.78356016,0.08897517,0.70017827,1.3930707,0.70961994,0.31632024,2.829351,10.486491,8.763731,1.7511452,6.642915,66.444244,90.17085,28.856085,2.4102898,4.1107893,9.272603,5.3050604,0.19796441,0.45157287,2.0161989,1.8953897,0.34370092,0.25793487,3.912314,6.0174923,2.2618403,0.4579355,7.6060214,20.286505,13.181569,1.3547812,6.747198,37.75133,40.111347,8.914483,1.1754488,1.5841162,2.6705632,1.219456,1.105948,13.203032,41.248215,30.40011,3.0630386,2.6509712,18.831106,22.588287,6.083633,0.6596003,17.549587,35.110832,17.55133,0.26533136,2.42744,9.014794,7.5109377,1.0646458,1.1652316,11.468916,15.567962,4.9802485,0.42356116,3.221643,7.4085264,4.236701,0.34803563,2.4687555,11.113383,10.459316,1.8678745,0.39514014,4.285574,6.5871797,2.475535,0.44920304,7.3760676,19.672394,12.782394,1.2546794,6.038317,33.777508,35.89139,7.9741015,1.1016858,11.474641,20.055597,8.724201,0.28760466,1.3207285,4.10855,3.031262,0.33182845,0.8153687,5.902908,7.082957,1.9071858,0.20671327,13.867782,27.73964
1,1.2398323,2.1049838,4.8445597,10.37783,11.64842,4.738223,6.7672515,4.022321,5.112736,5.430018,4.9954476,9.470616,16.111013,26.224138,23.055174,13.748459,10.672521,6.1607423,3.0974545,3.278197,8.440815,9.907516,7.052941,14.705146,9.0655155,3.7368793,25.968954,77.531204,129.87009,83.41353,39.806503,13.3458395,25.775772,37.08958,19.30891,39.06217,28.04052,17.209877,20.639137,12.218623,25.195766,17.71341,46.136765,47.934525,11.51364,10.818793,14.654894,9.091586,5.8994613,9.758309,11.457691,10.256505,20.928297,15.0487175,20.487976,35.58418,52.98988,79.63083,50.47194,25.802946,39.821808,48.29403,25.16337,49.629078,34.380997,25.936605,31.883698,28.3684,33.306778,27.11415,50.732395,48.363163,15.484236,10.975259,14.782587,16.027014,14.942082,12.417695,8.793643,3.394097,4.2667394,9.636383,12.108007,10.805233,20.1289,43.420258,26.741083,15.77374,20.921148,22.203192,11.828576,19.454958,27.666664,21.613228,30.727821,46.37769,33.02325,33.49421,26.20909,20.931755,18.75921,6.3815246,7.302483,21.21798,16.59112,13.142041,16.741468,8.013879,10.68432,12.998357,12.086751,9.732482,9.564595,12.848963,7.0419693,3.4684157,2.707575,9.831104,16.430872,11.394874,26.28421,20.719397,30.578993,41.37906,16.081917,23.416155,15.210207,7.6142178,8.181176,3.4874535,5.3723245,15.5173855,12.835054,11.798475,12.587521,6.1861386,11.108327,10.614193,15.911599,15.184551,3.3566434,1.6241416,3.6718676,8.893264,8.875215,7.2914267,8.772164,10.996996,13.971206,9.532517,6.913344,15.220421,22.64306,15.320128,7.333048,4.0693583,4.3152266,2.3578548,2.2530825,3.7756267,5.6808186,6.373982,5.3227882,1.8131715,5.079092,14.616337,11.953752,5.6555495,2.8385184,3.2445278,5.1083236,11.768369,9.364231,2.9614642,5.070278,6.5545254,3.7953038,9.00358,11.734295,14.586016,16.748917,6.668974,2.4508853,4.848369,8.031578,9.009109,4.1889744,3.6184928,2.3663805,4.084622,5.731589,6.3493166,6.8116856
1,0.24471521,1.7423514,2.7371285,4.5615373,5.375859,7.8613014,11.47165,24.621248,16.283134,6.6394157,6.4195313,9.92091,35.88434,38.84764,9.366772,4.8045816,10.358547,6.53275,2.442063,10.767241,15.783913,29.858694,36.28945,66.34921,55.654613,45.16683,56.33962,88.1207,46.536655,35.251617,33.882767,32.437435,6.8327703,16.146221,37.029224,33.859116,44.458523,20.437593,17.833317,70.481705,68.36238,17.40973,18.708284,36.655476,30.495316,37.133472,22.852291,21.550215,18.26137,17.000805,17.00241,12.246462,6.027102,12.978083,20.403208,37.99679,45.1859,43.921803,39.2828,25.398842,18.681904,17.214935,34.294296,50.201153,36.771942,36.437077,20.021032,29.53676,67.99568,47.040394,30.605356,14.95382,4.251183,19.611977,21.701258,11.383951,8.534893,2.323173,9.708261,17.991697,16.020304,19.79191,27.774517,29.039385,21.065836,19.324677,25.442307,20.331324,23.700533,10.655651,2.8582726,11.249276,12.520242,16.933594,23.969387,47.572273,49.41651,70.917206,31.211773,9.867439,12.711738,12.899212,13.220629,10.996812,11.592489,7.0339193,5.409016,21.198858,26.316021,7.9069905,3.6752985,8.104776,10.408171,18.488419,12.848364,12.892088,5.3751245,2.9182515,8.08112,8.972391,15.047365,20.424725,36.041927,35.173252,45.946888,17.087786,1.2531973,1.5821651,1.5098513,1.789158,1.4918528,1.8516879,3.8783963,5.7905593,10.807355,16.30582,43.541286,37.024998,12.355527,7.4134026,3.5943177,1.8165011,1.0007651,1.7666407,1.9546565,2.2256975,7.2881503,17.643904,12.112342,9.795692,14.858014,19.611916,18.864864,18.457027,4.862935,4.9812326,10.355397,6.7455683,5.37573,15.803985,20.724077,16.769709,17.275362,25.866917,20.003508,11.684767,9.119857,10.8292,9.597698,10.664988,3.2863743,1.7820119,4.3357725,4.327669,6.41507,8.620574,12.749319,5.254106,3.1495662,11.675955,11.489997,12.175296,9.206822,7.617903,3.960938,0.7396741,4.8450766,5.736822,4.3359737,6.524742,14.971255,17.212524,28.13753
1,4.1547356,6.348651,4.9515758,4.8043284,5.307699,1.6820294,1.834058,3.1604395,5.1735997,4.900476,3.5612435,9.489158,20.845667,24.92171,19.402279,9.678726,8.465532,9.075482,5.269081,4.035891,6.321741,11.897439,16.617376,9.771321,7.910111,32.982113,65.51976,77.52844,45.845245,99.03176,65.56011,75.933464,85.05233,22.222383,9.599885,22.551966,30.586245,25.29366,13.787961,21.653713,23.114347,46.68983,42.4536,24.8095,12.428373,18.50261,9.515838,6.308329,8.425568,11.902854,14.265521,10.519666,20.95459,15.961193,27.372492,52.7971,70.35326,39.910995,33.437096,29.162527,53.262794,75.36432,52.713074,25.895945,28.931166,37.049152,35.492447,26.85751,30.636093,16.248755,18.1303,21.728346,21.79637,27.792572,31.967539,21.986664,13.292428,13.869633,15.547378,9.176948,5.4340835,16.682388,18.319124,13.117159,8.41639,17.173168,29.21071,52.85481,48.754032,10.354331,27.49853,67.20066,42.333824,9.534873,12.975883,18.829185,13.266862,14.799601,29.031624,31.84626,23.844757,12.41418,23.797792,13.587454,12.58974,23.26397,26.963638,11.863136,10.000496,6.388673,7.7478313,11.933786,15.895682,19.866253,14.391658,10.143914,12.31204,16.045998,18.862177,24.511463,33.242455,23.937456,17.602009,24.395481,16.118559,16.044983,11.955459,27.701876,35.603397,28.001293,11.751114,6.1656313,19.14395,18.869215,10.153351,11.004148,7.8995523,16.90379,13.697198,4.9300847,4.808492,8.082319,11.398819,11.021596,7.7423754,7.207646,11.767787,12.669151,11.082551,7.882853,6.1194286,14.483683,23.569445,16.83064,15.858535,14.73585,11.569172,7.057613,2.9657078,5.13093,8.683483,13.737241,14.755778,9.737812,10.596479,6.222466,14.118317,13.829383,3.2203963,1.374226,1.4634734,3.762784,4.2235003,3.723532,5.8951993,10.230779,5.004491,0.9896961,6.946173,10.247281,10.680569,9.263956,6.5187993,3.963913,6.3959713,9.096203,7.99908,6.3571076,4.8278093,3.406881,6.9756913,11.062919,11.097187
1,0.10061355,1.0648113,1.936779,9.272832,13.917219,5.1298366,2.4961097,15.0802355,17.335384,5.712476,5.4013667,15.882154,14.049086,4.2329593,3.7268884,6.8305497,9.270442,19.16648,13.517744,15.025206,8.0630665,4.7941093,9.718338,14.508928,5.9177976,3.3661084,1.7198448,2.4675853,9.925629,10.740139,15.423557,20.279184,51.52008,69.11479,158.39066,108.148445,9.513568,9.932828,19.279211,13.546958,16.223917,9.59611,9.763629,7.5354886,8.921873,9.060458,10.256311,8.639752,9.186582,15.716046,18.080078,38.554394,30.499733,4.2267,4.962138,11.57439,8.175682,9.058105,9.495272,14.785884,8.685122,9.383603,33.52705,45.793606,32.54187,36.498623,62.377262,69.048515,103.149796,93.69818,20.617752,13.823195,24.295103,19.337677,22.348566,13.640157,0.8863928,4.542055,8.302719,6.3828535,8.10134,4.2034516,4.0320973,7.1928024,12.58544,51.941917,55.037342,12.365118,2.7839725,4.078884,5.9467764,14.696212,13.597379,21.717455,13.569946,3.696834,19.765959,36.540283,25.961472,32.20856,50.034786,68.47653,50.870758,55.5945,21.828701,17.836754,26.578522,24.768854,4.457187,3.9731677,11.901001,8.969666,6.94633,5.317993,6.8033423,5.6571026,8.028111,25.672134,41.654655,30.779161,36.53505,13.711773,7.609437,11.15414,13.248451,26.383297,25.126556,8.678085,7.4860115,13.105697,10.942993,13.739138,10.415143,12.800754,23.709589,43.434864,23.687424,18.565964,8.683968,6.576914,18.994383,23.78409,8.348753,5.3466616,1.3724113,0.98102957,3.1821582,2.8392777,2.9142568,2.2845633,2.1491482,13.433023,30.205189,20.997095,23.683218,13.997829,13.666506,13.60701,18.250603,23.77476,29.205051,8.783884,2.0125442,0.94401824,1.5690781,5.3199196,5.3975015,9.431211,9.964657,19.134644,13.606248,11.842144,10.91303,17.050728,9.579857,7.7172,8.445009,11.612484,5.266599,4.2439613,1.6412338,1.1919675,1.1598848,1.1580033,1.3760878,4.8429413,15.351284,11.934004,6.438949,8.396514,17.039434,19.213501,32.805626
1,0.2322594,0.40498596,2.135612,14.68423,17.31916,4.573925,7.3791437,21.862194,15.522517,1.5309951,14.961945,24.662115,10.059301,2.8542333,13.754047,13.584681,2.6576827,1.817846,4.215719,2.5051188,1.2752384,13.088309,17.961996,6.3288884,21.998219,80.83601,66.89338,9.091914,1.6988455,1.299459,3.1802824,18.863194,123.914955,142.34131,35.872715,8.911149,22.474127,15.5914135,7.3979325,137.23306,220.46628,87.032524,4.405816,6.383655,6.094271,1.2514659,15.583764,36.0531,20.692661,3.0018945,27.9147,37.374825,11.778303,12.472199,44.105618,35.582184,4.554764,32.99312,62.33267,29.4393,0.94455194,5.426506,6.0752816,2.1869562,24.64212,68.65212,46.234104,3.6957426,19.733019,30.955816,12.890355,41.03526,183.968,172.75041,30.710142,6.0422473,8.3758335,4.7573457,5.181767,46.290726,60.352295,18.37415,12.766384,43.11962,33.92851,4.0577154,0.776722,0.50135046,0.8357211,5.103627,30.165384,32.956112,7.7248545,19.456097,52.458298,34.455635,5.190518,69.914764,106.51386,39.489063,2.505916,3.7473938,3.4042659,0.60333973,6.070929,13.225273,7.207737,1.5191485,12.457666,15.894259,5.829913,39.602146,130.60443,100.12605,11.203947,8.85806,15.318879,6.8737254,3.5899324,20.06875,21.385555,4.803492,12.559198,32.815163,20.970367,2.2546525,24.861433,36.897648,13.370984,13.187423,54.264313,48.460167,7.7761497,3.94739,7.9671597,4.5292115,9.037333,70.834755,87.78462,24.798983,7.2941046,21.642466,16.190155,2.0325873,35.45498,61.73178,26.700848,1.8780514,8.981162,9.333933,2.0201597,7.6255584,19.316086,12.026709,1.0741311,10.741432,15.524922,5.403342,1.7690117,6.827173,5.9455166,0.90912145,10.74421,22.114395,11.379521,3.4900994,25.706808,31.050085,8.704333,24.111622,74.07727,53.96022,5.2884274,26.01855,44.03639,18.481846,3.5959485,18.152649,18.36946,3.7838945,8.015794,19.610312,11.91218,2.6953158,29.729671,41.889782,14.080772,1.0699389,0.46559027,0.32926953,0.08215819,10.394584,20.793968
1,6.29639,7.962073,7.9862385,4.104283,1.5049123,1.7128345,2.0954757,1.997018,2.0073326,8.0724745,12.779975,18.805126,32.17609,34.549263,14.836729,4.5173826,1.1800473,0.82041836,1.5457116,6.4276958,14.883241,18.074419,18.598244,30.73449,89.66277,68.807846,23.04576,49.383972,53.597076,42.41079,34.661015,17.438879,12.08115,36.99639,51.339375,35.209133,53.52881,78.40953,42.65113,35.867294,21.39447,14.8019285,27.756119,23.32473,17.058304,11.003703,9.552746,12.090153,14.355876,13.176622,6.878305,19.11587,28.184578,25.643095,23.8337,16.77081,25.410791,19.897207,41.791073,58.09479,43.58062,33.465004,21.067741,24.532654,45.96801,42.229324,60.75555,59.184593,25.504028,16.556139,27.042028,36.86527,35.937508,20.422443,7.080237,3.8395708,8.834058,13.464224,10.592164,13.034028,13.641521,8.402514,11.928125,23.070608,18.45556,5.8256063,3.1006672,12.047038,16.604204,13.860698,32.666607,43.138073,26.714865,40.991806,36.695488,30.051956,41.435387,25.495987,15.755311,9.424136,13.946381,12.246404,18.147217,30.46752,25.399172,12.489215,15.210266,14.076555,12.235747,16.233467,14.578753,13.787858,5.798332,9.567066,17.15869,17.626352,10.694314,15.576026,17.508663,13.51725,20.568222,15.296383,7.877287,10.63788,10.957874,13.811222,31.098885,37.501114,25.064835,14.670238,17.084625,20.218224,11.2952175,13.815911,7.1268167,8.514234,14.03595,11.816293,17.7444,17.34665,10.099714,5.414742,4.123664,3.2056084,8.348057,8.225622,1.9361206,4.3469057,5.7878833,5.7754974,13.826898,19.862417,12.777351,8.797965,4.2212048,4.5051613,4.7395406,6.279903,6.5460796,5.615032,14.344535,12.370419,5.6894774,15.536155,15.608365,6.2845054,9.069443,8.541616,3.0400364,1.4863185,2.1932533,3.0328143,2.933029,5.4741316,5.401359,8.212806,6.7070074,3.9825602,3.51619,8.203233,12.0709,9.16433,2.0945878,2.0399926,6.2618465,8.015082,5.4477057,6.315598,8.238979,3.6391008,6.0044475,10.290996,9.402888
1,2.7132924,5.7170167,5.746303,4.9609823,8.558996,5.837597,6.929109,12.305838,8.8335495,9.694892,11.491367,9.522588,24.343016,25.402777,14.207331,24.767336,19.898684,9.48925,6.2649674,10.007324,10.3228655,8.939889,13.626113,10.863363,6.693139,10.050257,38.565968,43.142235,55.04326,110.16605,74.60819,26.113855,49.520298,24.916899,11.481204,16.56295,6.0844893,5.291955,6.042935,7.248207,21.688988,38.865826,52.806362,57.943268,37.242577,19.375912,20.522722,22.523447,16.824131,7.9687834,10.139063,15.324457,14.243413,6.35681,10.325672,29.837929,42.994766,53.644966,45.209724,32.770927,18.027409,44.56506,30.394478,15.754072,31.076403,17.916336,8.594245,6.841171,13.537184,43.882923,50.617622,36.84799,45.624775,35.672367,16.442179,31.341505,27.867634,23.037014,17.254313,16.97624,15.387941,13.0294485,7.1577263,11.978212,11.32012,10.81265,32.09157,23.48452,9.196382,17.516138,19.290792,16.171495,11.28048,24.305618,19.660477,15.295377,17.675985,12.452299,37.065636,53.268147,18.93239,7.7497234,11.773727,18.202856,32.179485,25.859482,10.163252,20.153908,18.985123,16.4926,12.157409,7.0186353,4.3223925,8.737612,19.03726,12.879682,10.253515,14.723312,23.053202,16.54179,8.499086,16.335222,15.15764,14.692592,15.622419,16.493011,11.804466,12.191444,21.47894,21.44385,18.19047,12.512607,6.853285,16.28818,17.457056,8.04602,24.026157,22.69368,15.967142,6.3824463,6.5033407,7.17787,6.783864,9.1945505,6.8144236,7.7689114,17.45109,10.941378,5.4295435,7.949214,18.697979,14.028037,7.3442264,11.91741,8.583463,7.3481307,8.095322,4.958054,3.4291961,4.198967,8.102578,17.42118,15.043588,4.9771953,6.431079,15.827403,16.777195,4.1464505,4.56613,4.2697725,3.2932968,3.6943195,2.1593215,2.0631766,3.8259008,4.328242,4.8155246,7.3516674,12.870332,10.6621275,8.340944,6.315532,6.593837,4.4523787,0.753827,2.2939827,8.844348,8.136016,4.6651216,12.15314,14.810887,14.230325,5.3899035
1,1.5258789e-05,7.6293945e-06,4.1911127e-15,4.2472083e-15,3.4853197e-15,1.4272029,2.8544059,1.4272029,3.4635205e-15,5.2362937e-15,3.8326284e-15,15.303879,30.607758,15.303879,3.54695e-15,4.1311038e-15,2.9608746e-15,0.04244392,0.08488784,0.04244392,2.5413415e-15,3.4931253e-15,2.7504227e-15,8.011671,16.023342,8.011671,4.542647e-15,4.9921924e-15,4.233302e-15,11.205768,22.411535,11.205768,2.9708999e-15,6.003681e-15,6.562184e-15,81.51252,163.02504,81.51252,7.5908696e-15,5.908057e-15,4.3293116e-15,27.085548,54.171097,27.085548,4.8239598e-15,5.5579435e-15,3.7342883e-15,0.70384246,1.4076849,0.70384246,3.8021073e-15,4.1132818e-15,4.0057675e-15,32.099064,64.19813,32.099064,3.057772e-15,3.708765e-15,3.0665934e-15,18.488438,36.976875,18.488438,4.5046296e-15,4.393319e-15,4.49624e-15,21.987242,43.974483,21.987242,3.2069252e-15,5.340397e-15,5.593937e-15,70.93288,141.86575,70.93288,6.60972e-15,5.1454253e-15,3.829215e-15,21.22817,42.45634,21.22817,6.8875404e-15,4.9860247e-15,4.7651444e-15,7.202185,14.40437,7.202185,3.4260384e-15,4.2300563e-15,3.2542834e-15,24.15804,48.31608,24.15804,3.9647935e-15,4.3669203e-15,3.3409472e-15,4.5713587,9.142717,4.5713587,3.7884396e-15,3.971107e-15,4.344901e-15,26.298738,52.597477,26.298738,4.20585e-15,5.3431817e-15,4.794282e-15,29.694937,59.389874,29.694937,4.581433e-15,4.3933824e-15,4.0872927e-15,39.377647,78.755295,39.377647,8.426176e-15,6.4570634e-15,5.6349163e-15,10.259197,20.518394,10.259197,2.9420554e-15,4.0525423e-15,3.8750398e-15,26.339237,52.678474,26.339237,4.3657154e-15,4.8701138e-15,3.568538e-15,3.9667404,7.9334807,3.9667404,2.9946924e-15,3.5037871e-15,3.4816027e-15,13.084391,26.168781,13.084391,4.315714e-15,4.6514425e-15,4.4769922e-15,7.205065,14.41013,7.205065,3.1808556e-15,4.329397e-15,3.625258e-15,22.163395,44.32679,22.163395,3.91127e-15,5.0081327e-15,4.5064656e-15,24.072012,48.144024,24.072012,3.885883e-15,4.541637e-15,5.9969255e-15,6.2351713,12.470343,6.2351713,3.4550127e-15,3.990318e-15,4.1819537e-15,18.11825,36.2365,18.11825,3.555685e-15,3.589495e-15,3.02833e-15,9.365398,18.730797,9.365398,4.1276987e-15,4.332054e-15,4.472517e-15,7.8428135,15.685627,7.8428135,3.3052295e-15,4.2316423e-15,3.7450465e-15,14.977543,29.955086,14.977543,7.392874e-15,5.3812393e-15,4.9908575e-15,17.143347,34.286694
1,2.7193186,9.841349,17.464663,13.201937,13.313252,9.523972,13.832502,11.359667,4.11844,8.173141,11.469809,21.134624,24.631618,31.16181,26.76884,9.817591,6.868878,1.6398284,3.5672126,5.1013565,4.071047,5.6259217,15.571046,27.610365,24.136244,42.52121,43.95575,27.04406,57.244267,82.999916,49.3448,69.639534,66.09282,37.01921,22.193531,20.870335,39.116608,41.030926,24.425058,26.833117,28.8563,30.18835,32.357624,36.935627,41.269882,43.62932,28.737894,25.151846,13.079108,5.8425603,6.7010345,5.1747584,6.8619504,9.923336,5.7034903,10.578677,20.295626,31.512152,31.84726,22.896963,30.762405,30.210846,63.41815,58.788902,22.05936,23.209742,18.85044,26.891273,32.108513,26.891214,44.423435,26.576595,18.359896,15.565925,31.711493,49.19592,46.518337,23.611109,21.418161,14.51173,8.689219,4.8144717,9.715287,10.8764105,9.145811,8.850016,10.556558,13.0631895,9.995628,15.400123,16.613222,31.570776,27.880623,37.33873,30.232178,19.271475,24.636168,16.085268,15.479321,10.61019,13.748108,15.863952,13.4290285,25.837471,36.75415,27.498236,27.454002,38.507946,34.184544,17.820797,10.609742,7.7383075,7.4073534,12.832925,9.001207,4.2929797,10.129672,13.053511,9.202341,16.36347,23.612707,19.538172,13.578721,9.315103,6.4741325,7.764928,5.3904824,7.5269895,9.496405,4.2915764,10.737891,13.569392,34.598076,34.18656,18.80839,19.922583,21.268112,18.140432,28.689037,20.716866,8.208896,5.343056,2.9398324,4.4988327,10.398607,16.145458,8.111589,5.987274,9.712072,10.846363,5.202172,8.196704,10.119736,4.6617045,2.2990932,6.0134997,6.4958296,3.2230768,5.5844116,7.4891996,7.392593,9.906066,11.219951,19.720758,15.713854,13.9511385,11.965357,15.269978,9.336111,10.158383,9.081026,5.44019,7.085591,13.450901,14.12812,12.253997,15.07518,8.736032,6.443759,11.057612,11.486227,8.95956,7.5299196,2.02516,4.198183,10.669305,9.101301,5.23581,10.260301,8.978742,4.8430705,5.2283125,9.384324
1,2.2392447,5.8437266,12.994784,12.399358,10.541003,6.122632,3.9583666,6.411583,10.268597,11.618201,11.2619,30.417437,37.380028,16.147976,7.235365,8.392402,8.027666,8.226125,4.178704,8.41968,11.841021,16.226389,23.6498,45.699894,43.653687,21.321539,31.68538,23.709631,7.021352,9.879039,12.091603,23.778408,40.577244,47.93899,55.41564,55.925533,40.475075,40.10187,40.9662,15.599102,6.5117784,8.954979,17.9004,25.556864,19.139633,13.6547985,15.142607,17.227102,11.34302,12.650747,12.540643,13.721195,9.581195,7.0087314,15.015507,17.870468,15.739771,19.313288,20.141926,20.334103,35.685364,49.32103,22.708729,9.925629,5.0710254,16.9737,49.443325,45.70774,40.762638,24.637682,23.488312,22.268911,29.668108,29.99676,21.382267,19.600895,21.300817,25.922096,24.612696,19.281008,14.061814,10.959185,8.2584915,7.300933,8.211266,7.002287,7.681416,6.2247334,6.598442,11.047641,15.506363,16.185968,23.147736,30.708923,20.818932,17.782125,19.7584,18.46999,12.558695,18.60772,22.551973,31.423588,24.696836,19.893135,33.77801,27.650534,15.419232,7.347366,9.724904,14.323734,12.904185,11.034181,11.159431,18.000105,10.875617,7.1676097,13.388741,13.631943,8.948619,9.143669,10.745799,11.466618,11.234354,8.133537,7.412325,7.4166145,13.931308,22.469868,20.578316,18.03833,12.840781,10.196842,15.05889,17.031624,14.151068,7.2705865,8.148838,15.873629,17.546776,20.620869,19.69971,11.257925,14.806026,14.992655,6.967477,5.303567,5.2333217,3.9281669,4.9470315,7.787508,7.133003,6.007374,8.047187,6.9569435,10.046594,11.714773,10.309227,6.9617643,5.76344,5.5384345,5.543505,5.7967215,6.547582,5.614835,5.630497,9.169481,10.132472,10.028379,4.3982444,3.057171,5.0545297,3.979815,2.2857168,5.161857,6.929906,7.021496,7.897195,11.189568,9.616469,6.034659,6.4417605,5.8402996,4.9413605,3.9854743,3.435357,5.716156,8.672803,5.6936245,8.265538,9.915301,8.017857,8.2388115,7.4900227
1,20.654732,21.474836,16.120083,8.413269,7.462513,14.47669,17.1194,16.360012,20.595854,14.270138,8.296374,11.070403,17.11904,30.99906,30.218954,33.43012,40.576515,44.600693,19.189411,8.22061,20.334837,22.694277,14.96423,17.242182,8.880989,6.110993,13.47612,13.26427,23.579731,31.512922,49.921875,108.294235,112.10166,52.72134,69.41683,47.549778,61.925526,68.21102,58.746693,56.754623,39.323727,35.188435,44.31865,29.763103,31.732912,21.50659,24.787495,41.80865,44.423588,42.63794,35.581295,32.650135,17.67362,12.81421,17.64351,17.97832,9.405954,17.969555,27.96415,22.823563,21.410364,16.980852,37.36988,62.610123,41.363216,22.091385,36.999123,57.273365,57.998634,38.215828,26.133072,34.230175,24.913336,22.487633,30.777248,30.190687,36.658504,44.60997,46.613308,42.524796,43.5334,46.653618,31.595266,21.46291,13.776928,16.90862,20.415773,23.498838,24.402643,11.981424,8.111266,13.399154,15.684578,23.974464,49.733738,29.204256,9.541912,16.057665,22.308798,29.234138,25.409784,29.637693,38.090847,28.570742,16.056494,25.376818,38.672993,40.563267,35.296432,10.704017,35.74072,42.778427,27.77138,41.60105,21.582424,14.11588,16.88133,24.531784,16.549261,17.887402,18.599512,15.988928,24.62907,24.689642,21.074673,35.81387,40.761345,18.530172,29.7514,29.049913,27.558176,14.340628,10.972271,18.581757,22.3266,13.82798,12.779253,33.529823,33.045242,17.293104,16.647661,21.58869,23.479153,18.608107,37.558136,41.822094,15.549963,14.956073,15.986269,10.714999,10.166346,13.710524,10.305548,8.427539,15.02654,20.951227,23.591944,28.201319,23.455076,23.630415,20.534044,29.245916,26.35309,12.686082,9.131018,12.6456995,10.069928,8.231442,13.905415,13.999098,9.630064,23.256422,22.818676,16.625349,12.222859,13.598916,24.1243,23.641445,19.11056,8.82489,14.501698,21.4937,12.837801,4.1535573,3.4627812,6.998154,14.994671,21.146574,16.997295,8.81983,17.209684,14.88087,3.5440652
1,3.623926,7.3510475,8.159887,7.349267,4.7305784,2.5395746,1.2190275,4.3343043,11.662042,15.074386,15.749684,12.152529,13.77626,29.43937,37.649014,19.25249,10.028512,4.879443,6.691858,17.560183,13.655267,7.9447756,2.7651846,5.3419375,8.707206,18.79698,45.675873,128.62968,116.1751,26.75245,11.448435,29.811625,31.708467,13.801639,19.913952,14.5993,20.545319,42.757996,24.78161,10.771921,38.214516,93.58273,57.744015,6.1863384,4.0222764,5.7525434,19.52476,23.216955,11.076581,7.6688046,5.1942277,1.8362274,7.47892,36.029926,56.298958,71.53735,34.26497,23.60751,35.300564,53.249935,38.90265,31.771364,27.900154,11.967116,35.226425,33.47677,10.900302,22.087418,69.59701,75.65917,23.698427,12.797915,17.118443,19.816263,9.852474,7.685695,6.530613,8.751557,19.901138,12.736908,12.500355,22.002172,10.044521,15.168964,26.101011,39.605022,42.481445,40.264217,36.317635,31.263449,18.399942,14.236967,22.93297,10.960401,27.176172,38.447292,42.840897,27.377115,23.227545,30.191256,42.238365,27.168678,13.040396,9.56611,7.677243,22.24898,25.450075,10.552814,5.3703527,23.848814,31.98589,15.099547,29.22916,28.3582,17.574224,31.91647,23.789787,12.987409,7.1992087,3.539385,10.91888,16.584064,20.227623,11.734532,11.219479,20.542292,35.806652,35.209824,34.833046,35.90918,17.740456,6.634192,10.798296,22.405994,12.0069895,10.156406,15.894112,17.951591,11.282013,7.6357613,12.006646,15.350193,15.052939,12.733538,3.543827,3.586546,15.45771,22.016748,16.476507,11.451008,14.956477,21.461515,10.7997055,24.432192,27.620672,11.052089,31.083523,25.188347,3.642873,2.8324392,11.509079,11.712033,9.409756,16.848404,11.883822,6.6660037,8.785618,7.632674,15.566832,18.935078,7.036528,11.909949,14.312379,18.169685,29.712147,20.785149,9.574469,4.0277786,10.761712,8.0987015,5.555168,12.115654,19.137964,22.457554,22.918152,9.290598,4.5769253,4.635214,6.7264814,13.014612,11.562693,10.988479,14.572939
1,0.5982224,2.2725358,11.6748085,12.163047,15.357092,32.923187,17.916142,14.870834,16.535751,19.957403,46.158733,26.924562,6.407862,7.5891957,14.276241,36.1491,22.760817,8.756345,11.075818,5.531387,12.623338,8.669024,17.557917,24.15612,8.185378,7.399581,8.810746,92.77684,137.12561,49.34761,18.731367,14.537113,25.904863,41.14331,16.312622,11.563192,9.757786,42.386158,72.68036,31.217915,20.95615,18.855536,46.21533,85.225914,39.342808,1.0016853,0.7421437,2.3295968,4.669086,3.7410216,15.79422,16.366425,3.5372522,1.7082447,7.673409,46.918686,52.13306,12.505399,2.6949484,5.260669,36.62754,43.64985,12.03412,7.3787284,7.8619323,53.884026,68.99057,20.705141,11.347744,10.4001,73.89722,101.58022,33.148636,6.1021385,4.103155,1.4539102,2.020271,2.1015437,6.710591,5.2544837,8.370586,13.296681,5.255288,2.9479227,2.5363393,16.705133,28.632439,15.016731,36.178802,32.56104,12.22134,20.230091,12.682635,39.74331,38.39102,9.452072,12.245239,12.911899,61.29734,63.47911,15.682349,16.97475,9.225133,7.542526,8.365741,5.371626,11.806328,7.4276676,20.75089,24.75433,6.8838787,5.3452864,5.129463,33.053852,42.294285,15.443003,24.967966,16.890938,2.3707955,2.7754028,7.2945366,22.185673,16.161657,7.7781982,11.314205,13.2213335,42.822437,33.45643,7.0036054,9.165114,4.758918,11.971899,10.02735,7.61734,12.906749,8.6023035,28.056286,25.257095,5.1185117,5.656611,8.370533,37.64542,36.343933,6.848048,1.5792143,1.7301502,8.5473995,8.843711,2.890583,4.81937,3.1396408,11.0260515,12.254479,9.80035,21.92432,12.846092,9.866697,11.757649,5.2939825,10.841736,6.834169,5.524143,7.100478,10.391402,28.572641,19.376087,11.632182,15.861937,9.522421,24.803167,18.034101,10.02251,14.635509,5.8763385,8.921693,6.9758573,9.353348,14.862227,7.9606276,20.762344,17.415323,5.315106,8.073126,5.4829736,18.112215,16.29512,3.642357,4.6918344,2.2793405,3.5973678,3.4749122,18.721243,37.401234
1,3.4246032,4.723964,11.67166,12.107777,4.0945363,6.1182256,6.5911026,6.685659,3.0006762,3.2375565,6.0742264,5.6521277,5.1313324,4.703803,7.0977206,9.735798,16.295986,30.636929,22.93317,16.960823,8.954097,5.972503,3.9215176,5.6437974,6.7291985,3.7447844,5.6587825,6.055381,7.645254,10.885459,15.03877,14.956054,16.102613,26.0911,47.47863,114.53084,175.75114,76.99825,49.252098,31.70199,14.276818,10.610449,17.56246,18.261192,10.251356,5.855387,6.2807736,7.1138487,8.878837,9.901917,10.618862,8.955563,22.591331,36.3862,25.01815,17.139162,14.463567,5.2710915,6.2003617,10.087114,13.916183,9.958398,9.100201,7.731195,10.631794,22.783033,30.48692,28.561562,28.617704,56.104733,83.30112,89.56051,96.0586,52.160152,50.30217,30.631176,20.64908,16.255606,15.717422,12.663334,9.587415,6.1307573,2.9006016,4.2253103,3.5847607,5.4407244,8.529139,10.782497,15.647631,23.00266,16.958876,19.33967,14.76072,4.5344925,4.289209,11.220891,13.924742,8.702005,12.164927,7.496783,3.8568754,20.251795,27.141886,25.392397,29.556631,56.315865,72.9875,50.62122,44.594563,38.061497,28.873966,20.510746,22.406015,19.472452,5.654842,4.1886063,6.0322795,5.1396923,8.089895,10.509635,8.038177,1.9484721,9.802327,16.138645,8.308896,6.9861946,8.64609,17.05911,10.597422,2.6847782,3.9162614,6.341675,4.9467115,6.831861,13.150961,10.360255,11.47048,15.017597,15.42443,16.001755,23.20455,35.36856,40.113235,23.644617,34.657978,24.019157,8.966728,12.30253,18.467432,15.271472,7.414053,10.90899,5.8912067,5.0475526,6.9457574,10.563857,8.70201,6.3614445,10.479152,13.546032,5.7964935,6.758388,9.217266,11.236094,7.3011117,3.8924446,5.3575354,6.32565,10.777303,9.324244,11.093225,8.719257,7.5430956,6.610745,5.3169966,6.127349,10.930897,14.787793,12.315901,12.009143,23.907846,12.992054,3.3143768,7.351103,11.171423,9.544249,10.589862,11.242136,5.112828,8.688818,8.795062,9.0659895,8.575963
1,0.07931432,0.16277553,0.4827471,3.6530828,13.557326,11.303411,1.6978769,1.615497,14.541913,19.724937,8.394546,9.829024,6.7077894,12.010618,8.26156,14.133356,10.416261,1.1984851,2.9891458,21.546253,25.87816,14.480259,19.419302,19.599617,36.215405,23.754616,40.54338,31.095247,62.646282,52.354794,20.045351,19.873335,12.978373,16.479036,5.3653603,1.5814179,2.3999097,5.301633,13.75647,41.862843,30.919975,8.777624,7.759719,6.556066,7.732921,9.49473,14.289952,18.231503,34.979298,18.295137,14.883582,9.719469,3.6254737,11.665485,63.865433,67.86641,15.343953,4.113359,1.6237136,1.6121973,11.72756,26.896332,15.898512,12.160767,9.211504,9.596163,10.650586,42.964825,51.579872,23.788033,29.512674,12.230303,10.128342,5.868691,7.7693934,8.141847,23.998472,20.28106,20.821138,22.16727,27.711765,36.95192,13.599235,12.036121,5.279527,1.7575155,6.1223435,18.844282,14.569868,19.209255,18.117252,12.451981,14.560091,32.46243,49.5085,22.233866,24.913229,13.117742,10.747214,7.4739356,9.623958,8.242125,10.707277,11.443572,20.291386,27.376549,8.758499,0.9479302,17.329472,39.85874,23.316576,14.78634,11.359912,14.30175,13.4089775,2.6173618,1.6059896,14.04311,21.601643,8.1786785,2.6269245,14.260879,37.85745,24.610931,2.934659,3.4231327,15.424654,16.384241,3.6433797,0.4878863,1.6156825,2.8391895,9.037999,20.623682,13.042203,17.096056,12.847866,12.36131,11.668713,8.864971,10.343054,9.213531,13.460714,6.1905646,7.289724,3.7728121,2.8370266,7.244359,26.00226,21.68919,5.221575,4.546273,3.68642,4.8427486,8.383696,14.392338,6.269293,0.762755,1.8092699,5.530577,6.3243575,22.093004,20.841616,9.245896,10.121571,2.8716385,1.4553279,5.3558874,10.652539,5.775558,5.8490663,6.0593357,17.737701,14.7796,2.1588938,1.549927,13.119843,17.804989,5.8586245,2.5542336,1.4139634,2.0758824,1.5231202,3.029833,2.2898877,2.4600625,2.707953,10.207744,12.239218,9.8054905,14.273573,6.194605,6.136787
1,1.8661908,5.0017123,6.180453,7.033845,7.592878,8.989824,12.031109,6.809997,16.273994,31.922731,15.965514,29.228018,58.76653,40.933918,28.929949,12.493234,8.552,14.34314,25.585337,16.061766,14.297516,20.97926,10.476686,7.4610076,21.248508,80.2654,85.57204,61.8994,46.34204,38.57984,30.479439,19.257175,21.70126,35.984863,24.119104,18.206064,19.1023,50.626045,57.959656,59.34119,51.89636,43.285107,9.654244,18.503996,18.589579,7.1271195,10.831528,11.152658,8.148259,4.0760264,4.564477,10.704129,30.694666,37.98715,46.73728,32.70787,27.227163,28.331636,21.084356,20.315794,26.110785,33.318424,34.922626,34.890583,62.737637,62.24469,32.161034,25.652712,33.283092,52.515053,26.665958,11.995068,22.013525,23.72437,25.178751,28.01829,24.704933,21.26769,12.589931,25.00756,28.167046,29.136627,27.846088,24.743532,14.607069,12.347494,15.896312,24.69442,22.315195,32.662918,53.59317,27.88728,13.809176,24.976439,53.55039,54.193554,28.780996,19.59999,20.560438,29.941872,33.28426,33.11147,29.462908,28.716717,25.050957,8.660307,16.054495,30.931356,53.22682,35.051594,25.53308,21.646214,10.609128,12.401202,24.892998,18.463041,16.26688,17.814049,10.457615,16.822712,32.397415,36.489708,32.77091,7.2101154,6.5423474,11.570247,19.465958,12.7024765,12.679576,19.400145,11.925112,9.158899,14.490366,42.2221,42.026352,13.350076,22.641062,22.044558,4.9846416,9.368143,9.417665,3.2793634,7.549414,7.740729,5.614019,17.183537,18.635738,15.248166,15.127719,13.596877,6.891545,10.829288,11.306759,8.848376,4.5356627,2.3316193,3.933216,7.835727,14.584138,24.824146,12.382881,11.627031,23.264772,12.090618,4.327426,6.349179,13.786892,13.6432705,5.119457,6.178824,11.931362,20.827536,11.096576,13.149665,25.318369,16.6067,10.778172,4.940793,19.01576,20.042063,13.16527,7.2211275,8.490571,15.930509,20.642775,19.4919,9.621166,18.709711,18.749245,9.5975,10.361305,13.964339,20.73044
2,2.2810192,2.7498448,7.570013,13.902908,14.424066,9.169957,5.845251,7.0759373,10.553481,10.864666,6.593657,4.128298,6.02761,9.201655,8.990239,14.907998,14.318642,19.748543,13.142038,14.675115,15.863433,21.566334,14.563584,8.067906,7.3874235,8.982097,13.995013,13.137772,13.188069,9.518614,7.840536,5.0074835,7.1327386,12.99533,12.127851,15.795965,41.276104,53.731586,29.063614,111.961624,118.28206,57.444767,46.83621,19.158775,7.872016,14.212718,10.130459,10.051858,8.609057,8.742727,9.890897,16.061506,20.022596,26.097485,27.624277,21.718382,25.042257,24.470953,8.098008,9.95764,22.885386,18.73922,15.856381,25.66565,16.351744,7.2371616,9.08035,14.478828,15.752413,17.291592,10.040592,11.923877,26.240076,25.617092,25.08922,35.302883,69.02274,57.963448,30.400524,48.964134,64.544525,74.55422,41.692413,26.166542,18.117044,25.463068,20.694649,15.055683,14.195634,10.900328,15.154225,27.841658,23.196383,24.957952,15.955538,6.8042984,20.954578,31.243633,18.133926,16.330338,20.419832,12.346498,20.49606,22.028862,12.333287,3.1977236,6.4888096,5.9602823,2.3858738,1.7660398,3.0671673,6.3407364,5.101844,6.9859805,10.862861,24.465467,36.654186,34.136536,23.94486,27.020386,39.782764,33.544884,29.5722,23.971918,16.466707,25.750097,16.116385,3.0816097,3.0777931,4.9745207,7.846288,11.73374,7.253255,12.705541,16.000881,13.977676,32.601257,30.664204,8.105982,5.078839,8.723997,18.486206,14.42363,10.715094,19.829206,18.724571,14.589144,15.918032,20.796225,10.840906,10.082621,10.358445,15.419586,20.872448,16.826036,20.060898,24.630901,20.046991,10.712171,9.64171,18.377909,11.239672,10.319012,14.670388,17.085264,9.614267,19.207762,21.514294,7.7461243,2.8349211,1.9962803,2.9700615,4.038073,7.703085,8.432456,11.377136,21.299654,13.916124,12.352456,8.832935,5.182371,7.7075505,9.335949,5.34074,5.4471416,10.987275,10.7788925,12.765787,13.244157,9.409697,7.6238866,7.6699376,12.514486
2,2.1433055,4.3418527,11.675145,15.599277,10.620737,14.309515,15.709171,14.873628,6.1593103,15.040921,15.696017,4.5490055,8.996283,12.5107975,21.374388,33.404827,16.149424,6.4615884,12.64044,21.161707,16.839802,14.491897,13.728408,5.8627586,16.240784,19.569757,24.981071,52.694996,39.29043,21.20604,27.27718,36.795036,28.883896,14.52697,18.236935,13.393627,23.636948,31.969147,13.079958,4.479406,2.9819832,7.4655848,17.348068,24.689676,25.34826,16.977205,29.574148,28.712898,32.107655,47.71203,32.459133,27.42214,31.007208,29.174395,21.548439,30.759083,43.46867,20.663414,12.086447,11.481617,14.510371,30.001541,23.006456,13.988283,23.00548,27.619112,21.856236,10.143388,12.561443,13.262309,16.463459,19.834219,13.837272,8.734329,11.975914,20.791935,27.945452,19.575531,16.73677,32.62129,35.20698,28.078003,18.475298,23.327513,13.199479,4.9357853,11.990692,27.635597,20.28333,11.337915,5.738216,13.711507,13.102873,11.26228,9.148392,4.625034,15.416653,21.089727,18.09277,15.337921,12.599949,12.911818,23.027424,21.747114,19.614105,17.827124,15.703565,9.934575,8.453298,15.0697365,15.520595,19.138674,19.738039,6.2059894,8.821186,9.187322,8.189759,8.834936,11.47656,10.0699415,3.2617073,3.5190659,3.137145,2.7060754,14.592039,45.827496,35.570606,14.102092,11.461723,6.88114,24.531229,34.015663,22.524738,11.553631,4.48116,6.6445427,6.3782177,7.102977,6.6339283,3.8919187,1.6843654,1.4754697,1.8392792,2.354102,5.9298987,4.90916,1.8230182,3.3987734,12.993005,11.859527,3.3131032,2.8199048,2.265062,6.0382805,10.479468,12.530348,21.186733,22.257156,5.512618,0.839925,1.653962,2.1483822,2.013488,5.2660513,5.0209746,3.0256166,2.8702326,12.922338,13.326894,7.2172966,6.5789485,10.51819,11.664644,8.850876,9.622662,7.915145,5.0740066,1.8736346,1.1049259,3.0272663,7.6547766,15.441668,10.859159,6.258349,3.8925517,4.3157425,12.607736,14.368973,10.392928,7.401878,6.95075,8.3771305,10.84565
2,0.32373473,0.93507177,8.071879,12.292085,13.316754,9.745774,6.630108,5.4960575,9.857522,6.6292577,18.354534,31.704926,21.423803,19.186316,21.182323,23.267664,11.840119,17.825752,23.078274,7.5777287,4.5588965,38.101738,58.73315,49.747467,30.705399,13.205187,10.921798,12.565219,20.314287,25.159058,26.382694,13.7816,38.567383,49.011497,15.844237,4.481499,2.2050552,14.757711,35.991894,22.87475,12.162395,15.676089,6.530829,7.2541766,14.807088,23.23436,14.950284,9.19488,6.9426517,10.064583,19.147942,27.133581,31.311543,21.09788,65.469925,64.08321,27.084991,15.538118,8.345162,8.069473,14.768496,16.05181,11.4745245,11.506772,22.508844,27.39004,22.060339,16.034496,29.497507,16.939405,4.477355,13.101358,31.746696,22.828978,21.569244,36.22721,54.429066,42.816437,25.203783,16.715607,10.819492,15.485195,18.913597,8.37069,8.979383,7.764699,22.874065,57.65867,37.091118,28.83866,45.01266,20.252136,13.236173,13.556628,6.416617,12.484802,10.432166,5.303006,9.468673,37.29973,37.769367,27.114315,10.5596695,18.835709,20.419624,16.229198,22.357481,17.832644,21.280666,34.764072,42.033817,30.82849,20.428238,37.79755,21.990772,12.872719,13.660771,8.7500105,7.402382,14.566674,21.458805,14.750649,15.352866,16.958378,17.2555,8.184029,7.8327107,17.375935,30.329626,24.015919,18.319544,16.761892,25.550714,19.46953,15.384068,13.970172,5.3270297,1.4210023,14.0253315,24.162994,14.167274,17.439472,18.782444,8.216077,17.759806,17.986853,14.726382,5.1348476,7.0247116,11.495045,16.368279,20.885315,12.819555,12.28199,20.075108,8.625592,2.390221,5.28813,9.495249,6.6212573,11.262995,16.35985,20.11912,12.164119,5.522756,3.7218204,7.837685,14.967285,14.170739,3.5610945,5.0564785,4.8745337,4.439735,5.0110583,10.470654,16.014387,20.218523,22.060299,16.698755,16.073496,16.774698,6.4531775,14.88164,23.834557,30.463533,16.38229,11.38051,11.136431,13.350869,19.902292,14.788362,5.8235455,6.1414332
2,6.0091577,3.8881218,3.37723,5.9433284,7.3728633,5.7591157,8.0721855,10.842619,13.328428,12.277003,9.462419,5.4118123,7.2952957,12.833911,37.336823,51.54972,26.000563,10.259663,8.680713,11.905695,10.33786,10.329204,14.518302,21.643217,27.502483,27.226498,12.167696,20.273817,53.622086,90.75747,124.66568,74.576866,49.278576,47.295574,41.63163,34.265068,14.260599,9.034812,30.657309,42.501328,33.11671,17.531778,16.237165,35.467907,40.376728,32.693348,33.447018,24.001326,21.720947,22.286005,16.274717,15.9338665,23.072996,39.13073,41.719593,31.758781,22.943354,28.233538,53.126205,43.360027,63.81293,71.87311,41.907616,76.98303,60.701668,29.57462,28.681536,36.299362,58.042328,46.661907,33.18782,30.518993,22.159689,35.233433,31.681545,34.5058,33.363155,30.79134,34.336414,19.712618,12.415404,17.697544,19.88194,28.023214,22.10078,22.863207,26.33828,27.47994,39.72177,28.886806,39.933918,36.9229,39.022957,53.682262,35.87676,30.752867,28.191935,29.843164,40.52369,34.37969,35.697685,26.651918,28.80622,44.30332,38.2033,34.291245,20.695213,23.67177,28.879766,22.32353,17.606014,17.684008,16.94439,24.479563,19.074078,14.935803,15.96028,18.904543,24.822874,24.047829,17.165653,13.944308,27.450634,35.99998,27.947994,13.776302,13.697268,19.643133,36.78778,44.892227,33.531967,28.140213,28.867355,37.87791,31.044949,26.571714,12.609007,19.173119,27.81631,21.707586,12.603472,7.110184,9.863545,23.146862,25.464008,11.692172,10.913785,17.917183,19.304497,20.082289,16.284876,13.903653,15.695419,22.019892,20.621588,11.594916,10.71878,12.645952,25.36743,23.50702,26.15793,26.400032,18.41943,28.842453,27.25636,16.308266,12.89027,12.525733,16.851871,13.885383,10.845164,9.510564,11.909526,12.330645,11.336969,14.898196,15.596371,12.837344,14.923654,14.561379,9.653734,8.297815,10.849604,10.560394,11.197919,6.133198,6.6002965,9.688186,11.930228,15.124392,25.754332,30.55086,19.445135
2,0.2259656,0.45471907,5.363654,16.157223,11.611542,1.882911,7.7519903,7.8455224,2.9477992,28.45841,40.55559,13.822786,5.8864555,11.870993,6.1123962,7.9839096,24.87081,18.303547,3.6911583,17.265938,17.850927,3.7906935,1.1731317,1.5350178,0.763461,49.056404,103.28211,54.308567,4.2207813,13.389852,10.116244,7.364872,40.403862,42.743896,10.194646,51.045826,76.22429,27.554054,6.884845,14.341868,7.7325926,3.187032,10.539765,8.184057,6.0618954,34.887245,37.755817,8.660289,4.0644064,6.020638,2.296219,21.882664,48.536198,26.8281,1.8423601,5.9615593,4.802638,6.0905004,36.944565,40.88665,10.413446,59.613014,93.327194,35.72092,3.2775822,6.1587925,3.5047574,4.8231134,17.048624,13.755073,5.9511547,36.07078,40.861214,10.076597,11.036359,17.556982,6.914454,5.548254,12.96936,7.576947,7.237253,26.472313,21.840403,3.7388709,15.802633,18.278904,5.0291944,37.742558,61.97928,25.084173,1.7754958,3.4323955,2.1575632,6.861744,25.959957,21.904701,6.7172885,41.590206,49.303963,13.027312,9.337126,15.479712,6.4493365,4.496065,11.078584,6.788082,7.674389,30.008432,25.910736,4.2344646,13.285057,16.07115,4.4379654,15.088796,26.003614,11.118787,4.225245,10.673526,6.71743,6.6910276,27.140934,23.957756,5.895599,35.164486,43.63299,12.327502,7.9025903,13.742514,6.0705004,10.340195,27.000837,17.2533,6.3905654,26.446012,23.89869,4.23031,13.601341,17.230534,5.033649,0.6802604,0.8841006,0.41738236,2.0474238,5.499424,3.639437,3.9419208,17.192188,15.879111,2.9481375,9.331078,12.118309,3.6527708,7.0262966,13.0066805,6.0536027,8.699404,24.060534,16.11348,3.993695,17.206217,16.269287,3.034336,8.002474,10.609588,3.3023908,10.608275,20.15396,9.573476,0.4997697,1.3906858,1.0103263,2.3877175,11.246894,10.872168,2.0489652,1.9520168,2.6160874,0.8417951,4.075095,7.9476733,3.8914287,4.386525,12.868124,9.030769,0.98879534,2.9412193,2.9092314,0.59607035,1.9865247,2.7613866,0.91376007,16.612932,33.22182
2,0.6997797,4.113714,13.55137,10.716439,10.41633,12.230625,12.786864,22.588999,10.842808,9.822515,8.4667,27.422697,29.935703,10.420286,13.179692,5.4543343,0.3067839,0.49289724,2.3731182,2.5530567,13.771466,21.186644,8.006752,2.188611,16.42464,72.46194,67.40282,14.118237,11.438895,20.425852,44.745926,25.034103,11.795903,10.289577,18.226173,23.728016,7.9819508,7.3868074,22.97853,78.34505,62.294186,39.439346,46.488388,13.184055,7.1237392,5.778724,14.475798,10.626841,6.5435333,7.1621766,1.8480467,1.2337043,8.4650135,23.394505,17.485992,39.39492,40.317486,8.663293,3.597958,11.917372,29.687624,18.504108,10.539866,10.817742,51.7263,74.46706,32.620255,44.924747,27.413902,42.13849,36.7473,10.226415,11.479236,6.7719903,12.022146,6.2367167,1.1501832,1.2145103,6.12971,7.5017786,14.20202,26.575003,13.430433,14.3272295,10.625303,1.4018822,1.0209136,2.7526002,4.7681484,5.9190745,15.793121,10.858275,6.7644815,7.310481,42.711796,68.0635,26.631557,3.485216,2.8067725,9.075708,8.847118,17.979294,26.199755,11.608447,15.965157,14.738314,46.64196,41.336304,7.2583747,4.504293,4.649411,9.338582,5.055594,4.380593,3.6339705,4.542995,5.6089306,1.8029455,1.6733541,7.5944004,24.314909,18.35791,9.587388,10.807675,9.880555,16.743835,8.763976,14.042503,9.837235,8.4200115,8.880089,7.874009,12.426793,12.124499,29.022083,19.051582,20.44827,19.921404,5.1899886,5.1936502,5.681606,12.609407,7.565014,6.308143,5.8172507,12.690945,17.338726,8.837686,14.513174,8.433267,11.552057,9.597393,2.360281,2.5101616,6.9388638,13.564316,6.6672525,0.47069624,2.7572074,18.691732,21.782345,5.8823924,3.1538146,5.2020464,14.867807,10.687324,12.71982,13.652202,7.3126264,10.997751,5.557827,8.933368,5.828143,3.4846084,3.5048678,9.046297,13.655122,5.321896,4.0697727,2.4301941,0.42465273,1.1414366,11.854098,16.523085,5.957477,4.9846506,4.1302476,11.6188965,10.164286,21.974487,28.140171,9.027453,7.1039786
2,0.10480056,0.25854272,7.7637463,13.596791,5.945899,8.182394,12.587851,4.7970037,7.811097,10.605144,3.3933814,0.4649809,0.905378,5.5551696,31.111273,33.05558,7.346934,1.002303,0.42704955,0.9628575,3.5281665,2.9413257,1.8268484,5.54015,4.1366267,10.719311,28.582241,18.575132,5.7228003,12.825244,7.334109,14.440807,28.880188,14.491632,46.599056,81.53793,35.551476,33.68009,51.818134,19.457237,8.501004,11.462631,4.4949756,18.473713,22.17545,5.9836354,3.117829,3.424082,8.576253,38.51922,36.247555,6.5962095,4.4586916,3.6534445,1.0300897,2.7632294,2.062828,5.572307,14.856085,9.663341,8.687478,19.955256,11.399831,10.011398,19.993708,10.044705,26.7693,46.838375,20.40251,13.532366,20.843967,8.787217,41.530552,56.352783,18.03394,1.8500111,1.4798939,3.5375302,19.68657,20.913668,4.686868,2.5241687,2.4316006,7.263475,26.932215,22.445557,12.653277,38.19628,28.148336,4.199171,8.218137,5.341963,2.9601376,6.7640033,3.8664567,3.168698,6.3292046,3.1839223,12.330491,21.576824,9.501378,21.638424,33.282043,13.174579,40.355007,54.781128,17.560595,10.073815,11.938041,3.2239954,0.53986907,0.47048262,0.9407907,4.2017493,3.954996,0.9672448,2.4199095,2.0185213,1.1318834,3.4415808,2.6043308,11.502377,30.655294,19.925018,4.2999935,9.39449,5.371282,0.36412573,0.6448703,0.48786235,11.98899,20.981535,9.122378,4.026742,6.1754327,2.36358,4.4129214,5.9990187,3.6048706,21.961973,26.350502,7.5444593,13.791501,14.652295,3.389293,4.5050745,4.239574,3.534086,12.872672,10.722958,1.9089415,3.708782,2.7368603,3.9682648,10.549567,6.857403,1.033232,2.1654239,1.2353086,5.362866,10.721695,5.362566,0.73224443,1.2862831,0.7127984,7.020697,10.801879,4.0493107,0.4164986,0.5171094,1.3327076,9.624051,11.548713,3.2104027,4.6902027,4.984315,4.704274,20.495295,19.295149,3.4969516,2.5081909,2.0549283,2.4173334,7.520876,5.538416,1.5560238,3.8540344,2.5060062,1.6917666,3.8696396,2.2109227,6.829205,13.65527
2,13.076229,17.057594,14.150659,13.793434,14.003886,13.0066,15.414206,17.547743,20.011473,32.124844,44.892803,38.821762,18.98095,13.192366,17.418112,13.571352,9.78634,15.832089,15.414142,9.959605,18.97016,24.02636,28.670013,21.351254,27.747757,28.025682,23.51661,30.60156,67.24063,60.395306,30.047276,22.489159,22.140892,18.086405,19.968357,17.228474,15.420603,20.790321,52.897152,50.944862,28.284344,18.954714,13.442033,18.582914,22.18276,21.243732,11.747826,15.855859,30.631708,32.781223,23.911398,23.327852,30.77679,28.598066,20.927021,22.512415,48.500187,51.302917,39.722042,51.177097,37.37719,34.101933,35.325214,34.80445,19.74917,11.544877,29.042404,57.015045,36.608047,14.875493,22.989386,23.536623,15.596147,14.262879,30.221542,29.577486,19.815912,15.685246,18.4882,22.108553,16.61366,12.897674,19.319092,20.107218,18.212828,26.97583,22.693598,27.061388,22.450928,19.08651,24.680807,27.680313,25.26292,23.780792,23.478846,41.207184,38.33474,24.261347,16.539404,20.676956,23.118866,16.411036,16.148148,16.243296,17.270468,12.795606,11.636418,13.449078,18.02744,15.353181,9.444345,13.247279,17.961372,14.420179,18.724047,29.321985,28.027918,19.031128,26.138845,18.861267,13.867886,9.476705,15.563961,23.758963,21.403753,19.071642,19.443356,17.01585,15.881126,14.767324,18.58868,15.188985,10.87426,14.703121,20.776579,12.4463825,15.953205,16.245564,9.647581,7.118586,8.111369,7.9687557,6.0086465,13.794524,23.259628,13.624859,8.794508,11.773717,13.884051,8.818166,7.1242924,6.023485,10.754247,21.493307,22.187267,18.783028,15.071981,11.476408,9.768826,8.956111,9.954899,10.949396,10.725209,9.707834,7.88289,6.5889363,6.276523,5.435178,5.153708,7.6412973,9.625972,7.238317,5.793866,10.065377,10.226311,6.7849655,7.0935845,11.2718315,7.164112,8.432964,10.239847,8.071698,12.037078,9.390191,4.0274153,7.113655,9.242175,7.538118,10.419041,14.324939,6.3841248,10.869327,17.30112
2,8.042881,9.039374,7.437543,5.2448044,7.6690016,6.1766706,11.549116,15.042436,7.451297,10.192691,10.970816,9.791098,29.737265,31.202066,49.796364,44.398365,16.981436,12.635143,11.080011,7.2694697,7.3750186,17.04657,16.328297,27.745796,20.331917,12.756672,34.543922,71.73272,77.76075,40.547348,12.271961,7.350667,20.859913,27.804028,17.386534,7.852977,9.299207,13.7599745,17.683823,15.209883,23.285149,52.457245,47.990887,21.997866,9.629062,22.680794,22.34968,17.103775,22.581636,12.713231,10.858775,14.189381,25.277065,24.61285,48.932858,63.049797,33.00817,32.01421,19.16002,28.156097,25.538002,19.150263,41.635143,38.233757,41.159084,40.995956,23.528553,11.510664,33.57687,67.79077,40.36417,8.471556,12.957567,20.159796,21.193071,13.611079,15.87936,10.630554,19.265238,25.11597,10.55454,21.63721,27.818121,23.705772,21.910013,15.081404,11.743137,37.80989,33.898506,17.677887,31.658401,27.097103,22.576977,31.144936,17.596107,17.575949,36.808,27.192808,11.119718,14.743206,22.230888,27.824598,38.21865,25.182564,22.302286,21.635302,16.221933,8.791278,8.418639,6.203762,16.403185,18.088854,13.798046,10.100218,17.966635,16.631363,21.293983,27.453917,15.058368,11.953473,24.815144,19.10121,15.685537,21.698772,16.727453,8.151057,11.668401,17.326275,22.698723,22.061644,7.9629445,21.033926,26.600172,19.391449,16.65379,12.378431,7.8998117,9.686589,13.06658,11.9641905,7.2027273,11.106259,14.3387375,14.429875,11.509907,14.81576,10.1451435,14.961766,15.066548,6.1753283,8.448929,12.286763,8.533707,9.053923,11.122271,6.626627,13.636009,15.762146,12.987923,21.36811,19.460083,14.649077,9.651286,5.5609818,4.1309342,2.9028227,5.833037,7.667181,12.779143,6.4644766,4.7070775,7.8116984,4.398246,10.477204,16.576944,12.081762,5.024839,5.835319,6.182833,4.308383,4.051045,6.251585,14.5469055,12.263262,2.2670808,2.8166816,7.349083,12.127625,15.133149,14.795454,8.39542,8.588254,8.900706
2,6.95808,7.710172,13.476204,9.494138,4.4014087,8.403818,13.423464,9.571574,12.783506,11.623298,15.960516,10.341019,12.512802,27.671284,47.969765,48.029667,37.21202,19.971598,11.326051,8.23825,10.589905,9.188277,11.470627,14.684501,15.445313,12.63541,13.584346,16.935282,67.25826,118.999756,59.254414,13.6683855,19.798897,23.32074,18.350716,20.904308,18.047413,10.055121,14.998182,19.450518,23.044462,13.806625,36.820217,71.87551,55.345394,34.228848,22.968557,14.167482,8.871335,9.174096,10.36752,11.8956,13.659704,20.332565,21.622482,10.071131,15.405211,47.73649,79.42498,49.715405,21.272165,28.011549,33.955395,20.272778,20.234646,16.685,14.611459,27.374414,22.703802,23.084703,20.574488,44.02685,78.2477,53.99397,47.831852,43.919754,27.42298,17.10138,12.174758,17.70142,19.396826,23.856947,18.120852,17.936485,12.188341,14.856693,27.47674,34.500195,28.152899,20.31033,32.753654,31.892271,17.640757,17.90622,15.487747,22.440798,37.109173,27.824047,33.33351,32.33788,35.361156,52.58496,28.276945,26.1386,30.08029,26.711708,16.92482,13.187293,17.94747,16.034306,25.433096,18.850279,15.261014,15.359026,16.893814,21.112022,22.46226,23.207436,14.735383,19.134659,13.282203,11.677485,9.7065735,11.640872,19.324545,34.1339,25.04671,25.723204,28.781647,18.170536,27.834057,20.183739,21.46627,33.962032,29.907497,17.427404,15.574983,13.411852,17.159029,28.678404,20.893332,16.507309,21.344296,15.8098135,11.788965,13.163421,17.050367,17.631802,18.442701,9.505359,4.7943234,6.431405,10.776682,16.033228,23.484072,18.6444,16.83658,15.203288,6.400117,8.494931,6.807517,10.431793,19.995375,16.739494,8.349401,10.842232,12.709841,18.374414,20.810408,13.287227,14.77563,16.958397,12.2962675,10.879618,5.973552,5.367123,10.038253,11.0292845,5.5920734,5.4258623,5.7130413,7.297028,15.170541,19.277428,21.282202,12.260024,12.760197,16.088213,15.201764,9.361294,10.27656,13.20434,16.201422
2,10.727758,11.992968,10.434301,10.727341,11.515339,7.2603474,13.328124,11.659126,10.929556,30.481934,38.42864,13.146153,11.975153,13.911746,10.470872,9.33152,22.23042,18.283573,12.288179,23.47313,28.172165,29.925507,22.745968,23.93558,25.634861,44.680588,79.365,52.270115,37.412125,34.34026,22.239084,21.370787,17.450481,29.549896,35.485912,44.37768,48.739147,27.151463,16.254234,12.238019,16.959156,15.88445,17.21734,14.855882,17.018772,20.463749,17.114492,20.224361,20.11395,27.201582,35.77651,33.33888,50.494686,45.109543,37.938156,30.718658,29.783354,20.924011,24.297783,33.74542,44.863327,36.07857,40.92681,39.67252,27.99217,12.869175,14.725999,11.4937315,12.239961,12.491552,18.851898,16.45749,13.94203,13.888848,12.522063,21.18649,21.702822,14.141672,26.912416,48.072994,40.58189,15.832328,15.81234,19.854528,23.671288,33.001232,38.4719,29.849419,33.23703,45.634613,33.680172,19.205473,15.854032,9.979807,8.240697,11.794617,14.103888,12.162964,9.359002,22.638481,23.827316,16.218203,14.841045,14.141484,12.719138,21.871626,23.51487,12.600414,14.36233,20.370872,20.884903,26.463303,43.69706,39.615692,18.875187,27.303051,26.716022,13.912984,13.739187,17.1851,22.625822,19.138086,20.942532,12.207286,3.1306858,12.269572,14.906542,8.794993,12.247606,11.274401,12.101843,13.6268215,13.218718,9.343796,13.514544,13.489139,8.271997,15.406633,25.824326,25.876015,26.102186,25.130604,25.557297,14.287455,12.727556,10.72309,12.618287,13.169696,13.416243,12.217888,10.201731,9.436454,12.968287,11.23884,11.074341,12.88357,17.484077,13.430706,13.23836,10.518217,6.475543,8.758889,12.441886,15.463599,15.881622,16.453857,15.854477,14.419154,18.912552,15.672465,11.190636,10.993187,13.578495,9.656365,10.47801,11.630698,12.193854,8.405072,13.96462,11.489476,9.354651,8.457146,12.79097,8.415359,6.345135,9.069568,11.4684105,11.091652,9.24832,10.357811,12.656637,17.198242,25.912504
2,5.4788327,6.0047154,7.2852626,6.3719406,8.748844,17.858307,14.238608,7.442944,6.649529,12.556742,34.289227,39.75396,25.198652,12.259087,13.430216,15.725163,12.982838,17.400585,21.350763,16.923214,35.370094,30.11327,17.84139,14.39477,17.147488,36.17829,31.945425,16.698765,12.622575,19.156467,28.460644,29.905354,31.975885,28.566256,29.59387,29.732756,27.248505,15.628391,12.32838,14.499759,18.419523,26.87896,22.788343,28.223381,24.85416,24.065838,19.508158,9.277133,12.372858,17.092554,22.685915,28.709997,13.752976,15.270833,49.69408,54.59508,27.112862,34.031616,33.009163,20.614462,24.75496,34.10645,19.857546,24.299002,26.321983,37.350563,32.671837,21.503946,26.266687,21.031004,11.18149,15.472933,17.531775,14.926429,18.19955,19.442257,24.243053,27.007038,22.27919,16.195847,17.116003,21.89775,15.621412,26.229876,37.131405,17.630388,13.753753,19.179611,31.993742,31.866417,28.312422,27.233072,13.210853,12.618165,28.410288,28.226599,20.388126,21.014782,24.414854,12.817292,9.672167,13.855944,19.540527,33.248875,35.313244,16.906734,13.624755,14.134351,29.573587,36.98675,16.26455,19.746048,19.085455,9.122121,11.468378,14.251127,8.136146,8.351862,17.036566,17.625086,26.46884,33.38565,24.361917,15.40654,15.051418,9.856253,11.843834,13.675763,12.638863,21.630602,11.252997,9.486995,12.353122,9.483663,14.130561,14.835685,4.6230955,1.657504,11.37409,16.761171,9.466399,16.019478,20.000378,17.027376,18.894245,20.07443,13.630755,9.655259,7.5930166,9.623874,7.4159336,5.483606,12.687941,14.675387,14.258226,17.193151,14.196495,10.733895,13.502308,11.438594,8.219333,7.735624,12.254214,10.246383,11.664095,8.471767,9.528435,10.567066,9.3371725,9.992894,7.761847,8.838019,10.092731,10.935666,11.853227,12.002587,8.797867,6.070741,14.94702,15.72823,14.45732,12.174011,5.917087,4.3013,11.440747,17.460344,15.692503,10.913757,8.836285,8.421696,9.638384,9.691589,13.719976
2,0.3702096,1.116543,4.549951,9.300436,10.767051,7.08525,4.6895185,9.0827675,15.239259,14.513194,8.404639,25.045914,26.684048,6.8095837,8.708624,8.373471,2.3440807,3.8520613,13.370085,16.996449,22.971926,19.0975,35.16778,47.07827,35.444252,54.10835,41.395634,22.236673,29.26805,46.139935,27.732712,37.73219,53.825283,31.700619,34.243935,30.16981,34.14484,31.101469,29.637016,32.64119,26.592682,23.563154,6.9539695,5.3065844,3.9140155,6.8353024,9.862681,8.503796,5.5599575,14.906463,34.05497,32.63301,39.01858,24.56506,23.561897,29.488426,22.995256,33.084152,48.303307,24.422142,41.855328,66.22609,48.567093,26.77334,20.45918,21.839897,27.580183,23.603407,16.20302,18.254686,19.254896,14.159386,21.504854,20.367613,10.722681,6.929582,13.714568,12.411608,19.755146,16.847433,10.711916,19.79775,29.532928,29.007679,41.551704,25.157755,28.316233,26.931467,28.426785,12.732846,26.722874,34.721348,16.554794,11.833988,19.228807,24.575804,21.30692,26.512482,28.038956,14.352908,8.406557,14.379723,12.518388,14.726788,11.083998,8.277456,5.682497,7.6616664,12.047636,14.073811,27.183128,25.139755,18.41504,19.927982,17.33977,6.5810933,8.662429,11.731479,17.931746,30.108936,26.019382,16.497177,30.041534,29.602774,18.768854,18.647081,25.230541,19.920652,7.48124,7.3645353,15.187001,13.771195,9.697354,6.0229278,4.502716,8.374283,11.58847,16.781782,8.736005,6.2627115,6.238643,8.544576,13.306505,8.928736,7.4912696,11.289232,10.884596,10.704219,22.68002,26.51473,15.526686,12.207585,9.793108,9.182267,8.864802,5.1267924,3.1597607,3.4120479,7.426199,6.833616,5.3797894,6.1294746,5.338298,5.302043,5.9296446,4.997361,4.7018094,5.779755,6.9576674,9.15786,6.3586497,9.292071,9.184802,11.312978,14.350369,8.207679,8.475673,8.978529,6.1935787,2.3533068,6.4947176,7.028904,13.8405905,13.773669,8.059201,6.7483296,5.5046024,5.6670885,10.7415905,8.312373,6.032179,6.380021,4.76898
2,0.53831565,3.0652795,4.618696,8.84998,11.681551,23.335114,19.687798,21.131083,11.245316,10.26933,38.328686,37.908375,26.659754,17.860296,5.235704,2.9749017,3.7302523,13.316661,12.731718,7.0019517,4.554115,3.687789,28.9463,37.756737,26.749702,38.254864,83.34313,70.666855,83.055084,87.34468,99.672646,47.42684,42.003487,64.21216,41.236385,12.684584,13.792574,24.711744,78.316536,69.33451,30.89184,29.167871,38.86505,36.326797,39.136047,10.786046,2.9190946,4.644204,7.7941933,12.369399,19.374598,21.89082,5.8098025,13.667129,32.386692,59.661583,92.00432,90.19379,95.04754,34.20232,26.121164,38.337955,32.153446,38.07226,54.83252,59.020176,18.153177,29.753748,63.543045,70.529785,94.40825,35.41681,2.1795309,1.2064154,3.0428948,6.346713,3.7793734,3.526003,14.896904,16.06569,9.679204,9.411262,13.967902,46.72945,67.73398,29.376776,21.518175,39.352634,29.174322,9.407104,22.237925,31.45805,24.239883,34.008694,78.3141,66.152916,71.05208,38.312172,22.674301,47.823856,47.903076,33.641315,23.183775,8.872563,17.324566,23.049332,17.782011,19.584572,34.231636,23.958035,10.118436,25.560171,35.664917,57.35033,53.020206,10.449671,10.432048,18.349066,8.595063,3.7559123,13.621269,22.428314,50.065315,34.14033,18.640081,39.397938,49.63663,44.810673,38.392536,8.876625,4.727687,4.55614,15.385048,20.530554,33.226818,28.729712,6.818497,16.364595,27.246616,12.667978,7.4124994,13.91361,12.091563,6.687646,7.408092,10.675724,15.55923,17.500788,6.2979712,7.450025,15.297884,33.44626,52.143078,31.301292,27.04789,7.0526958,13.418359,30.597687,17.805496,5.5906463,5.407326,9.287833,26.219505,29.379152,46.055843,28.823673,20.785192,9.473159,6.894872,12.771142,12.281187,15.804866,8.66488,4.560536,22.423706,24.027218,10.900551,8.335322,8.8797035,16.443995,23.170265,10.313974,9.542091,22.171408,18.500143,18.277061,9.840337,4.7737446,12.557004,12.773329,6.416714,28.7537,56.79075
2,9.255943,11.709483,14.124252,16.413818,14.88328,14.30425,16.578932,31.79324,17.727777,5.698229,3.392204,11.599661,26.326221,25.597574,20.95034,19.114515,14.550931,14.336209,22.234991,21.648508,25.725296,24.498737,46.900757,48.346916,47.536087,38.156715,67.81894,56.03175,79.4872,50.130356,12.584073,15.424425,11.357657,5.3466,17.406597,42.883266,28.69168,14.02315,21.09394,25.364508,43.3796,46.35504,49.703148,34.534435,19.574121,44.941444,41.408978,20.78727,12.552534,32.64101,24.088507,18.496578,16.483091,19.69804,19.922298,15.496238,37.937397,55.439655,38.18572,27.057291,21.412556,10.213259,23.51905,33.49862,23.413773,8.83318,7.2703466,15.283981,49.93713,46.891876,42.933628,62.83745,59.57486,33.06789,5.489743,10.202649,23.868607,29.442408,25.518074,19.033857,14.605909,27.4183,25.055647,29.507933,28.657906,14.010734,15.721573,22.783516,18.76445,11.665448,30.619986,55.135674,49.503227,19.009148,16.17384,28.766779,30.48255,30.065912,63.469307,64.8067,27.76178,10.985946,8.908563,22.78246,30.250225,21.893316,16.774557,21.73071,18.252392,14.988999,14.901604,17.30186,17.94568,24.033695,26.268333,24.787811,28.347593,29.82783,29.155716,16.392702,13.2656355,15.2976265,20.071777,15.633151,20.824596,28.297329,38.025116,38.605835,22.748657,26.811909,18.730215,16.157444,5.7015233,11.05744,16.110262,12.447319,13.642839,16.86406,20.397055,30.17087,25.22337,21.477736,17.102522,12.604753,10.899669,7.706983,7.4149137,10.269015,10.726077,14.6225815,21.822905,20.037819,13.954008,18.145658,7.0271707,8.43489,17.84824,20.550701,14.4469385,15.871002,6.8597283,8.492979,12.07301,10.538095,16.349052,14.269296,16.677652,22.811008,11.711229,20.228945,30.341505,18.20139,10.052861,15.333845,15.646116,8.02444,10.386522,13.215812,14.174324,11.273647,10.674221,10.772113,16.029182,10.683703,14.601345,10.040566,13.03814,9.676569,8.555621,11.410893,21.945837,19.629284,11.974427
2,0.2053124,1.1547748,3.8130982,3.3934467,11.888216,14.081255,4.245303,3.8838248,4.5125375,12.473205,9.405517,16.68045,18.183935,9.324623,14.077301,16.423412,41.909462,27.686777,8.732629,8.646268,6.864677,10.208601,6.0820475,11.730398,8.380162,19.284037,17.978292,18.699278,26.198814,8.874309,1.0509784,4.9068065,19.026756,16.379492,14.310581,18.46024,19.23411,37.339344,20.035995,21.10267,16.985294,24.629543,29.579859,8.428505,5.2374496,6.151706,17.37314,12.778489,9.394734,10.404269,31.74699,53.953133,23.217268,11.200335,7.6508913,8.217831,8.405481,2.1912544,2.143301,10.591902,26.451763,17.624424,29.468977,27.900309,29.269659,41.669,15.178386,10.658719,11.503048,39.41977,34.37845,5.3997407,1.9617289,5.2950134,10.915251,5.930006,6.53857,5.469388,12.059377,14.736593,4.4541426,3.522253,6.098086,18.556177,13.77986,6.5273304,7.2222548,4.121217,6.52589,11.651689,31.93733,21.831947,8.675338,8.896013,9.14326,14.276492,8.3887415,15.812299,13.794239,44.21824,42.472744,8.859256,5.878743,2.1127665,0.9173857,1.5535648,5.9859858,5.800491,22.622566,30.486658,10.573025,8.807896,6.239626,15.307928,12.557607,10.058693,12.36178,3.66883,2.4174514,14.805984,47.608555,35.872646,4.5302405,2.9348738,3.8223798,6.6293106,3.6180751,6.3126736,5.349618,16.883747,17.84789,12.239648,18.896263,14.464069,32.448826,20.779095,7.350087,7.061641,1.8473611,1.8533916,4.2632604,9.937822,6.0501623,7.168052,6.487988,7.7346,10.525469,3.901586,3.9766836,4.302809,13.722531,11.517268,12.413461,15.536427,4.6652765,2.4959,1.3872082,2.285959,2.680535,13.707218,15.970324,4.9946675,5.2393775,9.677801,27.668848,19.52713,2.8644998,2.476864,3.5581894,5.8189025,7.665023,19.35795,13.11498,19.45331,19.299881,5.7287054,6.4458346,3.755723,7.1046453,5.376179,14.519324,13.290944,3.2235153,3.289436,8.5912285,18.702057,10.422837,7.2493334,6.118521,1.2444264,1.1365277,7.218481,14.407562
2,0.47151288,4.4436545,11.720427,9.45761,21.12643,17.689133,8.3647375,8.866441,25.590488,34.598026,11.836716,7.6012244,5.0422707,8.733183,11.72956,33.02939,24.34959,3.0500355,5.3859763,37.296196,44.782646,43.731735,64.91773,26.396986,20.028284,12.523263,20.428713,15.666481,30.33751,25.897408,30.640999,32.32637,12.507985,13.825709,36.713394,63.879013,29.921106,24.908062,18.184504,34.96439,29.31582,64.60095,61.514267,76.581024,91.39524,94.01463,139.22159,61.48408,66.22162,36.838497,44.347103,28.9088,5.9744697,10.486733,52.540405,55.82906,15.749875,13.075165,8.29492,12.424938,15.409315,33.38037,24.959236,51.08642,39.161217,47.14143,45.062115,69.40225,82.88338,47.301872,64.61163,27.782984,26.790154,13.508387,4.45796,3.253801,5.5797644,11.51394,59.156143,62.872173,19.54331,18.411438,14.949354,24.18535,23.813179,48.896774,31.859095,47.111916,38.868515,81.23445,77.138145,70.51778,82.886406,31.44953,33.73731,13.20712,7.2350993,5.138343,9.872744,10.752562,31.80585,27.52088,40.382545,42.680557,9.49816,1.6369412,30.887259,54.065464,74.11288,161.07263,92.128525,10.779483,14.655383,56.86292,53.57273,23.275139,25.649817,11.299424,13.889188,12.591171,23.044706,11.658127,5.1659265,4.478662,10.868468,9.128877,5.9349437,6.5048647,20.828379,28.180738,9.199269,3.073198,10.017233,22.800463,13.563339,12.245468,9.057937,3.841058,5.07811,27.179068,32.610126,10.684075,9.573749,11.045255,20.838467,10.523975,4.3320484,3.4999917,7.6261296,6.36585,2.566698,4.2655582,35.25938,47.876854,31.442146,47.77014,22.972261,23.138144,13.763887,11.825243,12.974458,43.982292,41.44135,12.516163,12.07026,4.25246,4.137498,21.8759,43.681053,22.240927,10.599708,6.9706707,3.8404505,4.6724567,19.57177,20.797993,5.420004,3.9803486,11.9953785,20.90041,9.190875,3.3585646,17.935637,55.833015,42.064598,37.59315,35.328655,25.805029,29.982174,33.386433,50.009422,34.117764,56.60877
2,0.05216287,0.12361092,2.4316068,4.002866,1.6960039,5.006693,6.849524,3.368498,16.632475,18.928875,4.7095594,0.99235505,1.0849547,7.7869654,26.985706,21.441772,3.1622474,4.664288,3.0864518,7.0663285,15.469307,8.459672,10.058144,18.023909,8.08857,14.108158,20.90987,7.59171,10.776677,13.42677,13.009122,66.05924,68.21997,36.755547,132.92986,114.40017,32.5818,83.16309,59.739693,13.7413435,30.466421,18.12024,20.131853,39.38042,19.24782,1.6413127,2.6575239,2.677828,23.507605,31.43159,10.087626,12.328676,13.738802,3.6917307,7.055558,6.601471,4.9071774,16.11628,12.600191,17.176975,45.49624,29.453735,1.9675992,1.2946895,2.079011,63.950848,112.12361,48.8725,3.287104,4.8277636,13.250154,97.22524,117.54843,32.44816,30.543282,30.624405,8.242726,20.751245,17.473936,7.1872063,19.704838,13.865992,7.7536445,17.970423,10.471802,11.549848,22.067078,10.614048,17.703304,27.925137,10.781595,3.2737834,4.253186,3.490622,19.358383,21.169052,5.4485083,9.633923,8.876465,14.814614,48.251987,36.832275,33.19895,85.15302,54.015507,35.15529,73.361534,38.33936,5.2935762,9.073105,3.9280267,7.7786183,11.067476,4.0384912,10.76597,12.747596,3.388034,2.1481009,2.1272895,3.603721,13.187109,10.905518,5.3469195,14.656779,10.104868,2.701436,5.937091,3.3883908,7.107444,13.296275,6.213056,1.599041,2.4580324,1.0392119,2.4873838,3.792271,14.135068,80.47559,86.28769,19.665344,13.053093,11.460919,6.0887203,18.308954,13.739029,16.950943,42.721214,26.525103,3.144839,5.729363,2.9748244,11.214846,18.842186,7.856294,6.1435595,8.552247,2.962212,5.5920825,6.494854,1.6873714,1.2665833,1.3535675,6.227365,22.198566,17.996328,5.237373,13.013043,8.786302,8.315628,18.570395,10.373027,29.449362,53.92326,24.619678,0.5443334,0.5261408,2.079902,16.84101,21.2266,8.404079,32.11817,33.735783,8.207216,14.20366,12.476363,8.647018,26.07081,19.102495,2.974108,5.6237574,3.4193742,2.9960475,5.984214
2,4.569409,6.9534397,7.2762237,6.7941546,10.083062,6.877196,9.800618,11.574628,6.7698746,4.6298676,4.5368643,12.206986,13.666205,10.011291,8.838414,23.320402,33.263016,38.14928,24.44794,25.763044,20.372879,17.213633,14.461597,14.5899105,15.444125,15.886738,26.996449,14.815986,4.889917,21.14901,39.481888,57.46471,73.516975,74.492485,74.73071,92.0782,68.75061,78.11864,51.919716,17.335417,14.915521,13.162848,13.104697,20.452175,22.97326,30.184326,27.02314,20.385424,39.885475,33.550983,35.231987,38.26506,22.673443,39.07569,59.96907,39.875423,17.875586,13.482892,18.393208,19.376778,24.120237,18.376041,14.076365,16.03617,38.685886,56.46974,34.512863,70.29798,69.616554,47.511414,33.45491,54.149925,58.604725,31.016006,35.410046,16.853228,15.9306,28.99586,34.284367,19.49147,24.149313,33.512497,33.793034,39.204327,59.19986,58.390697,40.192734,18.91379,17.494173,15.932085,9.636808,17.879442,29.345772,19.512482,10.857537,7.4897404,13.923926,17.327309,9.652347,20.211004,43.73978,36.06168,19.979202,27.199707,35.164406,25.006075,25.207998,27.701796,30.674,20.943895,33.193153,23.59091,20.992504,22.96663,22.008165,27.297178,29.467901,42.935944,36.804478,16.316158,21.919727,29.161695,28.282547,25.1282,22.775501,24.70439,21.00775,10.769041,10.242045,15.339989,14.317901,13.542947,8.806674,16.793497,15.993436,15.980299,14.407765,15.652812,15.334218,17.74576,13.683838,12.092513,17.160349,22.77459,21.484816,38.334854,34.81759,22.731304,17.501291,27.588629,20.1169,13.726412,15.835383,11.957243,6.7788076,8.24161,12.188736,21.393875,22.94149,12.737794,7.441615,19.079628,24.743143,17.796232,12.477332,8.9827385,4.975599,5.9502783,12.147117,9.913987,10.087313,8.549205,10.284389,16.218367,10.468824,4.4198956,8.196787,11.346673,12.863036,11.853038,10.70844,15.324269,13.739238,5.602012,8.0344095,7.9946465,8.161581,9.427765,10.005956,12.222326,8.7859125,9.72551,10.859045
2,7.350534,7.5033712,3.8784845,4.66532,9.850425,9.1310835,9.838498,11.50718,10.346606,5.854806,5.988809,5.31579,5.791426,9.792682,9.106786,7.178973,10.766192,15.47561,12.813301,19.082989,16.602203,7.998408,4.031441,9.584803,12.771141,7.3033915,6.6803656,6.401968,9.486511,10.046964,11.749271,20.311718,14.185991,10.456991,22.630617,40.493668,76.5382,69.8006,77.45758,67.72147,78.66225,68.52231,33.197002,19.351896,22.61889,11.767559,9.828287,10.155253,11.099333,17.988121,17.009771,15.980194,14.991008,15.022142,18.436724,28.901646,26.032553,22.103354,14.064475,14.977617,21.989714,16.834938,14.21038,12.160542,10.400857,14.393574,9.428104,5.9354076,8.208301,7.946746,17.793085,32.447132,35.87307,57.27298,54.25617,55.317024,26.922373,26.729174,40.602615,40.943302,43.544594,46.64135,40.512985,20.197731,16.245556,19.634571,23.202961,21.44965,19.81535,19.726141,27.323298,21.269125,32.079113,29.556808,24.209543,18.539276,16.24256,14.164005,10.982249,14.797137,17.587223,22.367308,14.923051,14.145636,11.968586,9.768291,10.257605,16.001167,19.354935,31.427505,35.2861,29.504065,26.2916,14.992817,15.599036,29.285595,23.097464,14.164836,21.798395,31.763353,30.04844,21.509241,22.172752,15.37224,27.024263,30.391178,25.03473,15.524265,19.596668,23.666254,19.671515,17.86259,19.371876,13.95603,10.750978,13.258804,8.23224,11.864064,12.197178,9.65345,7.5734515,7.4337807,7.677153,10.997859,10.820197,15.385762,24.379213,14.755902,11.802982,9.082464,11.273246,11.258952,16.444635,12.933573,11.331863,15.281901,11.544294,14.51458,13.9150715,11.0455475,18.853848,18.511673,19.962973,21.672832,15.564303,19.29709,16.990385,10.388128,5.3605347,4.836886,9.055966,13.1220045,10.737507,6.3738704,5.946279,6.750174,8.389003,7.355243,9.802493,10.246677,11.907128,9.56594,8.302647,12.428023,18.363802,17.34543,12.117096,8.92296,6.0978,4.214563,7.662401,11.311523,8.377197
2,14.988905,13.468559,10.296652,13.199767,14.331117,14.326992,15.338486,15.410651,10.900933,10.206866,11.588644,8.689784,9.398276,11.171516,16.823454,31.068941,30.468596,13.87616,9.150208,7.205433,9.539554,15.250249,15.278209,14.212756,17.344439,15.831173,15.000722,13.845582,9.959484,18.266823,46.46786,101.14578,105.92609,87.69441,45.79228,59.829494,60.730797,26.711685,34.92172,30.39229,20.591742,17.344429,24.407118,20.99011,11.9667425,16.436161,24.543476,35.75513,27.204262,26.956182,23.612194,18.891376,17.472921,15.752256,21.816668,15.178591,12.012813,15.975397,27.786428,20.721752,17.082077,26.17741,69.40762,73.65145,64.52932,55.556637,29.180784,38.018818,62.58055,51.09888,24.22131,16.282337,22.066545,20.04266,14.335173,11.867741,7.5001087,19.37243,34.683697,29.871677,27.968836,19.690056,13.021638,14.3596525,27.710472,40.230507,29.445534,18.733515,18.864544,19.484934,22.815405,25.263823,23.615093,29.123465,44.771606,43.4446,43.612324,28.029104,21.652939,26.148643,34.72709,40.669403,32.904716,35.467026,33.249466,25.337095,15.47104,11.827102,15.031987,22.141493,23.78767,22.839458,17.820807,15.4166155,16.863665,17.59208,16.928707,22.501163,29.043081,23.109997,23.639168,23.814627,19.491903,24.5411,16.18226,23.48887,43.988037,42.482048,26.168768,22.470129,22.110796,31.711266,26.433022,17.248573,17.812,16.933044,25.682684,17.046324,9.0046015,10.595512,17.829525,23.769361,23.771156,14.958301,12.523928,10.697503,17.097498,18.994415,14.541628,11.102339,10.984525,10.060033,16.015015,25.210737,24.685644,12.869732,11.900972,20.93908,22.458296,20.51848,21.488358,19.107895,22.369932,18.90021,16.249292,15.93845,7.7900915,6.267714,13.882563,15.242512,10.569034,9.048945,9.301032,13.442924,13.489677,15.621494,21.201769,17.427969,13.951839,11.656968,12.151925,8.159444,5.744739,7.162051,14.55107,14.162599,14.424772,16.4346,19.038277,21.587559,17.142803,22.075838,24.372887
2,0.026898922,0.79877657,1.655694,11.836504,25.191914,13.571755,4.3212304,2.4105577,1.00819,11.199613,26.345917,18.97933,27.51199,16.719816,5.7502165,7.094019,15.969404,10.182194,1.1032585,9.940462,27.807768,21.936415,33.438766,25.834045,33.184963,27.177767,42.355076,31.334982,7.513645,11.29099,33.883884,26.69344,13.9083395,10.954262,2.56908,1.817815,0.7777723,3.4446888,13.549714,13.585411,27.340405,25.318264,26.723326,24.420467,5.38333,3.3066633,1.061976,2.600715,12.527123,12.62574,4.748298,4.19655,0.9840853,1.8115104,10.484612,12.377,28.966505,32.54731,20.625137,22.479069,24.566574,28.741198,30.673782,36.375065,19.217312,21.080778,30.22249,38.563717,43.63886,56.42161,19.738974,11.947317,3.9162116,0.77839303,0.33560666,0.6901878,8.972286,13.503814,22.662664,34.271076,15.885983,14.527727,12.061695,17.571115,13.7665615,19.843937,30.891544,51.6345,44.37994,69.24974,31.391958,10.574234,21.680494,40.226086,19.22089,3.0563796,8.160278,16.268143,24.450151,48.107414,34.44742,51.431206,29.955929,24.335056,13.5580435,0.87093335,3.2197006,7.6080923,10.7884445,24.171425,14.972257,7.2567277,25.050083,65.28254,42.32824,6.1839714,8.029046,20.368187,14.112212,5.346351,6.6483088,17.12062,12.489191,3.6727645,2.6274583,0.8384881,2.0721223,6.847707,6.8156023,15.118222,12.671897,10.793329,9.125173,7.685751,6.559781,1.1399428,2.414725,10.094034,11.091648,28.368103,26.709053,13.4811325,12.845898,18.552576,18.400517,13.370173,13.206672,3.9888093,3.5126762,9.568876,10.305265,2.8157253,2.0642266,6.850257,7.9623585,10.643221,13.158922,37.10128,44.75147,12.686721,4.6480317,13.103647,16.73984,6.844359,6.1889567,2.3393538,2.554411,20.629389,28.779556,10.098564,4.6799603,10.7192,15.720433,9.478584,11.578644,12.705431,18.683336,17.995222,26.791544,15.274896,18.068676,21.428396,34.60368,16.237492,11.918232,7.968497,11.049445,11.59465,19.545444,10.705889,10.900031,7.287689,9.942349
2,9.091598,10.135035,8.072856,13.290083,13.255708,15.034902,15.451807,6.5074687,3.3537498,6.7307916,16.580843,33.45056,32.07005,17.92606,16.405807,22.270521,24.064957,14.065072,9.689485,12.838559,16.426401,19.155367,27.32914,35.194534,52.349598,58.743805,37.093403,25.31394,20.170967,19.752045,19.621597,26.112259,28.957006,21.709198,28.134031,29.87718,36.44229,20.520056,19.13196,26.593708,27.006104,17.788515,25.878326,19.919035,19.257645,22.705719,24.373974,35.023388,24.843922,33.39983,43.613686,22.234251,22.848013,25.264778,23.138266,34.86516,38.7713,28.55993,51.02297,39.752357,24.99428,14.774913,19.80981,17.228916,26.10916,26.757406,18.082762,35.965977,43.751747,30.25957,31.301334,26.808657,21.54646,16.349161,20.179682,19.374075,13.099803,19.409437,37.091373,35.132614,15.042583,14.433572,16.106825,32.23546,36.849052,18.614645,20.456434,11.532776,12.407089,28.731213,35.11285,24.579561,20.05725,18.110638,19.755419,16.739777,13.400753,16.314684,22.244255,18.68259,14.785901,16.032623,27.38575,18.463675,15.797544,15.92717,19.741114,16.6216,20.170717,14.560766,5.299239,8.703323,16.898567,25.257774,27.752674,16.49741,9.617869,11.412557,9.5892725,7.5793624,13.354503,11.693019,11.786663,24.966291,18.310572,28.934439,38.520092,18.527681,12.430002,8.721604,9.446489,15.524652,16.663149,17.258972,11.523194,9.299229,14.529666,24.658932,25.830118,17.72434,10.735395,6.0024457,6.160282,9.459091,10.161687,10.518945,11.986997,14.706697,20.906542,12.3425,10.151992,16.64953,16.131962,10.245707,6.3958597,7.807934,15.846914,18.98143,12.478878,9.40008,12.888522,13.441484,12.356374,8.692858,6.926534,5.8852224,7.176418,4.823043,6.582764,6.727915,10.47035,11.645733,9.399608,10.979164,8.894063,12.996072,19.720934,13.094181,9.312384,11.604998,13.495818,11.060465,9.16137,9.000545,11.767182,4.686341,5.298483,12.491554,15.170391,8.844719,10.10316,15.906367,10.310634
2,0.020674217,0.03351421,0.13651837,2.3794298,3.7785494,1.467149,0.24251089,1.9506093,2.4816425,0.7368878,0.7326681,3.8249886,3.9264793,0.9675721,4.597056,16.937048,14.047513,1.922819,3.3379767,9.154528,6.0990567,0.44242042,2.0408347,4.3181562,2.33751,1.7971313,43.104782,72.35848,30.030773,2.8004746,25.001081,33.572586,10.671261,6.4016976,36.754604,39.827015,9.138566,1.3281157,2.476182,2.1741698,1.3317463,17.337309,51.102505,36.00218,3.1338005,2.9209363,6.4172716,3.6153734,0.13848537,2.2229006,3.9617703,1.7863574,2.0013583,22.990896,32.638992,11.095812,5.552307,35.809105,40.902416,10.419938,14.103047,61.10782,56.420815,9.69271,3.7069945,10.805255,8.030905,1.0367042,16.37544,39.464104,23.506586,1.0364629,23.474041,44.24428,20.830406,1.8855795,26.071384,39.10306,14.230071,1.8875867,12.062996,14.558888,4.0044613,5.4954586,26.172243,25.4748,4.9244876,7.7108445,26.13541,20.54692,2.5498157,14.741905,37.912712,23.89806,1.3492904,4.279817,8.558231,4.2843757,1.6142374,28.628077,45.40445,17.68181,3.5830555,28.916557,36.808243,10.789774,1.2062178,3.116115,3.196545,0.70931727,2.2114265,8.148965,6.7561355,1.0129616,6.4619637,17.75461,11.838232,0.84922147,7.355748,15.635463,8.2939,0.2324636,4.7374115,7.9555054,3.309194,1.4451256,14.011977,18.819109,5.997731,4.3453774,25.032574,27.13361,6.299094,9.268957,37.004593,32.369873,5.0071797,5.7076,16.589613,11.6933975,1.055905,10.283864,23.241676,13.072278,0.40253192,6.3543377,11.300145,4.9961495,0.43185276,4.7544556,6.7494287,2.2923138,0.9969337,6.4107604,7.3237705,1.8325974,0.34970564,1.2016621,1.1220379,0.8424834,9.56607,30.289104,22.541128,2.320712,0.63949984,1.0849674,0.6480982,0.10098127,6.3761535,12.019181,5.6546865,0.32714096,4.4697886,6.703359,2.4471896,1.0474235,7.5791197,9.137216,2.5452557,3.9140704,18.602663,18.112411,3.4700665,3.2817452,11.026106,8.667545,1.0448126,3.2274294,8.292605,5.227022,0.29553556,1.9435399,3.8796227
2,0.4085785,2.073999,7.60466,6.4763374,7.852915,10.757259,3.7305336,2.7940493,6.926214,32.20608,31.42088,12.963966,18.677256,10.815408,22.301054,15.385048,7.048846,7.8432145,9.882476,18.383766,11.194394,24.230288,20.99136,71.90952,94.423256,32.986916,36.39865,20.828695,20.774837,19.25889,3.5022624,2.1998672,27.351763,73.36662,48.373707,42.380703,45.5793,19.54966,29.567686,16.059666,30.443043,23.20585,10.920591,13.231261,22.455942,46.695183,26.062737,32.901684,29.081184,14.52484,20.155838,16.4509,37.276836,23.146612,4.935091,4.9989004,23.156845,39.365307,27.296917,66.8247,48.47708,22.988617,26.726097,25.657417,49.513218,25.087204,16.600117,14.502904,44.252907,61.158245,20.04628,2.695321,10.159697,48.328903,47.16216,18.206593,25.364578,10.897547,12.347997,8.513109,4.7341046,5.297382,21.307495,40.21805,19.23982,9.5784025,8.151036,26.623728,34.978848,12.338049,14.035643,12.984524,46.183464,42.892017,14.974791,20.08052,20.282469,50.36622,32.9554,14.762217,15.765767,8.140243,13.029927,8.032798,17.786093,14.25262,34.580723,43.16794,13.23545,10.598756,9.309135,30.142782,26.628916,4.3008456,1.6865327,6.5850224,16.553371,10.681286,16.24111,16.66178,12.670173,20.659573,11.091664,21.339987,15.470265,6.8111634,7.886318,12.627508,24.83991,15.037024,31.391155,26.543583,34.02203,46.81844,18.49665,24.124937,14.215874,5.291012,5.1354165,2.1671329,3.15156,4.4551306,12.262805,8.434357,1.1965567,1.1241264,11.661182,22.070889,10.611004,6.2932687,5.1075907,7.2540054,9.495061,3.8775246,5.8651457,7.872758,31.427544,29.179453,5.1894517,1.9347558,0.71024215,0.25393966,0.5017186,2.7579215,2.9796078,7.98609,14.257231,6.394849,2.3902655,3.0052319,19.167326,23.954891,7.7475333,7.893543,4.1988525,2.2630146,2.251639,12.951123,18.824663,7.5126443,8.920196,5.79961,9.579275,9.814557,2.0597749,0.56644493,5.732005,17.476162,12.652925,5.03584,5.8411026,4.1977367,7.7673063
2,3.071558,3.33867,2.453569,2.6731677,4.5896163,7.1559396,6.19695,9.2586355,8.239064,10.455444,12.389423,9.714854,10.7276,26.942617,29.486206,9.579273,13.335118,14.191508,4.6207576,2.1257954,4.0572295,3.636221,1.5309786,6.574236,21.944939,27.006147,49.174988,96.780365,75.46215,41.533012,28.829044,14.982197,9.5130825,4.1774893,3.9990342,4.1313014,7.388777,21.942303,43.86701,47.50361,42.610355,65.54666,38.652676,32.582993,16.940426,10.839256,14.925169,9.89326,5.653691,10.219181,12.063706,7.9679856,10.444436,24.70548,33.681477,25.896841,40.847572,41.374306,18.659895,17.84442,11.359776,10.060693,8.175069,15.842392,31.606455,67.728485,64.78573,39.44853,38.996277,49.4033,50.043026,28.032854,18.553518,31.09852,18.335155,6.0334687,6.798935,8.451023,16.119915,32.08779,30.141897,20.934677,12.993638,16.852188,15.173472,22.340448,22.763685,14.264429,17.431103,18.049387,21.845112,22.534231,39.19945,38.75892,16.594065,18.24105,28.130377,35.124786,30.364098,31.832102,28.511473,13.350311,8.319442,24.810068,27.793756,23.48746,34.985264,28.916386,15.310705,20.498022,22.999044,17.996029,18.900263,12.3785925,12.399536,17.473534,8.778252,7.1404657,15.426341,19.96265,10.355324,7.023225,10.728224,14.876053,5.7597146,5.4917064,20.002432,24.872528,18.950005,21.337599,20.561285,26.13779,23.815714,27.070934,20.017714,11.627764,20.121454,19.359941,13.8043785,27.282568,23.758688,9.211278,8.444799,9.243747,17.1541,20.180038,12.805868,5.7465444,6.963893,8.161405,5.348953,2.2620966,2.7026317,4.811565,8.926115,11.650015,20.60761,18.629456,18.8201,14.226042,15.646095,6.8639894,4.4309483,8.391699,10.773466,12.717436,14.971198,12.892309,5.686815,2.8601196,4.953961,19.194632,20.091589,10.963457,12.673751,8.434749,6.560335,8.794181,6.221326,6.0373516,12.342148,9.792616,7.6142116,9.189667,19.505527,17.402548,17.988482,10.587423,5.1538467,9.601487,10.575588,15.147644,15.439859
2,0.08553635,0.17191918,0.4938773,3.3940039,13.940919,12.427392,3.189219,3.068039,13.139983,20.452488,10.720419,15.7397995,16.183838,41.384274,30.960293,44.198425,41.152477,7.4307466,2.49202,4.9834957,8.069563,4.4678903,6.717514,4.068511,5.287583,5.8977027,21.404167,22.545523,76.726326,98.88373,38.084187,40.888615,18.732002,16.638464,9.78955,5.6098475,5.1536665,14.786653,15.1884,16.211899,21.551764,30.61896,54.04271,31.534893,49.131897,30.065472,6.7857738,5.731863,11.285877,12.074437,3.3424141,2.8199534,5.953603,11.157113,10.681989,24.568115,22.337278,61.576366,52.924713,43.190357,47.610386,16.75801,18.286163,10.923965,17.614176,10.734099,17.363525,12.969283,23.796062,21.361504,20.553785,24.097134,50.486332,77.99274,29.719976,1.7140183,1.525374,4.1666446,2.9587698,1.541973,2.258821,13.591443,16.717745,8.14618,11.031581,7.901064,14.647711,16.718472,45.707493,33.821938,4.6796155,3.3936763,9.565576,12.307863,3.7905807,1.7084454,3.699789,8.539994,5.202058,5.429646,10.8382225,52.14721,53.362526,12.4737,7.6234903,4.228981,6.1739264,2.906422,2.1787257,3.2931323,10.7546,8.737745,1.4676638,1.4162228,11.488086,16.274609,14.329294,25.014782,12.062067,5.913767,5.0344815,12.909515,11.001761,2.9841828,2.826112,0.6982083,0.2118764,4.713992,9.4952135,18.186453,49.0242,33.237854,15.19852,13.364443,5.9563203,6.581117,5.5854616,8.315579,4.345414,6.346879,3.3502493,0.6964833,0.74039876,2.377725,3.2262268,18.084118,22.245914,6.221994,0.7146859,1.8772256,4.1231165,3.5970619,8.658468,6.4229746,2.6086078,2.515704,3.9561496,5.0816884,11.847592,20.224495,10.302731,13.01715,7.598276,2.2605639,2.3578157,8.450427,8.648627,2.0423708,1.2966279,1.5734737,2.7526393,2.3124952,4.806818,5.3319597,15.838292,12.873729,3.868538,3.7767024,2.5719187,3.452603,8.195447,15.388723,7.338807,2.1157885,1.5077853,2.5776649,2.776306,10.923424,12.27423,8.203545,11.308891,6.682811,10.716762
2,0.06763,0.14743893,4.3799825,10.157476,5.8534822,3.2624042,8.845488,5.845764,1.6704787,5.2106433,3.9466538,3.5950143,13.880254,11.945182,5.0930347,22.867186,22.37944,6.4828496,29.410631,32.769566,8.051614,15.570016,19.699501,5.9128594,18.304934,26.466589,9.232715,18.44724,30.527964,12.492676,3.6992004,6.9525895,3.3316169,5.223357,11.498216,7.262019,68.48317,176.47911,111.467125,8.441432,17.36378,12.4894905,5.56607,19.724579,16.257406,2.6679037,6.7595205,6.469464,10.1236515,56.66491,60.45882,13.654048,16.12334,19.463146,6.863803,46.896595,64.906,21.329908,2.3842497,2.6523223,1.0614165,8.198621,14.918828,6.759217,29.999207,63.000813,33.048008,6.7789435,16.5452,9.988448,9.085333,26.042414,18.161804,22.782864,78.04483,61.51667,9.783639,26.098808,23.459303,5.7640715,22.776562,23.264235,4.8872766,5.544539,6.4302096,3.7290015,31.490067,41.730583,13.066277,30.724316,46.446533,17.118324,44.147846,76.55175,32.980213,7.781707,15.390473,7.7224436,23.381674,54.28852,31.279346,8.40583,22.643166,14.968486,7.5953584,24.249336,18.300428,6.8569126,25.455782,21.936693,8.376556,37.414112,36.59776,11.22317,53.077034,59.133865,14.299119,16.925905,21.325804,6.2433066,7.0255113,10.109051,3.5276747,6.4988437,10.751404,4.404167,23.274708,44.353355,21.140692,28.30079,62.446716,34.345795,1.2884135,2.7280073,1.8810791,10.228777,31.121881,22.476154,3.0533636,7.9339027,6.5379095,3.3926399,14.597347,13.688175,2.5850801,5.251414,5.584725,2.2331622,13.646867,16.570385,5.2921863,28.169542,39.012505,12.815346,6.0916934,9.489301,3.6992238,17.279022,31.401648,14.2344265,11.569785,24.271133,12.744877,7.0279937,17.171976,10.423686,13.963189,40.148754,27.732729,4.9112253,14.833794,11.697907,2.0283687,5.9982615,5.386639,1.3260761,5.216269,5.3505073,4.312224,28.004538,32.57195,8.390677,7.9988146,10.507134,3.2996523,8.318244,12.572174,4.6384373,13.408794,23.251377,10.018551,5.332773,10.630496
2,2.35771,4.22994,8.589876,8.916773,3.4951496,6.9644,8.557188,12.758997,15.820842,13.352475,15.362027,11.541979,5.8045177,8.614939,15.277453,10.794761,15.049872,20.154032,11.154433,31.121592,24.742199,11.213362,18.831924,9.422549,22.360014,22.139923,7.191299,8.123338,12.966035,24.538994,31.653965,29.88343,14.14402,24.482508,24.506372,7.5545006,12.859172,9.063553,5.609914,3.9737165,4.521937,12.849866,10.09939,5.556704,9.995272,21.373493,15.139274,17.184374,22.702034,23.455418,19.35952,12.395749,21.83259,33.600002,13.797098,16.729921,15.691274,7.5267696,5.861983,16.322485,24.791061,25.512928,16.546114,9.5624,5.462512,4.4394965,5.8042717,9.782404,23.073868,31.033102,32.125977,25.457426,29.087626,23.416723,14.9657345,8.760984,17.007996,16.457214,11.976799,10.256434,21.798532,44.052902,30.95327,12.45897,9.015906,17.858744,10.138701,11.181204,18.227354,23.056334,13.458232,13.96777,33.471157,45.35396,16.93189,12.002454,15.621909,18.78517,20.624008,12.33139,6.0703893,9.628391,15.166855,13.984047,18.480053,17.132048,12.538066,8.878744,6.293193,8.136544,11.277413,14.018192,14.328453,13.629105,13.038656,15.267709,20.716686,19.668169,19.086966,16.482388,8.994313,5.757638,15.951065,15.67278,9.320434,4.4151993,7.706258,16.210947,16.86476,4.087437,2.67203,8.179859,8.182441,6.460545,9.260591,6.1032906,5.6685715,11.461413,16.946842,7.477895,7.7780647,20.7303,28.56642,20.932674,14.414474,16.017673,16.074589,7.9676976,18.710617,23.0027,21.327099,14.380946,7.434872,3.1831245,2.524204,5.960229,9.393244,7.752489,16.439852,16.253592,9.897098,17.743544,13.278031,7.5693784,8.935777,17.022175,16.94932,10.845717,4.7201166,6.1525,2.8885682,6.836071,7.614334,6.2502217,2.79494,4.6479235,3.318557,2.723491,5.987187,10.439467,6.3752494,3.7724721,12.62618,23.49093,19.492777,11.821449,2.6614485,3.6127803,2.6621788,6.980303,7.2926946,9.271529,15.526151
2,0.064456835,0.9242686,1.6234611,3.1371493,4.5964217,2.3395348,2.305097,5.8143954,6.6338115,2.1450903,2.9685075,10.783762,12.975048,29.855537,30.024738,53.189278,36.482807,17.768911,20.100376,35.22741,17.971113,3.8965676,19.675821,30.026842,20.950104,25.833715,73.05162,85.47233,75.143036,74.25017,38.953808,32.244183,13.969352,16.863722,38.057114,27.563784,21.683205,26.395466,47.322895,34.02495,41.85521,20.562605,14.518507,37.885685,50.597286,26.703173,25.949917,30.00336,30.461807,15.710624,13.301131,9.2824135,8.222845,11.374305,40.445866,96.80278,58.380795,3.3081667,4.2545342,7.3809037,19.94655,30.910213,17.926006,18.763008,21.611551,25.748192,38.63636,44.34415,82.43312,76.63672,52.11291,42.865543,42.480583,36.397606,53.148903,33.036755,13.530093,12.268647,18.433971,16.99987,23.365482,10.742923,8.467123,26.880598,32.87387,29.0526,29.586454,21.05444,22.511087,45.94871,37.49478,11.784645,25.177153,60.72926,43.32529,45.412342,25.69411,15.426432,33.931072,53.372112,24.455397,17.858335,26.523535,31.97641,18.228281,17.080235,4.671259,9.282296,32.865753,27.11278,3.6687384,1.9381459,4.6966205,8.371353,17.217623,13.99688,19.736622,15.671585,20.822048,18.555258,23.906536,29.147154,35.77175,44.2323,47.164776,24.79406,21.444407,13.284584,14.879542,32.523,23.775143,2.3969648,0.5969343,0.38148695,3.6194391,7.062139,37.477562,61.95279,25.539558,4.421477,10.186404,12.710058,6.07295,7.0861173,22.194336,21.673454,13.220956,16.322865,39.263912,29.271372,8.339253,13.437311,28.204664,18.630756,18.717924,9.533867,5.1372633,13.226769,19.225313,15.279415,17.490023,7.5518007,12.218383,51.330116,50.6954,29.060488,23.834007,8.911253,7.6799216,12.232024,8.009005,0.83996,7.6609945,15.078739,9.981147,11.518459,12.899472,17.936146,19.545073,23.85482,8.696233,5.71365,1.5439266,1.0449859,3.2663174,3.0904288,3.8967433,5.107315,11.373061,7.781506,4.2150836,29.122955,58.00796
2,3.0494206,3.4344862,2.7608826,4.3183484,8.46656,10.509672,11.251677,8.161501,14.054298,18.869785,8.393699,9.073814,15.906674,10.979019,20.312706,38.42044,52.307106,60.326313,25.888123,19.966173,16.754396,22.867666,20.558409,8.875814,16.343891,24.184982,16.158169,11.680433,24.281122,30.335423,46.34151,76.01442,95.59618,88.94294,28.589655,24.81337,36.867294,36.4267,62.211464,73.24182,41.397614,39.62203,25.927898,34.603897,36.48764,13.963677,13.792746,30.832203,32.35341,25.010338,24.969929,13.169612,9.322147,38.266064,47.960136,37.097122,46.896294,39.227726,10.101609,24.216139,26.948544,18.724033,37.809834,36.59342,48.726154,50.31983,29.094316,23.02297,31.75066,76.37321,67.309,34.002304,31.544767,72.70286,66.41833,36.51538,31.21128,21.36367,14.654999,24.624063,15.812637,10.904398,11.244987,7.2326665,5.6460752,24.827791,53.70448,32.87511,15.730553,15.012437,14.902618,26.031332,19.082289,12.369188,19.802599,11.175914,14.901495,25.223965,14.254285,12.931145,24.038822,48.866436,54.07476,39.922085,30.853088,30.412935,54.792305,50.388664,24.937965,25.020678,23.572987,24.833042,19.43089,17.159807,14.939363,10.082378,19.18082,34.734467,34.235275,19.709839,19.440407,25.162725,14.5147915,16.665424,21.443748,10.751352,9.312883,9.637801,15.185428,17.336807,4.8903394,2.2098835,8.186542,25.678097,28.245922,9.749742,19.181515,25.407288,22.156015,28.898582,27.03467,10.262662,31.801184,32.993702,21.302807,33.223484,28.222141,15.184169,13.688092,9.142209,7.696687,6.4695783,13.917898,20.0836,15.86426,10.431953,25.75427,22.739397,9.567597,16.10567,18.397482,11.567118,7.8575487,13.124118,17.403845,17.75179,12.992105,9.412948,13.196052,11.621416,11.048677,22.684849,23.895697,18.647757,25.882805,29.896921,21.168833,21.708488,15.119726,8.495517,15.38678,9.5143175,4.6155586,5.181495,10.077751,14.0734415,9.40399,10.935635,7.3522887,4.4435434,11.667365,22.808811,26.751644
2,0.0,3.6587296e-15,1.4219553,2.8439107,1.4219553,6.3175974,12.635195,6.3175974,22.59015,45.1803,22.59015,2.2182407,4.4364815,2.2182407,13.629199,27.258398,13.629199,12.006553,24.013105,12.006553,42.37616,84.75232,42.37616,6.023222,12.046444,6.023222,16.88763,33.77526,16.88763,9.879676,19.759352,9.879676,63.429115,126.85823,63.429115,69.2686,138.5372,69.2686,42.9349,85.8698,42.9349,8.067675,16.13535,8.067675,51.43999,102.87998,51.43999,3.538396,7.076792,3.538396,9.0382805,18.076561,9.0382805,48.207233,96.41447,48.207233,17.785606,35.571213,17.785606,11.473343,22.946686,11.473343,18.84865,37.6973,18.84865,5.236535,10.47307,5.236535,62.42908,124.85816,62.42908,0.87658864,1.7531773,0.87658864,49.968052,99.936104,49.968052,41.129284,82.25857,41.129284,59.76512,119.53024,59.76512,1.4694837,2.9389675,1.4694837,7.406692,14.813384,7.406692,7.407343,14.814686,7.407343,1.2863257,2.5726514,1.2863257,0.9789997,1.9579993,0.9789997,45.747803,91.495605,45.747803,23.228916,46.457832,23.228916,4.9064937,9.812987,4.9064937,34.822044,69.64409,34.822044,55.633377,111.266754,55.633377,38.69602,77.39204,38.69602,6.1869416,12.373883,6.1869416,51.760574,103.52115,51.760574,23.138355,46.27671,23.138355,16.387766,32.77553,16.387766,7.467724,14.935448,7.467724,32.079002,64.158005,32.079002,12.236157,24.472315,12.236157,6.3215194,12.643039,6.3215194,21.649813,43.299625,21.649813,15.633973,31.267946,15.633973,15.507855,31.01571,15.507855,2.514742,5.029484,2.514742,7.8174777,15.634955,7.8174777,21.09978,42.19956,21.09978,13.833634,27.667269,13.833634,38.85777,77.71554,38.85777,4.6454597,9.290919,4.6454597,23.263195,46.52639,23.263195,0.23260577,0.46521154,0.23260577,3.5636246,7.1272492,3.5636246,9.220025,18.44005,9.220025,5.880995,11.76199,5.880995,18.096415,36.19283,18.096415,13.575588,27.151176,13.575588,25.341928,50.683857,25.341928,37.598503,75.19701
2,5.520903,13.038004,25.542301,37.89801,18.179733,9.513404,9.356161,9.480649,8.645723,8.124646,6.5860853,5.603063,13.776405,25.799166,14.923123,12.018334,16.06286,7.5316553,18.224836,28.878008,36.620655,24.907175,13.177531,24.218763,15.614168,25.33496,47.5415,35.911404,31.052757,31.506632,27.04786,69.59014,96.575134,50.81267,27.740486,17.390108,30.923979,26.074673,22.32052,18.430262,11.51189,7.56528,7.2207923,16.811413,21.072014,30.865883,54.75765,44.480564,38.67367,49.184124,31.614075,17.815617,15.396675,40.431435,38.11441,22.578283,15.277828,19.563576,23.825607,9.671313,27.478407,34.780132,28.246506,32.162712,57.54762,93.40783,44.407974,8.372514,17.198606,45.826046,34.817554,19.252537,48.81788,70.40797,75.77349,33.871292,15.499197,32.515095,60.830173,30.018831,22.225395,32.994373,22.24951,14.494541,6.7765646,4.908594,21.004124,24.442125,6.9816837,8.266612,12.000613,16.872244,19.241928,20.452557,21.635983,13.888084,25.318739,32.23888,12.174759,34.40011,47.034714,56.35191,35.16159,21.002918,21.060997,26.405954,21.335867,10.299494,30.13785,35.916946,39.824112,34.207565,30.929438,28.891766,22.042835,11.462611,8.530722,15.009541,12.929459,24.574339,35.57452,25.132965,23.661575,25.10636,25.245096,31.856955,36.415874,39.062653,33.12576,26.77757,15.565957,16.467278,20.152138,24.663591,18.559444,18.793633,19.47688,7.513811,10.75004,11.657212,6.3683023,25.206179,28.146864,25.226274,11.6486225,6.1717324,16.863407,44.982384,37.147476,25.840864,18.209969,26.016407,27.004509,8.845252,4.781887,4.3442698,5.1541195,7.322569,11.957289,17.149899,20.719736,14.544061,8.702997,17.231146,10.405192,7.425914,15.099582,13.031857,10.570497,6.9232993,11.174175,9.06482,16.610043,48.01725,35.410755,14.730269,7.093605,13.297692,23.882675,39.169037,26.233654,17.537552,11.068386,10.674309,11.499447,12.961095,13.121792,9.682223,5.7867446,2.5301383,7.9303007,18.053698,31.892744
2,1.5258789e-05,7.6293945e-06,4.3617315,8.723463,4.3617315,2.1972983,4.3945966,2.1972983,0.6476074,1.2952148,0.6476074,0.47875956,0.9575191,0.47875956,0.67932546,1.3586509,0.67932546,1.0337611,2.0675223,1.0337611,3.8044806,7.608961,3.8044806,2.8634784,5.726957,2.8634784,20.72901,41.45802,20.72901,96.81326,193.62653,96.81326,23.06543,46.13086,23.06543,7.878518,15.757036,7.878518,0.16662128,0.33324257,0.16662128,1.0869472,2.1738944,1.0869472,8.729104,17.458208,8.729104,2.8123746,5.624749,2.8123746,10.707553,21.415106,10.707553,15.09902,30.19804,15.09902,45.087128,90.174255,45.087128,67.68545,135.3709,67.68545,25.403662,50.807323,25.403662,12.14041,24.28082,12.14041,3.4687245,6.937449,3.4687245,0.19491702,0.38983405,0.19491702,16.022045,32.04409,16.022045,8.447484,16.894968,8.447484,13.7059355,27.411871,13.7059355,18.044342,36.088684,18.044342,59.453117,118.906235,59.453117,31.805792,63.611584,31.805792,16.652563,33.305126,16.652563,13.37565,26.7513,13.37565,3.1154304,6.2308607,3.1154304,3.93902,7.87804,3.93902,17.06288,34.12576,17.06288,11.323355,22.64671,11.323355,11.684851,23.369701,11.684851,10.431858,20.863716,10.431858,58.91356,117.82712,58.91356,6.434811,12.869622,6.434811,15.276976,30.553951,15.276976,8.805004,17.610008,8.805004,1.7713654,3.5427308,1.7713654,9.695873,19.391747,9.695873,9.675163,19.350327,9.675163,4.8553944,9.710789,4.8553944,7.4165688,14.8331375,7.4165688,6.359072,12.718144,6.359072,41.120903,82.241806,41.120903,13.230572,26.461143,13.230572,4.6813054,9.362611,4.6813054,3.3492954,6.6985908,3.3492954,0.34686813,0.69373626,0.34686813,14.263561,28.527122,14.263561,2.5206912,5.0413823,2.5206912,4.0488095,8.097619,4.0488095,0.064243175,0.12848635,0.064243175,17.579983,35.159966,17.579983,14.052684,28.105368,14.052684,21.429295,42.85859,21.429295,0.45636255,0.9127251,0.45636255,3.3904712,6.7809424,3.3904712,0.7877292,1.5754584,0.7877292,21.983093,43.966187
2,0.43117556,5.2037163,8.94216,17.964157,25.177603,19.424189,21.324883,15.251143,14.62249,3.4499192,12.509208,40.54405,31.043652,11.06762,20.292938,41.930195,22.896639,1.3176093,10.203306,16.014011,23.15598,30.143162,40.71735,46.569416,63.01972,65.67246,103.72692,84.88759,15.142937,26.251812,60.725853,36.112133,4.3182297,17.158827,28.826487,29.704922,40.17141,80.58021,96.86544,42.147575,34.266785,22.112656,18.50144,3.2676048,5.819404,15.1178665,9.955885,4.3796477,22.403872,40.949066,51.96766,74.92349,37.778652,33.86385,40.6784,44.963074,36.786835,37.142044,56.91013,55.650658,88.29028,62.7833,28.12462,22.219887,30.28009,23.016548,29.466043,19.958158,22.692598,12.393054,11.943601,8.011042,8.178196,12.241472,23.340153,67.8309,58.460167,72.30401,46.51197,4.464833,31.344658,57.35931,37.23025,41.392456,19.05223,14.567942,24.732948,30.002338,56.162327,53.574463,10.148064,14.336879,41.56592,29.202753,6.328645,26.863846,53.2776,36.057446,41.009605,69.94301,96.71149,33.689926,9.300282,21.232323,22.234444,16.030794,21.312643,53.778263,41.376076,20.101147,16.094019,21.301073,15.191412,18.264505,35.08605,52.716805,23.24233,16.052801,6.846061,8.021177,28.196535,27.092855,5.0752807,0.976831,1.2194343,29.878973,71.711395,43.39468,16.074224,7.9979553,2.100145,22.805027,32.595814,13.145059,11.093577,38.33952,40.41491,28.188488,24.387009,16.714472,12.992272,11.282668,8.260856,8.518714,11.823149,19.872261,24.380537,35.29237,23.147858,24.800861,8.6268835,6.0170484,19.229593,18.48228,4.19625,2.1932619,2.0318975,1.8582052,2.875788,24.830906,49.503437,26.274672,15.310241,20.221684,27.347387,9.73307,4.418195,15.172033,15.88299,8.572414,9.757581,22.44331,19.714315,26.833536,21.099262,26.115131,14.243777,1.0120579,1.8701032,2.857082,3.9529862,5.667856,16.851772,18.853464,4.765086,10.846813,39.327457,32.31283,4.427749,2.6059475,5.7381544,12.827985,24.799929
2,0.07971484,0.16459826,3.1965117,8.031647,4.9964647,3.7788734,12.28476,9.342705,2.3739502,9.452778,8.79101,4.418815,26.39895,29.772228,7.3668365,12.188924,16.709545,5.5556054,24.38725,41.255547,17.266912,3.0799332,6.35939,3.4561744,16.726437,44.515247,28.88899,18.726168,64.394135,51.241924,18.549341,82.8594,80.14898,15.551619,24.411398,28.710104,7.8641844,26.498583,38.149574,13.190134,8.7582,15.463175,6.860623,31.949883,70.62572,38.905632,4.4912896,12.4437475,8.508917,11.741523,43.237587,35.89446,4.9159346,2.4765708,2.4383662,3.6981955,28.353443,34.905113,10.930711,67.77845,102.1518,37.347706,10.125691,18.27329,8.4949875,8.2359915,19.143429,11.08625,8.511105,25.359713,18.025406,11.371554,44.281948,38.47815,12.289676,60.50961,63.872074,14.384073,24.485567,31.491005,9.3847065,5.870539,9.172535,3.546562,13.8866005,27.10563,13.221944,3.743449,9.192272,5.6902003,15.651393,49.41832,36.71755,3.8239377,3.339271,3.116239,6.1668353,37.18844,41.031242,9.728325,8.059161,10.696118,3.8711987,39.50371,65.28177,26.612337,16.613956,33.947304,17.396559,7.792312,20.168516,12.791922,6.7126145,22.369047,17.394173,9.586837,42.468468,40.210197,7.350839,6.7568865,7.7298465,2.445994,16.716785,23.534351,7.90124,7.7268953,13.317905,5.735802,16.880339,36.37301,19.559435,0.6877011,1.6460488,1.8758237,15.345284,54.851265,44.534172,5.777911,1.4243244,1.0991995,2.0216942,14.695212,17.701298,4.808071,5.520801,8.079756,2.9369848,24.565691,44.60576,20.176266,0.5947483,0.92596114,0.55433303,2.838377,8.205742,5.718492,3.194803,12.0727625,10.283709,5.400621,27.727472,28.64169,6.0976114,3.8176477,4.7322826,1.7547446,17.554502,27.062218,10.174454,3.1235654,5.873158,2.8259482,13.337942,31.86346,18.841179,1.6676024,4.6083155,3.4405715,7.572166,30.863684,27.368137,4.3641634,3.6781027,3.8898056,0.9538325,3.1859832,4.184422,1.2868891,0.30646113,0.45369047,0.18140127,16.804726,33.61184
2,0.91476494,3.6231818,4.9183707,6.8557334,5.066154,1.8015658,10.082277,11.217338,6.607003,11.770982,17.904207,15.277198,19.94704,36.392326,27.096178,23.609776,18.57011,14.904106,4.678205,6.378797,7.8394346,4.1807976,4.753585,9.222199,38.915516,50.68976,72.13251,62.295475,60.300957,35.52043,26.89405,21.98776,24.143194,31.125027,23.978745,26.773909,42.8624,60.589386,77.08955,25.830374,13.590298,26.7218,15.300677,9.651322,18.076445,13.883943,4.4212313,25.699818,30.056997,25.114124,17.59051,9.299382,20.70206,23.7647,30.276886,30.456753,36.111935,32.88167,28.936115,17.237633,22.002964,28.020283,31.703226,27.903843,24.104565,30.21139,37.449493,53.629128,39.378834,9.174423,47.616238,55.220024,52.6896,47.674805,53.348507,25.501448,16.068935,17.325262,26.584085,35.477497,16.914888,13.096552,16.72201,9.276694,4.0127096,9.772753,21.523174,38.52493,20.65136,13.994235,27.220707,19.574526,5.8426967,29.653223,31.191349,7.4644732,19.104189,32.064476,59.755665,55.72941,10.443508,12.724408,17.950554,17.52218,27.740046,49.86031,26.02194,4.100404,7.1712756,5.9276085,4.467869,12.610501,18.626465,35.994846,27.099916,18.790606,29.071653,28.704779,6.7339225,2.5600312,2.2017803,4.1473484,3.9642358,2.9995089,2.1091714,11.89916,43.74391,37.01269,16.641209,21.434227,24.232164,13.913558,10.220582,8.088515,14.867246,17.516548,21.367079,19.07756,20.47337,10.388547,8.649606,14.305091,19.193245,24.83511,10.538279,7.4118147,10.73468,5.8550096,3.894267,12.984518,13.674194,17.685057,26.408009,29.579683,14.542149,9.745528,7.038589,18.546091,19.491974,8.648733,7.126786,8.272655,13.006662,21.561134,42.190636,25.92283,11.60569,5.440558,3.4709277,2.074196,1.4400754,1.33823,1.6891919,5.1092644,9.207603,6.113759,5.4845724,6.5732417,10.969615,16.67565,7.1690063,6.2496104,14.916211,23.095812,31.628714,11.71664,5.018907,9.885596,13.237461,17.253672,23.093046,18.914015,6.572627
2,10.6324215,11.374246,7.7739067,9.185107,9.690041,14.215948,19.092611,14.674931,15.987034,11.80955,15.973825,30.862247,34.25841,27.366453,21.217913,20.562202,22.152012,15.010153,13.952027,28.02948,28.381962,19.73453,18.165337,30.575592,32.933945,52.869186,54.519566,39.27604,30.481947,19.60052,17.604584,13.561012,9.60231,23.905256,28.1672,17.444231,37.80795,66.33086,54.878555,46.67147,45.883408,24.380512,12.815478,20.43697,16.545408,25.861889,41.377438,30.647577,21.062704,28.130362,16.79487,21.248497,35.47551,31.0842,34.183804,52.200096,46.12358,25.210402,32.221798,20.318344,13.347519,17.900896,40.83341,68.62719,58.63867,23.219856,30.635122,49.59145,38.665028,15.239654,27.640566,33.695534,31.898123,41.066803,40.11176,24.099863,17.057953,11.134373,11.861668,13.78161,18.733408,15.354188,17.51734,27.19711,33.06964,24.436525,50.018986,36.690086,37.536224,38.623558,23.137953,32.925205,45.71003,36.520733,30.317564,34.850594,23.534286,22.18834,19.714033,13.872601,23.233597,22.512281,28.350113,15.042465,8.3460245,17.253778,22.894463,19.976048,15.548092,9.692939,15.942631,25.196455,26.883413,19.515894,15.982403,7.5363965,9.834249,29.262512,27.08115,16.783941,11.702347,11.642508,14.367897,24.578672,15.908382,16.283722,23.24265,14.815854,19.222967,24.631763,14.624192,17.810913,23.142914,14.5555,7.9254966,12.044574,16.079557,12.583848,17.962536,20.840069,17.551504,23.821735,22.624567,14.30222,20.590067,12.549533,17.950542,16.033844,14.762729,14.737659,16.29537,20.21795,18.147516,14.551983,22.737589,17.705378,11.53932,17.305199,12.780357,14.278215,17.654894,15.471473,11.391259,7.060329,14.34284,11.985638,10.719995,7.0822234,7.880919,12.069323,8.895727,11.459849,12.547095,6.6125507,9.628403,11.801599,8.19483,11.093746,15.368353,14.881835,9.023757,8.538941,6.227686,4.434872,13.705178,15.372092,15.783524,13.576692,9.024117,9.840071,11.7160845,9.757008,8.806314
2,1.4980597,8.144363,11.421314,8.526731,7.3101215,2.257441,10.762199,19.025455,9.1987095,4.9451942,7.7711816,7.0044165,6.080766,8.70209,12.85661,18.621307,19.898088,9.290595,12.316994,22.355162,13.212233,9.357149,16.601713,16.04626,4.435816,4.5816197,7.9940796,24.57751,35.551212,72.100586,71.71428,83.916595,95.35424,133.49858,66.66999,45.385853,25.988,22.774931,28.00159,17.996817,14.697596,19.835352,19.499182,4.0771656,5.0119405,9.584846,11.596477,16.368624,38.21706,35.256958,15.73711,14.709696,19.661877,10.603419,7.944404,5.324797,17.891333,39.674957,46.41294,61.913357,34.398586,30.359129,44.806686,51.354176,78.74936,53.599846,53.084408,84.34866,78.70497,16.900494,10.197173,14.302648,14.030034,18.264238,37.794895,32.269207,13.110661,14.528283,20.48384,31.916716,33.95296,13.252249,8.65239,5.488076,14.668275,20.426037,8.159883,10.006245,25.525522,17.64695,7.033058,34.22157,44.519855,45.102818,38.35223,13.193066,8.135435,10.320888,57.22682,66.4286,53.455334,40.700813,11.476169,18.263315,25.562355,9.205535,10.552686,30.947865,22.168308,7.16553,4.6087804,5.9151917,18.269424,18.408323,20.874762,14.533119,10.538269,5.397064,3.685402,2.1975543,13.668018,30.793531,20.311531,16.00412,11.145773,9.951251,2.314831,15.683897,31.328424,16.014275,12.878772,55.650772,53.0101,19.404879,16.076807,20.69955,18.674957,20.254227,12.894186,11.468234,14.038179,8.4463,3.5360677,7.050714,7.8304033,6.5501676,13.841625,27.136925,14.175885,3.6952345,16.177357,17.27239,19.125732,17.360552,21.74947,10.765525,5.35741,6.667269,5.8697133,3.1184797,13.199553,21.468203,9.895623,7.0798917,15.498668,13.294055,11.828228,9.91564,11.588999,15.800238,15.615948,3.5800385,1.2489676,0.66200197,2.984541,3.9909205,3.7643902,3.8014493,5.188672,7.962933,12.617949,16.275965,18.247353,7.988208,5.5224304,3.2680697,10.154206,15.465669,16.556301,16.488554,3.733815,1.6479473,2.8078816
2,5.4085975,7.5164146,8.422372,6.1028094,11.274487,12.5274,11.598938,8.13702,5.2081447,4.4277363,4.0280557,10.781892,9.853133,11.7541065,13.557368,8.740769,13.354972,17.540749,22.53558,17.75463,6.205689,3.0353131,6.0719256,9.179791,15.213417,13.277152,5.552349,6.796027,7.266799,20.676512,26.74457,23.439457,20.958214,29.31711,50.55946,111.62399,158.66885,58.70455,31.313808,23.296204,5.7958674,10.534994,11.371237,4.683863,3.1311646,11.4407,11.395328,7.154042,5.8121853,9.738371,10.418363,16.792803,19.119349,13.945852,22.541872,17.12476,12.951711,11.158223,7.049843,7.6090446,14.562764,15.316761,15.777475,13.863315,8.365702,28.385305,29.61461,32.757244,33.48154,53.81434,73.49127,91.88111,91.16606,36.217922,57.415173,37.87621,21.435297,19.593449,11.416088,6.063829,12.653877,18.3434,11.006638,3.7195134,2.9827676,8.325259,14.6502075,17.421127,20.542595,23.153238,22.244698,19.30946,10.925451,6.8795505,8.332637,8.048225,8.472931,12.411543,20.969927,21.290964,15.677621,22.486267,18.859142,25.462774,31.56497,55.142166,62.793564,44.47963,36.44539,31.821922,41.63841,22.819149,22.001345,17.894207,6.709319,7.13116,12.899369,20.970242,11.504234,8.025864,3.7699513,9.317921,19.94044,19.858013,17.783628,14.750138,15.429898,14.221031,3.4977572,6.3714128,14.015511,11.529844,9.878052,23.375433,28.984917,22.142872,17.555834,9.153814,10.085096,24.846415,27.687885,41.595585,35.435173,10.418981,15.692754,19.43857,25.086872,12.396033,10.000795,9.174185,9.593491,14.592787,11.046245,13.132162,16.531347,14.119923,6.3722277,13.056602,22.72094,14.33032,8.625292,6.9598584,12.237569,10.1413,2.755728,5.3814054,10.963868,10.409271,7.4748645,22.218077,23.452766,12.863525,14.056276,13.152322,8.337862,19.382845,18.237085,19.708693,16.50395,16.63262,10.935314,11.043179,11.126684,8.593965,8.297525,6.4277678,10.177708,10.586255,4.159944,10.491083,22.611868,15.67966,3.531738
2,5.3242393,4.9951353,10.230159,13.121108,10.224551,16.894156,17.394703,12.447043,6.3536134,19.987215,32.167717,26.00312,30.598118,24.834284,24.24776,31.270021,19.499266,17.244196,13.510099,14.519606,10.273399,22.434074,39.22905,37.243137,40.122208,61.699295,45.5763,42.678085,33.773212,33.755337,32.251633,19.242092,7.5664053,14.8306055,55.456657,70.91517,40.32616,40.542538,31.780058,26.151297,49.178394,57.173676,23.045141,2.9598298,7.0744796,18.795885,18.979918,9.097009,8.094257,16.336178,15.273496,23.36675,40.10519,43.816128,43.484135,47.39557,43.09408,47.47432,52.43825,44.045033,36.13343,55.414303,40.45335,13.248998,11.663172,26.666916,43.668255,39.82113,19.40504,17.872875,35.265556,53.380028,32.59652,16.140257,7.1007643,4.371598,10.492016,24.287422,27.564217,22.69018,22.978956,21.183874,29.286747,50.037407,48.47864,21.852102,16.696798,32.664917,40.084576,26.324867,11.049067,27.891102,31.907219,39.342594,45.94965,48.971138,39.429672,17.629547,7.8664775,11.186988,15.626188,22.883001,23.365484,16.333738,17.755701,13.647631,23.647879,28.842882,10.754745,17.385017,21.957952,13.604687,8.148085,7.378748,8.694375,16.42784,19.582489,31.848015,57.631954,41.58853,13.082113,9.146949,5.9076624,9.701358,13.304522,18.301544,28.323833,25.50057,36.511555,31.983692,14.605141,19.116179,20.485806,13.649368,8.513128,3.07076,2.359109,2.1676202,3.6639547,7.916373,26.927938,26.362572,12.690049,8.342544,9.946014,9.785152,22.663767,32.058147,24.181782,14.1970415,17.57998,12.151554,18.158344,31.786167,18.575062,11.194037,17.27697,13.423272,8.225382,13.4920435,9.104933,8.847922,11.63825,13.792805,12.328406,15.2567,18.59278,18.548414,14.327433,7.7181883,13.219603,17.745289,17.481201,14.451394,10.481511,17.604303,12.3169565,15.07766,15.37489,9.946944,13.625017,23.588753,20.323359,14.528336,11.302969,13.76554,8.242249,7.1889477,6.628089,16.519558,20.716162,12.234318,5.242222
2,0.2897565,1.3257076,5.9042277,6.2621684,5.856718,7.356717,5.665651,6.505772,4.183416,2.70287,6.6910043,12.70571,11.377675,12.009281,15.488602,7.662113,5.36651,18.761583,26.391031,25.519417,19.072254,18.664034,7.672522,4.879973,8.97835,9.535696,13.608637,11.897602,10.958879,13.280584,29.428198,30.982546,16.913462,27.633446,56.70173,85.96237,180.15167,130.8299,51.598835,53.02776,51.502476,42.023483,21.615643,26.376886,12.668134,4.94659,14.7122,23.39313,20.155163,27.492338,23.749659,16.109772,21.662409,32.133186,31.280712,36.076912,21.78352,17.381292,18.418097,11.810103,24.357647,15.414451,6.4537635,9.89271,23.158096,35.59056,37.57717,47.574963,27.794275,20.23128,50.933327,83.89361,76.245766,62.398563,32.669975,47.829857,63.566185,64.29994,34.361637,50.123062,28.058126,10.76521,20.536634,37.65771,31.230606,37.71173,34.49204,18.417015,29.928614,46.65765,26.486778,23.519897,22.074791,15.368129,27.539507,20.58042,22.792765,20.391611,17.105114,20.643341,19.182728,32.177826,26.742126,24.98452,21.522062,18.504408,13.826793,33.87589,35.867935,23.035427,14.792546,13.502672,20.89062,28.872643,32.82449,54.71346,40.1991,18.324633,28.998331,36.3753,30.936932,22.531548,27.523384,12.860099,17.636177,24.726187,15.186022,9.360388,8.8845005,12.194006,22.708883,26.49003,16.543892,19.505163,30.502375,36.167107,19.126144,15.372204,18.35983,14.029874,11.024264,10.628327,7.9122763,11.278301,15.050121,12.87781,12.5431,13.982431,10.565461,12.056246,21.743061,30.469498,26.74505,15.651853,25.207144,25.513954,18.845493,9.481394,13.408912,9.781548,10.499507,11.366589,5.547681,4.337828,8.057883,16.896343,21.378292,15.909564,10.737549,15.082676,25.823076,27.480396,21.590475,10.166216,4.835729,13.727498,17.119923,10.951107,6.5378523,9.726081,12.1271305,10.150866,12.235512,14.946183,18.841213,12.343108,10.651161,7.736436,6.5358667,7.0918784,12.342768,12.998879,10.148519
2,1.509105,6.98044,12.699283,34.650417,30.811552,15.177998,13.985017,16.68235,6.635949,18.612091,50.32982,33.401352,6.819102,31.622717,36.01175,16.082825,22.510628,39.799694,41.14152,48.48329,53.593456,44.57354,8.574686,31.487503,46.725693,33.590332,28.72348,7.5971847,24.620493,41.844196,46.43927,48.086388,12.280586,36.744396,71.51977,52.55449,51.006084,40.810513,35.605247,33.29745,18.798952,5.803145,14.024357,14.199949,11.356629,10.652954,13.552083,16.535257,24.572573,54.94384,41.026367,15.343418,37.233524,49.683002,69.25636,59.4708,36.659996,29.338732,30.986021,11.134013,16.114117,41.232754,28.876806,20.556288,26.937756,31.954647,47.571728,38.097492,31.327806,33.94054,38.577507,25.76793,31.94349,55.56102,36.872047,29.5025,17.46534,15.893616,21.191193,14.202096,9.237244,22.192343,30.768702,60.576954,44.102467,13.448607,16.00103,22.69115,49.215824,43.45853,35.710125,49.231,63.66039,22.414585,8.454153,13.321629,9.497053,7.7291784,4.3561945,7.228407,19.241762,29.476664,48.300255,37.676445,36.841824,11.07616,14.880339,30.931292,33.84086,41.21493,25.783733,21.173594,15.214319,9.786341,6.400646,13.965703,15.088077,12.512187,21.050856,35.216213,30.896517,33.78918,41.72401,33.99455,19.466454,27.664242,36.34338,37.681423,32.81137,6.3387604,2.7312682,4.4193225,18.772964,19.63195,7.402154,10.650747,18.137838,30.977589,36.009445,22.453035,22.288214,31.880787,19.676756,16.554668,35.05841,32.82661,23.134045,13.792436,4.391001,5.515966,6.488915,10.047372,9.138741,11.103594,20.259275,25.635286,38.05307,33.47037,32.528053,19.260979,14.345317,25.303528,23.647614,18.79906,14.724303,15.13926,12.065838,11.710887,11.754225,8.816794,7.663659,19.065102,23.171682,26.534391,28.678078,41.3331,24.756418,17.899761,17.633533,17.06269,19.89806,14.66358,13.573007,5.151407,6.42238,17.348003,13.437347,11.774787,13.65038,16.56233,26.197754,26.740385,35.734352
2,1.7607639,2.9487188,4.013462,7.4788384,8.96396,5.6833415,2.2608712,1.8654759,2.8192453,3.5713508,5.459397,23.384117,25.291998,7.8380013,3.6711943,7.086469,8.623535,10.6617985,11.849083,7.249515,6.410279,10.050716,38.198975,60.494213,39.475014,24.412407,21.216349,26.411848,18.221798,17.623657,18.75578,14.471031,17.459782,25.387302,47.87206,42.882553,18.706179,24.325294,17.546932,11.634519,5.5317736,3.167465,5.3137593,5.336301,4.8481374,3.9322414,8.82837,10.244211,11.99002,22.217138,24.467026,20.0335,28.726376,20.54348,13.723444,23.574541,28.232021,22.143608,16.6101,20.47812,32.92162,48.94571,26.028503,16.733824,10.319243,6.614215,12.355399,23.18923,22.463182,11.519951,15.061241,23.57488,12.171624,3.3620734,8.138355,16.028048,12.050775,5.226073,4.864509,11.6005335,13.935532,15.670239,19.588306,24.248867,31.935944,25.596933,25.437988,8.740137,7.0707393,9.957531,17.950424,16.820038,14.375447,28.671589,28.099417,17.8347,11.625374,11.347272,16.441298,9.422401,5.7131405,5.6288404,11.082261,10.03029,6.688674,9.543312,10.788945,5.1588397,8.884741,13.090766,7.797083,9.217334,11.696824,15.308851,11.051624,13.551557,27.525846,20.42665,16.026722,8.754311,6.8605347,15.808364,11.566291,8.032208,9.838354,8.826266,5.0520315,11.139123,13.405175,5.5231414,5.8681955,6.533593,8.44259,5.5606027,7.6869,8.222405,9.942801,7.302825,6.1531696,7.973569,11.508501,6.6257095,5.297191,6.075289,3.1210735,5.5458574,9.78506,9.20894,7.38646,5.7145286,8.030197,9.238041,7.0799837,12.428996,13.92297,11.636952,7.5861983,6.616976,6.7306647,5.093286,4.2855997,5.0944777,6.72867,4.725718,3.6672685,7.327821,7.5361986,3.9857328,3.7174232,5.4952745,5.3731747,5.3169956,1.9890631,2.7352762,4.5805597,5.4290595,6.3721704,10.794946,7.99885,6.0290294,2.7702718,2.559669,4.267126,6.2904816,7.3067513,6.824559,4.489208,3.4285262,5.6512346,4.2960005,4.402448,6.6080065,10.629296
2,0.18941624,1.448615,2.3349295,5.341669,6.2519665,3.0549994,2.4530919,1.7732761,13.364632,29.042028,17.841549,13.509197,9.510431,11.0318165,25.770872,25.37326,6.7212744,7.694916,16.368872,11.000095,9.456473,18.170132,24.505415,20.330923,20.562881,19.245668,17.955938,24.310123,18.146235,18.700338,23.58484,32.23465,16.839796,14.704723,16.461086,21.990133,48.43112,33.997707,12.365083,12.679445,17.572695,13.152793,14.148209,12.439409,12.334815,14.800245,11.319038,7.11227,18.13435,30.855005,13.515762,5.3631163,25.620762,27.103611,18.46719,14.649025,10.084605,37.05045,68.94648,33.42877,11.406147,4.1018915,1.4217161,3.143339,3.0548904,3.9204264,31.684053,65.071754,47.364037,51.98671,20.005117,8.351107,36.274944,34.105766,8.396443,5.612348,8.013615,9.136813,13.588424,7.70375,7.169527,11.698097,11.703894,3.3582926,6.563161,15.486357,15.845627,23.703043,21.612894,26.26036,11.626838,12.476681,35.85438,30.888409,16.575972,12.527013,13.307167,21.103765,30.661724,14.374168,10.326339,5.5008698,4.4724793,2.05011,4.613897,9.649546,11.011738,15.942796,14.4203005,16.620241,11.456891,10.247686,2.707935,3.8519945,8.565415,7.683873,10.452786,7.313294,7.925018,8.57999,11.283012,26.07906,21.78275,8.999031,18.073273,33.600163,19.754705,16.298199,9.591528,8.987156,7.3689632,7.091554,9.813014,10.472265,16.838993,15.357209,20.047602,12.605027,12.099385,4.4648514,4.3629384,10.535178,7.863286,0.86653125,2.493128,4.39281,8.516697,11.2429085,8.30089,7.82962,3.1266286,4.2449813,9.283457,5.957173,3.5125382,25.38086,36.69174,13.5757265,5.6273346,8.60152,7.393553,1.3781735,7.923146,16.237354,10.855581,11.005727,7.5521245,7.6050863,5.294893,4.787445,3.930878,3.3967881,4.3876686,3.0768316,3.220243,4.1543555,5.269405,5.870023,5.722242,1.5591815,1.5411936,3.2105625,9.282421,16.727423,9.500739,8.046506,5.771207,6.0948887,9.956389,8.445828,2.9938564,11.3815775,22.512955
2,0.08716187,0.16487154,1.3661475,5.0855217,4.283371,1.2640407,11.743666,16.139803,5.2622585,3.9942894,9.320823,5.4947906,5.0605936,23.776007,22.957134,4.3032455,0.64291877,0.2494363,0.45943934,6.874852,19.256113,13.023338,2.0806181,11.137376,12.373709,2.96648,2.1250947,3.9186678,2.4131737,17.288687,58.47642,45.764114,11.483045,87.04939,111.39463,32.908836,28.683388,61.910534,33.479233,7.858167,32.831104,29.54197,4.907823,12.958906,19.093475,6.8479266,9.118152,23.30651,14.654197,0.84180486,1.2119281,1.2434072,0.7394145,18.685648,32.04369,13.639899,13.296124,40.840527,29.698107,2.9182227,3.9689968,4.7049127,1.2547003,40.93584,81.87428,40.93854,2.2483802,8.424048,7.1368833,6.3709126,65.29364,89.77901,29.24178,12.893689,29.72613,17.356997,1.8075213,7.9534435,7.6855116,1.5647886,11.509142,18.307142,7.1601634,9.77479,27.364798,18.522364,2.8677647,15.496482,17.206076,4.135624,18.608719,34.43185,15.890393,2.1318998,7.1684766,5.6508617,5.1131306,42.98437,55.03104,16.252792,28.308523,61.293427,33.185715,12.0672035,50.45867,45.40947,7.4261327,7.4794946,10.884168,3.8958056,3.6053333,9.2353,5.801481,0.3256824,0.09718639,0.16558394,0.70906174,19.515228,33.45326,14.2197075,1.5405339,4.473112,3.2645452,2.0203342,14.227498,16.96292,4.5248413,2.7622051,5.4578314,2.7626977,4.450036,16.688633,13.998582,4.034133,36.334503,49.966934,16.273836,9.238161,21.47073,12.529651,3.9469044,18.39966,17.765697,3.344098,6.1972694,9.808693,3.8473775,4.1007724,11.443981,7.779541,3.8415678,23.317036,25.903439,6.203117,12.401762,22.930683,10.579034,2.8146265,9.511884,7.429951,1.658013,11.840441,15.161641,4.4761963,3.5179274,7.5767274,4.1814733,6.4119215,26.821905,24.137514,3.9579968,4.100971,6.0112395,2.1538403,3.238936,8.28857,5.2125225,0.72788835,3.5870285,3.7150173,0.8583992,9.526337,16.323511,6.9544873,4.736587,14.521139,10.561457,2.6907418,17.682798,21.085186,5.624002,6.3734374,12.71669
2,13.152919,11.509053,7.5939016,16.148712,15.358772,9.4661,7.2480674,12.365987,15.754002,16.299566,15.323051,15.042034,14.762308,10.408246,29.767147,57.659294,44.997112,27.608376,18.998917,14.351596,10.509304,13.406125,16.445217,15.510269,16.555967,24.815819,16.407534,25.922901,36.231434,34.205887,103.566666,170.88725,82.41646,29.263939,52.20963,46.48491,23.976456,15.62836,15.261296,35.448967,40.48716,21.408333,25.640646,45.239784,43.29778,45.01426,99.25854,87.88459,51.862514,43.781685,35.601948,16.929176,18.71054,17.527464,11.250752,12.028157,13.500417,15.063668,39.30111,49.81588,71.89143,88.94188,102.58959,56.27505,55.082333,81.847,52.0458,20.444117,22.680094,28.479713,38.555164,37.408783,22.232672,51.010876,76.426285,53.552753,52.269978,78.76204,61.46679,37.73531,55.026196,55.79345,28.535265,17.868809,33.438015,35.253563,22.570368,37.950375,28.774805,18.118635,17.58359,48.47089,67.7264,50.07677,34.939518,27.646141,33.657707,32.906746,26.949877,24.075068,42.47216,40.278618,26.311901,24.081087,51.46529,43.39138,36.768204,34.05229,24.256367,26.652472,21.543268,62.024292,58.736633,26.023643,21.84627,16.008896,22.49465,17.625967,24.907642,24.775091,19.696507,25.1414,40.17108,48.20419,46.17454,27.95269,39.30814,29.69848,14.052925,10.563688,17.3131,28.181993,23.366896,24.824654,27.7568,33.89158,33.616344,33.252335,43.327293,30.110086,23.85776,16.107613,29.618551,33.099335,22.013897,18.344027,32.45728,28.878588,28.184776,40.983185,24.778517,18.289108,21.863422,18.679506,13.013864,12.542061,18.294476,20.374582,19.024652,18.036749,15.795775,23.206926,24.903019,10.52428,11.394736,27.115208,16.943686,6.420788,17.408152,28.390993,33.69427,21.461891,18.341244,20.364456,16.89852,15.51473,13.365009,17.989416,15.529063,18.396973,29.82236,20.601799,12.979851,12.35765,19.566923,14.177444,14.057272,18.405426,26.08829,20.584341,8.217794,17.19033,27.417246
2,16.042488,17.261402,13.729707,9.1989355,16.531033,19.461075,11.233558,3.9683921,2.4099042,6.2516923,8.5151415,7.2592444,8.049251,7.6128626,12.70226,23.079412,24.306,14.271345,14.501845,19.668518,15.0617695,12.193698,16.375402,13.5553665,11.552275,9.81956,10.9125395,11.385603,21.152771,37.8025,35.126125,18.193687,16.093328,15.158922,17.210604,16.6978,29.31573,38.419376,22.211597,15.4659195,7.639425,3.8526027,11.95328,26.405504,30.950119,24.059126,23.772497,54.629604,58.971466,32.749912,26.968237,24.952486,36.142708,28.143116,13.017979,10.31558,6.7103624,8.289353,19.984045,34.72118,29.203657,33.226788,69.23939,43.709053,13.748148,13.178183,13.65917,11.353256,11.429865,13.878181,8.372554,10.347992,12.584609,12.345586,14.438893,12.442969,16.865196,13.2797365,14.975612,20.566723,18.830835,18.964785,5.9186425,9.306371,37.391724,39.15573,35.445423,28.850403,23.764727,12.808568,15.680851,27.54479,14.932107,19.25154,28.258303,21.864443,21.74365,17.613495,5.8138776,15.0496435,20.08456,11.570758,7.6622863,15.850789,16.331457,17.203695,22.507336,22.261154,9.0885725,20.004753,23.282246,23.825342,16.447535,5.706274,3.737347,6.994898,10.57169,5.4687443,9.743463,16.791523,16.361256,24.460665,27.070007,17.658478,9.466874,4.468208,3.1135445,5.6163306,11.638293,11.489901,11.486406,5.576803,11.586303,13.975144,4.7360897,3.2315948,6.287678,8.967257,20.564651,21.048632,13.876808,21.622404,22.645868,15.94433,20.234098,17.89698,7.84922,4.9198723,3.0512006,6.0360627,15.716767,13.377188,6.6663766,9.748271,7.6604867,6.783903,13.413117,13.992769,10.673939,11.846559,12.489407,13.8068905,8.570184,9.418782,6.67531,1.9464649,5.8236423,11.919364,13.171306,13.808666,7.7470694,5.7997527,9.782689,14.662419,12.37811,9.296888,6.5502954,4.5640635,7.0316467,14.840764,15.019623,7.330619,8.756217,11.4625025,8.913301,12.873703,12.182111,8.653431,7.1832376,4.880411,6.5683107,6.521367,10.801981
2,0.0,2.8392352e-15,5.818915,11.63783,5.818915,18.752924,37.505848,18.752924,23.397942,46.795883,23.397942,9.157506,18.315012,9.157506,21.005358,42.010715,21.005358,11.797575,23.59515,11.797575,3.4104404,6.820881,3.4104404,4.932538,9.865076,4.932538,47.08064,94.16128,47.08064,8.7057295,17.411459,8.7057295,3.460727,6.921454,3.460727,7.923103,15.846206,7.923103,18.578117,37.156235,18.578117,28.554125,57.10825,28.554125,0.58703756,1.1740751,0.58703756,25.02576,50.05152,25.02576,31.190197,62.380394,31.190197,28.749651,57.499302,28.749651,14.238955,28.47791,14.238955,4.1860433,8.372087,4.1860433,28.016386,56.032772,28.016386,18.411854,36.823708,18.411854,49.173046,98.34609,49.173046,11.272721,22.545443,11.272721,23.860788,47.721577,23.860788,24.218418,48.436836,24.218418,8.551231,17.102463,8.551231,1.2438664,2.487733,1.2438664,4.426725,8.85345,4.426725,47.39512,94.79024,47.39512,35.079693,70.159386,35.079693,19.803652,39.607304,19.803652,20.18625,40.3725,20.18625,9.445423,18.890846,9.445423,8.143411,16.286821,8.143411,9.330477,18.660954,9.330477,5.9478803,11.895761,5.9478803,4.5719714,9.143943,4.5719714,17.921787,35.843575,17.921787,17.392761,34.785522,17.392761,4.059804,8.119608,4.059804,3.5014753,7.0029507,3.5014753,13.556318,27.112637,13.556318,6.885168,13.770336,6.885168,8.769789,17.539577,8.769789,17.869467,35.738934,17.869467,4.4056273,8.8112545,4.4056273,27.834717,55.669434,27.834717,8.117681,16.235361,8.117681,8.27173,16.54346,8.27173,1.3648384,2.7296767,1.3648384,6.4071617,12.814323,6.4071617,11.983347,23.966694,11.983347,16.064623,32.129246,16.064623,8.652678,17.305355,8.652678,3.559366,7.118732,3.559366,15.2666855,30.533371,15.2666855,0.9827507,1.9655014,0.9827507,5.615585,11.23117,5.615585,7.2200713,14.440143,7.2200713,10.481818,20.963636,10.481818,7.13382,14.26764,7.13382,12.247457,24.494913,12.247457,2.6606145,5.321229
2,5.1815515,6.3748713,5.180909,10.684412,8.968691,18.488432,16.397125,10.438911,9.491628,22.441618,28.319138,20.395302,25.036173,33.612144,59.394844,35.111317,19.710222,14.712826,10.618226,8.190629,13.134678,22.232601,27.340836,30.111952,36.88869,39.765484,53.401752,70.30517,30.816038,30.635847,26.888477,14.722945,17.236277,15.022248,27.324282,21.657793,17.052906,25.827518,46.877926,51.763252,30.565332,31.185299,27.342571,12.722413,8.104418,7.7884912,5.638529,11.351864,13.609612,32.659977,29.560509,30.77982,45.10081,45.29409,41.306805,47.131725,38.37054,16.514376,12.818242,15.943505,32.035995,47.47632,58.878563,37.22958,7.493842,11.04426,17.041304,44.273914,57.651966,42.52101,14.274429,6.022661,5.3909497,10.049636,15.829364,21.138004,14.71649,17.674793,14.796306,15.284839,39.88144,36.544098,17.130503,31.678545,34.169518,15.40588,13.862112,20.121956,29.900549,30.232185,28.621445,19.033245,27.547544,26.68876,37.80103,49.761703,38.774105,35.24152,44.58776,31.888054,21.18828,10.97048,14.53148,8.871111,7.719288,16.210003,31.086779,35.198914,21.872606,13.334361,32.270657,40.28347,35.55897,24.556818,23.408413,32.667927,23.823269,23.979836,18.668472,29.078493,29.486158,31.945356,55.480213,41.11351,20.335314,28.018433,26.732828,16.610104,11.678564,12.874998,15.917644,20.82673,18.784517,24.344618,14.00333,16.097815,44.203148,31.302387,6.7853465,10.269549,9.916532,3.9941301,11.566999,14.35651,8.730427,15.783777,19.782705,14.16863,21.76971,42.443676,40.270164,23.40342,7.3569636,4.339346,10.343644,12.069506,10.4099865,13.4018545,15.850686,14.01342,16.650581,15.363259,19.595984,35.869976,19.257742,7.770932,11.656998,17.436317,12.759275,3.7777567,4.268578,10.474206,17.752443,17.650997,17.1233,25.690926,13.488205,10.172172,16.482908,10.186232,12.238359,10.299826,20.26444,16.81546,8.456421,9.826853,7.992034,12.282156,20.19736,21.108164,12.642123,16.91823,31.20005
2,1.467588,4.8069043,8.617816,9.96192,12.46253,12.611883,10.176961,13.937424,18.210196,12.46782,6.2182484,7.7500863,5.306934,4.223739,5.174927,8.217201,16.03051,17.03856,33.136368,41.94388,36.61307,18.174051,13.663584,17.24336,13.678221,15.169256,20.289099,29.884575,23.520927,17.588799,24.762785,31.342657,18.323061,12.026385,8.4062395,10.520448,25.667135,52.09426,146.66069,141.26312,56.98152,20.751009,11.627647,9.679679,12.418851,16.7742,26.532637,21.027777,13.757008,16.38053,26.273798,27.542768,39.262573,23.754505,5.657142,8.271873,49.798943,65.949745,63.42146,60.37861,14.785254,11.379212,17.548937,19.12344,17.122002,20.522877,20.433262,20.717918,24.391037,21.392683,23.04137,19.537704,16.450836,8.090898,23.296005,45.170734,106.68896,158.72116,67.86312,36.402267,37.05765,22.361727,25.882374,17.461765,21.805857,18.886219,14.0780325,27.768528,30.457712,10.648248,6.431294,19.313795,23.615686,44.27022,41.8837,20.894028,16.973078,27.625843,40.56444,35.752586,11.851339,7.860293,11.504916,9.562286,13.768852,9.675446,7.259319,15.027113,14.879669,12.606758,5.8649354,16.403162,17.955008,15.98709,42.811802,103.31385,83.35966,30.920807,17.888426,19.171095,10.873115,17.205387,18.835775,11.761018,18.098026,13.905618,7.231793,8.351815,15.5449915,17.140919,18.764303,37.283978,40.09248,22.31184,14.655218,21.656605,22.978638,14.013186,17.06284,14.011602,6.4303293,3.4223402,7.794445,8.275549,5.491232,11.371322,15.097887,10.572214,6.039397,9.555757,12.921921,35.564518,50.610874,53.30284,64.02742,35.559563,21.498528,18.392183,18.819483,15.205859,6.6298976,14.161598,22.806017,12.380649,6.3786354,6.7451744,11.547823,10.877992,5.5090714,8.508785,10.314247,13.647122,20.738752,9.801781,10.809863,17.01808,16.98639,11.303253,8.6334915,14.903402,13.6799345,13.743573,7.052245,10.778039,16.99825,11.323681,7.3780994,8.485822,8.284512,21.22542,29.827017,35.066833,42.872643
2,0.0544134,0.076064974,0.6295775,1.7279123,1.3696359,6.6713643,26.669363,23.342318,3.6849236,5.867952,6.68207,2.6354642,28.98062,43.462334,15.804505,9.607719,19.086523,9.571276,14.219375,39.11205,26.071865,1.8827059,1.2068149,1.0647792,2.4298985,15.718722,17.969404,4.492257,3.0826867,4.5457,1.6547581,87.63545,175.273,87.62903,0.9446729,2.5142481,2.8962889,20.24196,80.96278,70.85726,11.344736,21.769499,24.767471,6.39157,23.245768,34.820972,12.666975,19.226147,38.392788,19.200712,12.250397,33.692547,22.47915,5.9610305,23.081911,20.185719,6.0369964,33.2982,38.065697,9.522917,4.489019,6.5564847,2.3868766,57.1897,114.395325,57.180374,12.9339,35.525555,23.904325,24.172462,96.55574,84.498344,13.707274,29.806166,33.93204,8.506738,8.359701,12.409995,4.5203624,13.815604,27.614664,13.811412,10.559119,29.032396,19.402416,9.463078,37.54982,32.841133,6.262886,23.500217,26.863186,6.7345576,6.4306383,9.590307,3.490326,28.087315,56.192787,28.086073,13.537236,37.191757,24.959723,20.89557,83.39787,72.97298,11.406827,14.474067,16.366352,4.19582,10.978993,16.475208,5.9883,2.4178147,4.796894,2.5080163,12.68021,34.860554,23.282557,9.292719,36.69378,32.091385,6.2527876,24.400116,27.891317,7.004963,8.473265,12.669856,4.607625,15.084418,30.178051,15.082219,6.144921,16.875536,11.381325,13.147709,52.55033,45.97533,7.086761,2.1848748,2.2003627,1.770951,23.555395,35.336815,12.849279,1.1689322,1.677756,0.9685383,7.3190727,20.112133,13.46947,9.272015,36.961967,32.32983,6.4481974,26.14202,29.883041,7.474307,3.0711439,4.4430375,1.615224,2.8030505,5.600841,2.8044264,1.8837979,5.1857677,3.4842381,4.460346,17.798403,15.57571,2.5098186,5.0772924,5.779017,2.3840616,26.187838,39.288593,14.285017,0.92200303,0.5607664,0.35177997,3.5888693,9.878973,6.6064024,5.8453603,23.27772,20.365742,3.4658766,9.307177,10.636354,2.7058532,7.710766,11.550205,4.2012396,3.6181135,7.231638
2,0.045438778,0.09493008,5.4388857,11.68297,6.287822,11.828684,27.391422,15.760025,6.3727794,15.891752,9.834154,14.949733,40.450512,26.62086,5.438257,15.160107,10.695573,10.777857,34.43954,26.018173,38.146034,133.02162,106.42011,13.56224,9.660884,8.078049,2.0275035,6.850675,6.344207,8.085001,37.950638,36.82215,12.941713,58.489277,60.33301,15.159864,47.86517,52.65813,12.724366,19.000687,22.233229,7.670932,39.7082,49.63433,14.249396,11.34331,15.048058,4.733426,6.0681586,8.62909,5.139338,61.55912,93.59072,34.694923,66.73066,108.31569,43.424213,66.40048,115.498886,49.866318,5.1003222,9.114075,4.235143,19.563505,39.123756,19.565598,10.4052515,22.373953,12.004459,2.7680764,6.416342,3.876288,28.190174,70.45781,43.43066,32.595863,88.12342,57.96568,29.348639,85.23278,59.91358,5.371151,5.1212277,3.9899104,12.826329,44.904095,35.93052,6.5494943,18.632708,15.85946,4.013944,13.744772,12.523186,3.7789223,15.026793,14.635832,9.858657,50.427464,52.031246,12.025294,27.996918,30.799662,7.29036,6.7317333,7.908861,6.7527843,51.803806,64.73846,18.545694,9.6541,12.716541,4.9476795,34.957157,49.73961,16.993881,18.129917,27.523966,10.279897,27.260895,44.300976,17.719938,0.86705893,0.6193261,0.31619152,10.92531,20.364271,9.47052,34.915966,69.829025,34.91149,6.8792863,14.785427,7.990865,27.276226,63.17227,36.320065,8.125892,20.051764,12.346343,9.759851,26.336597,17.325893,1.2909539,1.6263515,1.2934372,7.6479115,24.441107,18.40165,13.12502,45.547832,36.440266,6.387492,17.522907,14.927744,8.588751,35.13852,31.959496,5.451549,6.0404143,5.826445,4.292109,22.10424,22.80482,5.1723847,10.704877,11.776208,2.9897153,8.044429,9.420992,2.4485106,0.3852666,0.5833477,2.7195747,25.851013,34.46385,10.779254,2.9522905,4.0352635,1.9825557,21.443056,32.600616,12.081204,22.537582,36.58273,14.642971,8.2556715,14.336306,6.1871657,10.962299,20.42353,9.499321,12.816791,25.63833
2,16.874554,10.930739,6.5215807,5.7114305,11.208772,13.715597,9.24193,6.6818614,10.420364,13.550506,13.01452,8.379297,7.131373,8.652333,10.417361,6.541236,6.90749,11.204046,17.671902,14.924576,6.319657,11.1910925,15.633665,14.371045,15.549068,10.585723,19.081568,21.3111,16.368849,14.90771,21.182722,21.952057,18.079414,30.291525,55.665607,78.58821,69.13001,112.57763,97.05676,39.985462,23.000841,14.557901,5.7208962,9.338641,14.680747,14.254388,19.53505,9.008889,6.713485,12.54442,17.188826,21.693752,21.637949,12.505663,8.381473,9.31611,14.680605,20.949825,27.0446,23.667078,19.324892,17.363466,33.821796,33.498943,43.29324,29.22262,13.923559,18.836765,43.045414,48.87415,42.83857,38.685863,71.18473,67.09966,54.564827,76.36145,47.716545,49.48095,36.993744,18.275276,17.57382,18.778027,17.630997,13.500014,20.18301,20.13882,16.64651,20.262785,13.63998,12.734549,19.127853,29.794666,25.811996,13.923946,17.0279,24.484589,34.74003,19.781374,18.3243,22.206167,26.809338,21.722263,27.90647,31.10432,26.482605,21.644125,30.108774,30.484695,20.685537,33.92964,57.946953,38.775093,19.61025,31.901115,38.733837,32.050697,27.004969,15.069988,8.228447,12.412209,17.22093,16.19372,9.221753,4.4247117,7.9721837,11.309176,15.967286,23.756578,28.60322,23.576956,15.531156,9.328363,12.2219515,21.532616,18.577513,19.085901,19.509682,26.805332,28.923765,14.120056,13.151631,20.797798,20.832653,16.00935,27.543339,20.195473,16.720049,34.67647,32.646507,19.944773,22.237309,21.776127,17.809425,9.362102,8.91172,13.783457,9.622896,5.1636066,4.4619713,7.5584784,9.548829,6.9968743,12.021801,14.862561,12.352487,14.911226,12.831891,8.646792,11.638892,9.391374,10.422529,12.829524,13.192573,17.935057,13.1910925,12.180809,15.886756,17.846668,13.001391,9.735771,6.9729667,9.84929,12.412573,19.120949,15.844393,11.787537,8.754792,15.547292,10.7025795,9.684813,10.755861,10.656884,10.735829
2,9.387042,10.280114,11.038121,15.343177,10.004147,10.603234,19.0513,12.925346,10.581393,15.799965,22.783533,55.13912,38.495235,24.594505,27.119951,17.973854,19.200684,15.605511,18.828741,16.588337,11.846509,22.538292,43.85667,32.494957,30.851599,37.09147,25.525349,22.59528,35.677666,42.226818,37.439182,26.86085,21.989822,40.149933,36.288418,23.896019,42.41976,32.734577,25.347939,27.945173,45.27478,50.85321,32.167576,30.652222,16.892052,10.037987,13.018956,33.9598,26.64269,30.611387,35.317425,36.527454,33.11728,22.205927,31.191969,33.74856,18.307537,5.4430547,10.825663,26.038435,43.454308,48.87317,46.78663,56.40469,31.557755,24.642998,24.919857,15.961176,16.196154,19.146397,23.150057,28.59858,22.809196,25.240362,40.93553,36.408546,16.282774,10.658338,9.570721,23.83572,27.29091,23.270872,29.73716,17.315018,13.17365,17.70735,18.681566,13.604546,16.4882,25.843548,28.794512,34.805897,32.44384,22.145185,16.098503,10.608495,17.395735,31.73908,30.206312,18.422903,8.872968,14.567745,22.923716,29.973675,32.42585,25.457548,13.963504,10.749624,7.879884,15.317009,27.38501,30.586529,12.393692,14.723901,29.944624,27.978577,24.836868,12.845274,8.485698,13.210496,22.35147,26.676952,20.26676,15.876073,16.92971,22.844301,26.704983,22.59258,15.812168,6.060537,11.302454,19.058126,12.618441,6.823545,16.23632,24.873877,14.690382,22.38918,20.5858,19.19967,15.766459,12.615004,15.352435,13.116697,11.165975,14.192157,13.186026,10.704248,12.756038,7.0872574,8.8104315,13.348392,16.310728,8.430473,7.473691,12.328383,11.39681,13.475023,14.9674835,23.491123,13.647057,11.393797,10.167711,13.115949,14.613907,14.876251,13.602094,16.763496,13.497687,10.886194,12.511215,13.723395,16.40641,18.166674,11.119428,8.502591,9.072331,12.601827,19.82443,14.029424,6.09202,9.952097,9.472014,8.575596,14.285708,14.175807,12.33089,6.3729153,11.077043,16.261713,7.5445075,6.536388,10.959298
2,5.063811,8.567174,10.910891,17.564167,19.44561,28.131865,19.686848,10.151091,19.88326,18.954851,8.386657,13.526431,13.18119,17.758411,13.804958,21.396912,21.505934,26.161703,27.785307,20.579151,27.217405,28.95738,17.198975,21.80425,35.39731,38.31845,64.36532,84.26213,98.05843,38.088722,18.079813,39.612648,32.72899,16.852053,13.449999,11.132557,14.901106,41.30923,48.747353,25.986603,69.21909,110.95405,52.72266,30.819809,29.551348,18.43001,12.789055,8.790297,9.885088,17.607807,21.324348,36.948772,43.083244,37.89739,61.48656,68.86711,56.752037,23.678692,12.495355,23.14584,35.063686,17.191393,8.822278,10.786193,41.91053,75.63231,56.46613,63.517193,99.23255,94.29161,39.66159,34.991116,56.316734,39.778057,18.349459,11.793399,9.819261,20.858395,20.05258,24.60034,18.216322,8.512656,15.344058,14.587121,8.260314,11.14958,10.755648,28.696218,36.67251,17.835747,17.268295,26.043962,44.788734,39.325397,42.785965,63.332012,52.26646,37.039417,61.41888,46.03625,34.195087,15.691419,10.650901,18.199905,16.152079,25.280993,38.818035,28.85173,32.404522,37.284096,30.822374,24.333626,15.168591,22.07573,10.810859,3.6430552,7.3638563,15.727902,17.690815,28.981844,43.447453,44.055836,36.082153,36.583523,32.289577,20.770716,33.85446,32.251553,27.118303,26.801273,10.237579,12.5261,24.999609,42.65218,24.047836,15.773847,19.023361,30.622667,43.896873,25.412146,7.3175526,13.439539,19.658678,16.700651,7.916603,9.596491,17.134188,10.454399,8.395206,10.383227,9.633887,3.7720513,4.813701,11.940063,13.442121,14.368327,15.001885,16.231295,16.318697,8.551669,21.738089,29.866663,24.467684,21.502201,8.679779,15.00963,22.543217,32.393307,21.73135,16.79968,14.086892,15.647481,18.66483,18.169603,18.96446,10.919683,5.6443467,7.2418437,13.475581,19.114672,24.015528,9.456446,5.06298,14.057907,11.380892,9.454544,10.79618,4.859415,6.0385375,8.299575,12.876254,17.197617,13.61583
2,5.807095,7.488457,6.544199,11.484471,14.81453,10.61574,13.646601,18.505938,15.944888,9.704352,10.055772,9.349036,12.169559,22.971931,20.0443,9.561263,12.423508,17.095982,14.4394865,12.079067,10.105371,5.7999973,11.002156,14.107998,15.093844,23.388025,39.3226,35.753563,37.185112,26.269915,28.46506,16.71032,13.242335,9.010443,15.471051,13.860212,5.782719,8.638918,12.941081,19.798107,19.542084,25.81303,30.449392,23.220234,20.755283,19.211567,13.929948,16.909775,15.097618,10.874929,13.984616,9.646529,13.199662,20.643856,21.716331,17.794085,26.467949,30.601307,20.845432,19.235516,25.208014,23.330849,16.3784,22.170713,17.436445,14.446708,21.182573,30.277502,30.660477,31.524298,39.78066,34.67189,28.779312,18.296797,24.580675,24.68268,16.429525,16.786364,23.098116,18.541992,13.506026,13.034426,9.463143,8.082411,17.317019,21.99444,12.261664,19.1995,22.975225,11.579012,11.54729,15.550837,24.691631,23.874533,25.184565,14.559825,10.685983,22.633577,20.956228,23.756893,23.988255,29.558683,22.613897,15.512051,20.756554,21.710201,12.04333,8.975992,7.152195,8.910778,13.862625,15.629312,9.343425,10.77812,19.228447,22.872696,21.455608,13.750027,15.173023,12.291366,9.066179,8.547914,10.215861,13.829184,17.852966,16.419407,13.627024,21.539095,24.029541,28.005167,18.4497,16.519684,17.049044,18.211943,10.858644,10.9739275,7.960353,7.3122153,7.935541,9.831396,11.281531,11.253446,16.623722,13.875992,7.793226,10.193085,12.159051,12.992534,9.747099,3.8605607,4.5081944,6.750018,6.9993935,6.4901786,9.644747,13.613736,9.417353,2.8412657,5.6548195,12.710084,12.525443,6.266774,4.778485,8.248261,6.7095737,5.405208,4.187148,6.7383394,10.461788,14.406338,12.512269,12.665604,9.170961,6.9070787,5.402154,5.0281982,11.935893,14.146943,7.9235187,7.772733,10.6554985,8.201383,7.4748306,10.319965,11.078406,8.39066,8.801634,10.27211,8.445802,9.988457,12.84103,9.778198,4.576224
2,0.11498138,0.5561399,1.4639975,4.895413,16.353806,14.067131,28.691877,27.681458,11.905891,12.707802,7.9226756,10.614621,7.1385827,11.08625,7.4128633,12.466255,7.555341,6.4781184,5.025977,7.9062176,9.914081,41.91619,46.254776,37.533356,49.214157,57.15556,92.924675,47.53495,59.027607,43.573933,84.06108,60.807648,83.21058,69.01209,23.723684,22.263315,15.978062,19.421715,11.987483,16.515163,25.667706,49.074093,24.952183,16.787468,13.465236,28.06653,22.199522,25.569101,24.766106,39.16463,45.63983,28.673338,38.1013,38.439217,65.11572,50.12623,94.05453,56.25311,48.785637,35.27423,27.95387,24.5592,13.016473,14.355329,44.55352,59.65601,45.63688,69.103424,36.644573,49.12716,27.797455,28.773787,18.960768,2.3405926,4.323258,20.510698,21.544312,51.207336,63.53845,18.043615,2.53977,23.837303,46.101807,28.140923,43.058167,26.198824,2.5099237,9.801622,43.20058,40.83569,37.913303,42.858093,11.021831,2.6867912,15.017087,26.772745,42.010433,91.22055,51.3753,10.549791,7.332928,1.5349258,3.8243954,20.82892,22.282038,5.8222346,4.0965605,13.24616,21.690397,23.561808,45.052536,25.89487,30.803526,23.171095,40.72751,32.945755,18.109266,17.789156,28.318472,34.5058,23.640108,33.019688,36.79211,65.804565,35.465958,41.42932,25.300404,16.928907,14.206986,27.952234,25.705797,5.607176,4.625529,25.54083,35.87793,13.461268,10.427554,6.759247,11.236818,6.809769,8.280543,5.990676,6.759147,5.903687,7.811559,9.032997,33.516304,43.53863,13.4111185,4.5219083,14.262839,28.79864,22.367077,44.550354,28.490137,5.897779,4.5957527,5.379268,5.254396,3.2309716,3.7215827,1.03098,0.4251246,17.278194,32.323765,15.5696335,8.653577,6.0945144,10.205974,7.521015,3.6085994,3.4667234,7.9419284,9.073539,22.60573,31.18018,12.298434,11.987352,18.269354,38.11249,22.573326,25.971619,17.715979,7.171397,6.5159674,13.994059,14.507237,4.761883,4.6337476,8.216131,12.866942,5.178135,2.3593984
2,3.8274443,5.975465,10.498504,14.30246,14.80451,10.162298,7.0079393,11.084835,14.929685,43.986626,39.07218,20.388649,30.429142,36.534725,26.17306,15.926732,19.438152,42.519802,59.346073,45.105175,66.72896,95.56961,46.186787,12.545301,8.915141,25.449585,42.397835,42.60429,35.273796,20.143938,22.05265,16.027584,19.56691,50.869167,48.96069,27.86708,23.651566,28.787426,41.88459,49.34961,38.36133,31.066875,54.76591,53.149014,38.31686,41.4415,25.156143,30.922657,32.62036,39.511993,17.97914,16.54152,20.800928,12.287743,29.799902,58.36374,33.7708,35.706562,35.12479,21.848696,17.809036,21.004995,21.870548,17.193905,16.388338,29.288086,24.92409,13.701927,14.80149,11.332962,16.858778,18.090334,4.9800444,15.828511,22.073559,38.481133,51.809597,20.10965,15.712751,6.1978135,15.549089,29.71686,20.202133,7.582875,5.049758,10.904853,8.887001,16.154001,13.530544,10.0502,21.863106,17.05025,6.565865,12.553858,27.575554,25.566608,15.697056,13.890781,25.214771,28.643055,12.716836,25.583385,30.026022,9.950681,10.040248,15.206674,7.7568903,3.963948,6.2961483,5.919012,13.478446,24.173891,21.236305,13.007943,12.730232,14.540478,11.0692835,6.591414,11.695652,17.083904,16.745169,13.851704,14.2810335,15.148262,13.197987,9.1371765,10.73797,14.058669,13.992313,13.8997345,9.910524,20.419586,29.533598,19.072739,17.683342,20.92207,19.361717,12.0986185,11.379964,11.620426,10.302871,6.1961904,10.506569,16.672754,11.442194,5.598932,9.217261,20.809649,17.784922,18.221498,17.073545,6.631332,8.013972,10.908008,10.701838,14.666362,27.386967,30.204554,14.508,5.0731397,9.804967,14.642119,9.201175,10.188576,5.5489254,7.342766,12.238425,15.10943,10.04287,11.848962,7.674116,1.9547404,4.0507617,6.5851765,17.051092,22.196215,23.367638,20.647879,13.880247,8.598611,11.057963,11.957709,8.210326,6.7576227,11.454809,14.184321,5.2500215,3.2751145,5.2563477,11.10481,18.812523,11.689301,11.017226
2,7.347888,13.552991,11.759062,5.5312157,2.777338,3.1693385,15.212855,17.818302,5.7820673,8.255651,15.501685,23.296732,29.912703,14.269358,10.072659,10.388787,5.6508904,10.4039135,11.627351,9.833846,3.0568268,6.523567,17.608637,26.143726,35.984383,48.54876,29.784035,36.884483,58.704906,49.17826,38.41833,27.74215,22.516277,39.723976,36.37607,37.89343,40.336174,24.98399,13.666827,46.276295,64.39944,39.61757,19.29454,23.001293,29.75127,13.229346,13.699772,11.2831745,11.403064,20.771929,25.44321,23.744287,21.72058,24.961536,29.772448,26.624186,31.141212,45.01442,23.028322,42.755745,48.209785,20.417164,25.053432,43.958633,44.340412,10.5806465,6.977788,5.2018266,40.271317,65.723015,33.925404,28.459063,26.015236,15.013667,24.535313,20.802351,14.208147,7.6380463,16.208597,9.903321,11.582768,21.119772,30.805264,17.977177,6.3781676,6.8556085,5.557578,20.121922,20.539179,15.010034,6.0794086,9.967277,18.913528,28.882944,39.012695,21.599606,20.504412,25.148361,22.222431,52.279945,40.41337,7.108689,2.836029,4.1210465,15.359122,17.649723,7.474848,14.089677,19.145378,18.333319,6.679438,15.0755005,34.944866,36.052757,9.539259,8.491059,19.011745,21.778276,18.093842,9.281236,12.90761,18.054708,21.02911,12.438481,13.539722,13.33292,15.2398815,29.086111,30.099148,23.064886,4.4851007,6.5516253,25.250149,24.126709,12.851343,5.0382843,3.2026575,3.3928335,9.7143955,19.947575,20.215706,24.086124,25.464052,14.544433,11.585451,14.020603,15.597831,12.590544,5.9010606,5.884756,10.339428,14.642387,10.747897,16.48991,18.921865,18.365158,37.998775,26.968267,11.250517,18.022167,12.913038,7.854575,3.5395126,1.2649084,2.0718222,7.8673425,9.732211,12.622685,23.184982,15.497488,5.2347703,5.960061,14.484499,13.529576,9.958593,4.6606026,9.567444,14.507046,12.526099,3.394449,5.981458,23.90261,21.102768,3.509739,3.6896648,11.050838,12.101233,14.249691,20.92805,10.881105,8.57279,15.349907,22.390627
2,1.7179071,7.473084,9.61506,4.34637,8.083186,15.6915045,30.492205,37.64763,20.978388,15.356742,9.373595,9.564586,12.065787,20.775763,21.723219,28.019056,14.529315,9.522387,35.4614,29.945133,10.691633,6.845538,9.765595,30.736347,30.294233,33.142853,17.89302,15.559693,57.96838,54.660103,51.60277,46.83895,52.45742,44.77766,42.515617,49.449036,30.374449,19.195988,11.644365,47.453777,103.59871,57.548397,8.984328,25.798906,22.74267,3.6243408,2.1649554,9.281001,37.212322,34.3449,19.469929,32.92333,44.13839,20.713924,33.526234,71.850655,46.26995,31.71719,42.58906,37.796013,7.15082,20.910055,35.40807,84.61609,79.5811,39.230587,43.435314,55.36651,38.900677,36.257915,42.963684,25.576612,13.218204,60.204235,57.46233,19.322186,20.972187,28.069038,21.261467,18.086618,4.3575845,25.781614,39.115685,18.940048,28.57075,65.6069,40.80566,6.7822275,11.910608,15.079267,25.546505,45.746143,67.23133,43.250027,37.450462,34.18768,26.336515,29.08823,79.08137,79.22407,23.85032,12.65852,9.080675,19.810234,22.877691,30.009134,22.339174,17.955797,11.01614,9.436182,9.556458,9.096099,11.005769,4.453391,7.6606903,21.070559,16.976791,15.624201,7.6005487,8.431597,19.955843,17.3637,18.857485,19.229126,19.682673,18.289206,14.159984,12.204631,14.214706,23.15572,52.798714,36.945946,13.398026,42.2533,46.224632,18.89027,21.086771,31.599997,21.134798,20.471079,30.19726,24.865433,23.390263,10.298886,1.6974219,2.9829526,9.601944,17.32168,33.47421,37.45593,19.876205,12.873975,3.3293672,15.354942,17.984043,12.998562,14.361562,20.740313,16.966492,18.760468,29.459078,35.4804,52.416813,27.334457,14.663946,3.8463485,7.6793985,14.4831085,15.762273,17.306131,11.980465,10.843371,12.940185,10.288679,10.790387,15.071827,11.446186,1.4692515,0.9431376,2.7184045,8.506181,12.374993,20.29921,9.9096575,1.7121845,4.8607016,6.9303503,11.527855,9.567382,9.897805,9.765338,13.487178,22.601887
2,1.7357732,5.3888,9.5406885,19.325249,21.465435,20.024723,30.723192,21.813261,19.699615,33.04169,27.017635,32.126987,28.248537,13.005391,12.96464,23.97146,21.181978,21.48497,19.599648,14.703061,12.425106,17.44361,37.57008,70.83153,44.208782,19.6894,26.941757,37.95099,36.842083,54.253056,39.472237,50.577316,48.79241,35.639343,57.171696,61.134064,47.625027,38.259193,42.86778,44.00793,40.417217,27.82688,23.43565,20.654627,15.502584,7.5469966,18.051035,27.159172,40.894737,47.126213,34.33709,41.963238,46.30397,35.712437,28.056772,48.00692,37.30183,22.832804,19.866205,38.539413,34.362476,48.818066,51.678925,69.25731,50.843086,34.77826,34.370296,40.65133,18.105848,26.238049,29.301134,25.26231,25.015255,15.324838,8.643901,19.19893,19.844059,34.132175,65.17938,68.16044,37.755745,31.14607,40.72022,33.28937,35.86622,40.233444,52.309814,37.403168,35.16889,46.623108,60.753178,66.95281,27.74032,29.500505,41.24776,24.126118,14.151883,12.549452,9.110617,24.901196,32.11919,29.108091,22.493196,10.588414,6.242105,5.3525224,13.310797,18.539179,8.471675,18.60525,29.560175,36.413296,55.547638,51.419598,39.7369,18.375929,27.44815,15.838693,22.868511,21.25201,17.468454,8.46748,11.496106,11.482781,28.666086,31.162092,18.07514,15.431617,15.899843,21.940811,15.375343,17.847525,22.14991,24.781378,22.540136,10.185813,15.385304,16.607565,14.017828,21.598074,16.223032,8.723971,17.575296,32.04952,27.515066,31.948986,24.715244,18.600307,22.451513,18.475283,17.787832,12.7202835,13.488355,12.722399,13.477968,12.01102,18.760641,22.070684,7.837336,5.956131,29.011873,32.349537,27.964561,20.785885,19.808104,16.85187,9.967251,14.712555,23.205378,37.088818,19.088245,5.524147,6.9758906,19.528152,19.431765,6.978359,13.914218,23.67333,19.618828,21.006384,21.8706,22.547981,23.99567,15.572796,8.321973,10.115385,9.445042,10.037935,10.960552,9.873984,11.469137,20.63226,27.683693
2,0.1181105,0.26613107,0.7851585,4.0926037,18.800037,17.949104,3.6322212,2.0095346,4.6470623,8.290207,5.9882336,12.242297,11.304181,33.07273,28.876894,16.421175,18.734312,6.97863,7.9121056,3.2033992,0.73105603,5.777807,19.887117,15.749018,3.591144,3.4785228,14.479467,21.411854,9.963805,13.514353,30.56003,90.51048,65.23827,21.00666,20.767248,55.913834,74.99961,23.739328,2.250622,8.89197,23.740269,15.614107,5.834484,6.37067,28.43662,34.77812,14.163446,17.7308,11.415205,20.643526,13.1825695,17.316927,14.624601,24.540644,27.30786,6.579394,1.1547852,2.4969037,5.280356,3.8193088,8.200704,11.253873,49.328873,50.18746,27.166687,34.762856,57.993965,110.10318,53.22681,6.800093,5.68405,14.517329,13.428108,4.3522906,4.7116613,9.801667,16.957748,9.592227,15.151371,10.685155,20.47262,17.278913,8.029958,8.849533,4.9395666,6.93409,6.607712,13.511982,7.6958303,6.188862,4.7627597,2.3803747,2.444832,1.8135096,2.4773223,5.2367043,10.637411,38.48553,111.132935,77.505226,7.0946937,3.9121015,23.849081,31.10168,10.072185,6.684347,3.5888412,5.2297044,4.281771,10.517093,10.825774,40.59855,48.126423,15.477588,14.168655,5.7927704,2.3218505,5.4404693,18.287815,14.596756,12.204551,13.091841,6.128421,7.883087,4.229982,6.461732,4.9291334,11.102843,9.326745,23.995747,23.652224,9.717637,11.46556,23.852283,44.095997,20.562265,1.9444402,2.0377839,6.610719,5.9661274,4.5457335,5.4477124,10.598213,17.674507,7.8129945,6.364562,5.226015,12.942341,10.58063,2.9666593,2.9991186,12.021386,18.373623,8.073424,9.388267,5.576139,7.487629,5.575727,1.9734414,2.4206004,16.522875,22.957401,11.31623,16.148287,19.258144,49.49391,33.420906,2.5289948,0.6241636,0.3354888,0.35011294,2.16677,3.7761686,7.8548126,19.051283,12.279482,14.005283,11.945752,13.993402,16.009985,5.1210637,4.9254446,4.6129827,9.411679,5.7773156,8.444659,7.0221076,14.432891,15.091785,3.2764432,0.46971935,4.1390424,8.2626505
2,0.10431637,4.0504293,7.644653,6.461474,9.617116,4.971121,4.271662,8.331779,12.936843,14.528754,20.279396,7.385767,1.3125609,1.2618399,2.1656702,12.253229,15.494968,9.356772,9.821161,7.359627,9.062179,27.03831,29.43064,28.199835,27.765263,5.8500137,2.7905157,10.125326,9.353567,6.3090544,17.389748,59.672443,49.848167,39.10281,30.087185,11.463627,11.12284,22.017296,16.152851,14.525734,11.272562,15.259159,9.396224,1.3086321,5.58846,12.1623335,8.381011,10.37445,18.243608,33.735775,20.43884,22.692616,16.321022,21.948917,18.07156,24.976982,25.89855,36.840508,13.828533,1.9673998,4.3289037,5.8909354,3.078065,8.448518,61.353577,75.37885,29.410294,23.906338,12.103142,11.895433,17.828493,18.39999,8.275811,7.7178025,12.702251,13.067538,22.870699,21.23743,26.457623,22.108671,7.522547,5.843514,6.611315,15.204288,42.986553,30.495043,3.5215394,28.54922,73.73666,46.79702,6.5715156,8.766449,18.058275,11.052054,9.392946,13.77393,25.780914,16.207886,18.253044,8.669714,2.3698301,3.0740085,4.894845,14.141944,22.087944,11.433341,11.224995,7.331071,8.807801,15.846348,20.860239,11.791513,12.832679,25.077873,29.679556,19.087975,19.753557,5.682666,7.433227,34.514008,35.0138,11.944227,9.535082,9.400885,9.216094,15.213839,14.381404,21.307951,17.953562,15.82187,12.644189,11.452613,9.558337,13.493829,10.707802,14.074101,9.750057,8.229585,7.9990997,14.646554,12.966992,21.682323,11.88729,1.6552812,2.4636862,4.506631,2.3252187,1.494753,2.4956925,4.1357007,7.6748405,12.185144,14.224602,20.592995,8.07312,3.5074944,5.546174,7.409374,3.370964,3.0497117,1.5581828,2.1352386,10.099987,11.713959,3.0223074,1.7417626,9.113766,9.578133,5.849027,6.7967887,18.36094,18.092096,24.996569,22.00745,4.4417477,3.0846226,6.914431,5.8867655,6.7110524,7.413471,16.167866,13.4176235,19.70137,13.6727915,9.606952,6.06344,0.37803578,2.1079032,4.776658,3.1883361,3.5774534,13.043575,25.844889
2,10.1701565,11.834575,11.026446,7.317154,6.6076794,4.8229575,7.5864396,12.652503,9.708105,9.026352,44.85113,49.092476,12.958321,7.9487925,7.0473027,8.128185,11.390618,14.680331,6.419458,9.076236,29.880232,47.220222,31.107101,12.80829,23.853628,28.206837,12.176551,16.287857,27.737417,28.3241,26.159277,55.090828,65.05027,26.607876,10.825475,20.089342,16.11361,18.384941,14.615272,18.1328,21.599928,14.719021,31.108608,23.85194,10.93234,13.937007,11.387638,16.686522,20.92477,28.023327,25.1051,27.628891,16.366049,9.955838,13.847612,10.346671,20.181284,18.054893,23.969793,42.053574,40.78551,34.316235,26.488089,22.281973,22.146538,22.812084,22.025057,34.414276,30.714027,36.418533,35.173145,12.694093,6.13317,9.355061,10.185066,15.029029,12.900858,23.979013,22.749956,13.709956,16.09874,27.09306,24.648455,16.855679,18.185373,26.8807,20.865416,13.126223,14.526062,23.75523,36.754585,52.722046,36.08825,17.085423,19.333393,11.462215,6.64826,18.438536,26.04758,17.862747,16.178488,28.47436,30.112225,15.10119,4.571138,14.497521,18.456614,9.057357,10.026722,9.886654,8.076703,9.587,11.43389,16.81785,19.881248,24.330053,16.86193,7.5930777,11.532293,19.204916,12.069629,11.81537,12.6693,18.393305,16.387827,19.249672,16.621698,14.573002,15.311239,13.8185625,11.695917,8.400484,9.895535,12.547881,15.757415,17.90335,14.48457,6.8480954,6.4783163,4.802385,8.355493,14.670935,11.708671,13.129799,9.563204,12.309512,21.191504,14.392378,9.182402,9.412041,10.58286,13.423442,9.393965,5.209129,3.7448716,5.390472,10.73386,13.593786,14.31506,8.848371,6.3238716,10.881209,9.239126,8.895785,11.04979,14.339666,11.492011,8.708236,5.735054,7.26417,6.554993,4.009394,4.529313,8.168377,7.5522966,11.458735,12.366043,8.61993,7.70998,7.429734,9.548002,7.755848,12.190432,10.409338,4.655302,5.2172985,3.05053,11.564685,17.428463,11.990057,5.056299,4.752343,3.4876597
2,3.1028562,7.4920073,8.626673,8.202748,3.6357183,11.012913,16.95626,6.8146505,14.775135,20.770111,16.457817,12.22487,13.248298,22.97315,17.521456,19.703575,30.308502,15.086735,3.301554,7.0037847,15.534114,20.724705,25.352592,16.202179,12.0426,10.517219,11.94834,22.181074,25.255512,8.525854,22.682352,36.675022,57.111355,65.92889,57.176853,21.686157,24.733192,20.144615,8.774799,8.576129,28.156288,37.506287,12.656593,23.333895,27.952211,7.5824046,4.62496,10.28853,18.71563,21.133217,18.55607,9.092132,6.2936068,14.105997,20.681719,8.163149,3.4897995,7.152463,16.53495,28.12012,37.324825,47.607018,26.831562,21.575693,43.36917,29.311583,40.35743,62.857487,31.848242,14.875768,9.535867,7.538365,29.995747,40.48806,17.790638,16.423395,25.84081,44.21937,26.480516,10.062245,11.546243,30.982206,33.232433,29.190395,19.84196,16.513311,17.403027,24.081467,17.33545,5.133392,10.713167,15.883982,17.210032,5.474534,11.889731,12.870141,6.4536448,3.0399117,4.5082717,13.185537,40.60216,33.88972,8.703847,18.105331,27.595907,33.578175,20.951994,13.152643,7.2387505,4.7331743,14.933728,15.744851,5.913121,19.713064,18.899164,8.085,12.616109,15.806953,18.833164,8.877821,4.661148,6.8333282,16.193096,15.968782,15.4208145,13.42985,8.84277,10.538655,18.447033,11.96116,9.350288,10.789351,8.269045,5.8949265,4.8594794,13.270592,18.608562,21.498034,6.987036,8.349561,10.945306,10.751128,8.183434,10.642122,17.885199,18.106047,14.965941,4.05361,1.7632354,4.2406917,8.832923,19.488167,14.551554,4.9560833,6.9375405,7.2914095,7.345877,5.698147,8.935287,8.984714,3.875267,14.54422,13.709398,3.197276,6.732946,6.416364,7.9912004,19.821165,17.711597,14.1894865,10.665391,6.6501317,6.1663575,13.06052,7.661912,2.99373,6.2770042,19.813898,19.881186,13.421024,15.4001,12.017234,2.0715714,2.916489,2.6545954,2.1818774,1.7214214,9.917215,11.924561,4.053719,9.243107,17.275314,28.590899
2,0.1781624,1.4694988,2.9295437,32.198383,53.93581,25.779797,20.159122,7.8441715,3.038846,6.80023,9.104738,19.099945,22.738163,6.284089,2.3209991,8.523738,9.40397,17.030361,17.486341,27.826618,24.0525,5.5787373,11.728751,35.074627,26.152643,11.090783,8.239494,9.8419,6.9007626,7.1382804,9.416929,17.680866,19.118517,32.308044,101.3493,175.02098,82.50458,52.518307,45.075874,58.825985,21.215311,5.2157993,11.405815,14.258004,14.877167,16.87163,18.207432,19.120571,18.890596,18.162182,5.573829,8.503761,27.976513,25.031834,29.669432,24.4003,26.534306,23.02606,35.630146,24.044003,16.556765,10.1784315,5.782716,16.38788,32.101234,18.430445,16.867702,21.345379,34.0103,93.561165,142.12259,70.42288,66.356705,65.3221,79.72343,24.98808,8.412717,2.4981158,2.9951303,14.436491,15.27838,19.465225,19.008984,22.187527,19.241354,10.88268,17.253157,47.431164,37.12143,34.41535,23.950857,15.821053,12.732442,18.894642,11.186097,6.383369,5.2941165,7.787785,4.4788585,4.4501853,8.817504,13.899995,21.593426,31.358889,54.31369,72.38023,71.40671,85.29742,60.45503,63.62449,23.719772,18.79965,4.7277875,2.9863555,8.143724,9.974205,24.910069,20.964901,10.240884,7.8554893,6.352479,16.110971,41.23002,26.79089,1.9491873,9.292865,20.304394,16.744625,25.283504,22.910158,35.166924,16.160456,3.1660633,5.7304344,8.659429,12.519446,17.217669,16.45255,20.573046,30.941132,37.619045,63.95734,70.30464,31.891678,27.923992,19.514088,17.655352,4.557694,2.9344387,0.9309099,8.115122,25.352058,18.691492,3.202364,6.3311653,15.331972,13.2433815,21.323816,13.05386,10.06186,18.956722,34.715458,17.329216,9.157859,16.989555,26.58143,11.234444,6.165908,6.461159,8.563961,17.659142,22.057707,25.803198,29.075956,16.790894,19.550512,55.80672,54.646896,11.697709,8.574306,26.743153,22.305609,4.428328,2.8051815,3.6854575,5.219074,12.161687,12.105522,22.333975,13.977145,8.961291,10.542668,18.769217
2,12.278429,10.549806,9.801879,14.5750475,14.969397,15.990746,15.923575,18.637497,15.079128,17.108625,17.224224,27.682142,25.25823,22.668589,15.450874,9.811974,10.682381,9.29641,8.316766,12.886154,18.977146,19.566988,15.853847,13.823212,20.75376,21.566158,10.7774935,10.950583,18.267406,17.757242,12.132549,9.937867,23.432499,25.219553,16.927927,18.293453,23.669195,29.228584,19.187662,16.823917,14.508925,14.862077,13.194817,9.1371,11.794536,16.48198,17.579227,11.918673,10.561357,14.518981,14.286735,11.58166,13.531122,12.524671,14.381768,18.326107,17.969082,38.05786,44.029667,32.687843,17.6033,12.081847,18.945992,15.952783,10.919387,17.437057,22.770807,28.66847,31.128897,38.74401,24.33544,18.235195,11.391002,14.5541315,14.223774,8.130257,8.607999,17.31128,22.374355,12.059783,10.973054,20.181406,28.650673,24.00589,10.690718,17.353601,27.426908,19.220842,14.159744,12.100511,24.811895,21.549454,12.822381,17.787025,19.27105,17.82237,22.1424,16.651226,10.705204,15.380263,14.010381,12.099757,19.940805,24.540104,25.722252,20.011766,13.152581,12.722448,12.323683,9.552769,8.047287,11.781173,12.460544,12.043859,18.222576,23.43158,15.890838,15.419513,11.823995,11.877481,13.592342,9.080266,9.465277,12.517529,8.986401,9.606156,14.538579,19.1992,20.650219,14.785485,13.054568,13.407825,7.261534,10.932821,8.198255,6.393671,8.377076,8.343006,8.246069,12.670017,9.895817,10.261607,13.141896,10.438578,7.9269423,9.702297,8.660767,6.66106,4.649261,7.2545896,8.66296,10.204669,9.346351,11.168183,9.080889,9.91413,9.567935,8.502817,6.262456,5.740329,4.9787908,9.206037,8.523284,7.267862,8.185443,6.114457,3.3525732,5.4157414,6.3015685,5.109241,7.064024,5.905514,5.122619,6.7137375,9.272121,8.826188,9.125616,8.848712,8.762943,11.01238,7.264665,5.964489,7.754105,7.824372,6.4088926,7.8274045,11.312232,7.851476,8.807511,10.108866,6.771594,8.709895,14.7199
2,7.1552567,16.450935,15.630978,4.7489576,5.4512067,4.326002,4.05089,8.215095,6.7221212,11.668872,22.74192,28.391207,37.042755,49.176926,45.07786,32.029434,5.845546,4.7448897,29.747833,35.24538,10.293403,10.1554,11.051625,13.842036,39.457855,46.509377,50.41457,28.082312,28.162872,29.949064,21.183481,81.04256,93.18493,79.93839,46.501915,49.120705,67.153,54.70866,37.823986,21.428013,27.44225,16.518064,11.216536,20.296167,10.608407,34.02587,55.21337,33.26736,26.501076,25.06403,9.058711,23.104328,26.74844,16.255178,11.914363,29.590569,48.556686,36.74773,32.115917,37.69194,64.53791,41.731792,9.039209,16.415876,50.118942,63.03224,75.166504,89.08542,68.04211,15.191914,16.051449,51.945232,62.512302,27.33447,12.24864,1.0769513,5.488038,20.509943,25.518421,30.215538,32.108757,36.350494,37.639065,19.214508,17.523418,16.520191,11.723179,12.16587,12.175602,14.224465,25.748922,31.078085,32.93373,11.637834,33.804058,43.768322,48.53609,59.606243,59.121727,52.62519,44.615387,31.608892,17.067879,27.402763,17.688967,5.858424,6.8360305,8.444292,17.869696,28.318407,17.54822,19.94577,27.83371,37.67329,26.395613,15.361056,20.763653,14.592541,10.298828,7.956553,3.5694025,1.0287256,3.280726,8.969656,6.31852,7.9764276,21.290352,63.69146,65.91397,28.631142,33.532578,32.327995,28.892199,28.773592,20.192852,8.519531,8.230555,4.7710214,10.732326,21.373041,21.842098,19.244888,14.370967,17.61906,16.67992,18.564638,29.12633,18.645494,6.1899037,3.3794758,5.2514625,8.116155,12.782386,22.580574,18.86235,11.430913,8.988964,10.332757,22.304144,42.490707,30.48666,19.922415,5.5515933,3.1275396,25.100393,36.400734,12.814172,2.8063405,5.0068903,9.403541,8.751693,7.9543395,9.880719,27.782736,23.329317,4.074439,5.163362,13.165766,17.829311,18.893,10.761301,2.6663697,5.9438868,17.9348,16.910233,11.035725,11.29529,21.9722,27.097256,11.079461,8.787766,16.764622,29.313362
2,4.526295,11.798011,12.01957,3.9762816,16.718637,16.11443,6.6494274,11.730529,10.642586,3.2896602,7.2032475,27.248917,46.220104,21.631016,10.058022,12.805753,16.391764,16.72626,18.113487,21.914116,25.180431,29.396963,11.723168,4.5900702,6.748275,10.506098,7.968937,1.8428506,1.605258,16.172134,24.133627,22.018776,45.007122,59.239986,22.447704,17.674454,22.436275,19.663147,14.799346,10.731524,5.673529,8.282366,10.17396,8.7801895,17.024904,21.178862,19.326225,25.448393,29.745426,29.91523,22.434216,16.777077,5.6939483,20.608088,25.548002,25.249935,20.777727,17.979452,12.806908,8.40897,7.463225,10.719164,12.999548,12.43274,11.102944,44.552254,48.62583,41.320312,20.792734,11.645399,17.633007,8.338259,1.8195969,2.9321983,8.601444,9.114693,8.916694,7.280952,17.428362,28.682642,26.500362,23.833183,21.34457,13.194088,8.376728,2.4509208,5.872278,16.8858,25.87098,26.665592,19.318907,4.625107,10.609451,10.124936,9.562946,9.261873,8.694172,10.94694,20.83712,31.04461,36.979572,11.974355,7.4540424,11.518839,17.886492,12.333276,6.5467134,9.2631,10.439429,10.869997,6.170965,14.662708,17.751598,12.79514,13.808746,15.152446,15.370683,9.325916,5.1236506,7.283003,10.125591,15.377628,25.21913,13.525436,6.485182,13.308144,10.32947,10.914913,15.232023,7.742191,15.318506,29.798473,26.066519,20.779137,4.923127,12.615733,15.7084255,18.959297,9.4387245,13.912343,23.434055,10.549695,6.180693,9.789546,8.366773,9.694354,13.467181,20.947323,19.196646,15.352773,10.110754,9.255853,10.1279545,5.040805,4.570866,5.7469916,4.417559,5.2811,7.4800878,12.154045,9.753325,6.911967,8.203661,8.976668,9.868876,8.0374975,5.4978895,3.3133047,4.479869,9.792001,12.252459,8.766014,11.613494,12.87027,4.969239,6.121649,6.8394833,2.8003857,14.160531,17.349024,14.3365,12.453357,10.903937,4.9871035,12.393221,13.444878,6.1477776,4.0139747,4.695168,7.627389,6.8532023,7.569922,9.916122
2,0.24960962,0.721374,7.3001375,10.15913,3.5902526,6.7793584,6.6387563,2.121092,4.83884,3.3554509,2.0139382,3.831943,2.1257296,10.354565,13.921875,13.492619,58.158264,54.911472,21.765326,52.968723,35.31956,6.6065965,11.296626,5.4790645,16.142262,20.70718,6.13833,1.6351669,1.4633181,8.025912,21.023027,13.530269,34.87211,61.48318,27.882343,58.67342,72.37567,20.871336,18.35204,16.007143,16.576628,40.918102,25.176497,13.854406,23.381659,9.859998,8.826566,10.521816,12.840318,47.15569,39.710194,18.429033,41.7244,24.661222,13.184285,21.383179,8.617,6.292139,7.2373185,11.081382,38.897682,31.528708,11.201602,23.944775,13.637499,21.596216,33.773525,24.800636,126.273674,138.89978,33.509483,23.774418,18.372486,2.5398567,2.80033,2.4890466,27.456524,41.181995,14.983697,2.0182676,1.9285432,0.67564255,1.6525995,1.2793628,37.93662,79.206314,41.375088,17.36419,25.04029,9.336647,18.6977,19.082193,14.031909,41.105637,29.637167,9.1694565,17.578682,8.863923,14.365129,19.912678,7.301471,15.07627,14.85736,17.129375,48.91388,33.91479,10.963286,20.223799,10.5644655,38.68423,51.587772,16.124537,3.3851864,2.9261713,4.404487,11.98757,8.001331,26.353725,48.44376,22.243074,14.540767,18.63171,6.4407215,13.7842245,12.529825,7.3725963,18.45144,11.847193,19.169775,33.771587,14.901182,15.209367,18.780182,8.461787,26.818378,23.449888,14.601316,35.23601,21.690619,1.2465144,1.0901031,0.8372754,4.894314,5.884411,10.507727,39.133232,32.960262,6.5559726,11.204832,6.607877,4.5028167,7.343053,6.7602305,39.399685,45.02902,11.260959,1.4436927,0.64443666,0.75779593,1.6890725,1.0849462,8.802206,13.741418,5.250985,2.0741017,2.2750702,3.845093,12.820218,10.004376,11.930001,25.939934,14.157317,13.621996,20.417154,8.057083,16.866203,17.862644,9.960828,29.098593,21.828203,5.6587777,10.876079,5.67934,5.292496,7.6312304,3.0426373,7.597952,7.7867117,9.10609,27.310053,19.69286,11.222831,22.074415
2,11.474587,16.52037,14.668808,19.689753,26.498117,26.168167,16.24446,13.137643,13.247828,9.144356,25.25923,26.762875,43.44523,71.69807,29.916243,12.570587,23.067596,21.647612,12.623407,14.600206,24.34584,20.56772,26.740154,19.052355,25.00967,44.897114,65.00531,79.60126,75.97395,40.93888,39.727234,45.251495,37.52615,31.998938,28.605556,48.539387,29.754793,18.657417,33.08664,46.09306,63.334957,84.61084,43.90238,11.593168,5.997717,28.221088,36.108704,19.342098,9.309178,8.189108,6.362076,12.993855,44.396416,54.812454,27.090477,46.03087,32.50504,42.48941,35.497177,44.266502,59.823124,40.488304,37.743835,22.838274,49.309032,74.58211,67.65144,43.08108,70.039024,32.34527,31.634966,24.259607,20.508673,27.500713,26.262175,27.477777,57.487316,45.564808,47.92822,41.387676,16.843348,12.600545,21.313189,10.420451,7.9890842,6.645218,19.727325,27.901814,27.65917,29.518787,19.856089,47.90043,86.499725,79.5006,26.14611,10.875936,17.109583,8.867174,6.9622483,16.9454,22.763771,26.615376,31.880236,32.225883,18.662487,34.15526,40.416534,34.998528,27.912838,29.036968,22.191374,18.58674,13.649663,8.073353,3.921335,1.851595,9.220851,20.914785,20.230135,15.466759,17.005281,17.165146,18.111837,29.46543,13.162208,3.3216002,9.280603,8.467624,10.586046,15.295186,10.098271,19.850002,17.180311,50.46223,47.900757,17.906315,24.413303,17.600378,21.226799,19.702467,12.320743,2.7210953,4.753669,7.4596443,5.8744326,9.81227,24.395521,22.857016,27.23555,31.458477,12.6332855,11.058261,5.7033463,3.6360028,3.0909183,8.06779,10.921308,11.809032,25.646719,34.885338,29.88726,18.702501,9.454495,7.8643713,8.980658,14.95756,17.027506,14.530803,21.252466,22.150417,11.496353,16.890648,13.870851,6.994042,1.4518067,2.636662,9.921809,18.02642,23.262762,22.66093,15.70652,9.620871,5.7498765,6.9132843,13.665755,19.153463,19.38037,10.868265,4.0183277,6.4373593,9.260472,10.752606,7.705477
2,2.7408311,6.01759,8.470375,10.835916,13.20431,8.962571,1.8404666,2.0271916,8.205554,8.529153,17.823656,55.476128,42.751972,11.63608,5.7151484,17.434551,18.404068,8.543674,11.454361,15.732316,26.0437,50.67612,80.355675,83.6559,33.92449,56.3891,53.345547,33.896202,13.0048895,25.301779,36.258095,43.174625,47.65921,64.80559,85.23795,36.654285,42.190926,56.39314,35.53994,20.63804,13.919755,19.030891,11.561388,6.789404,5.4833894,11.4053135,7.390881,10.222922,22.835503,45.833263,41.046192,21.287565,38.18553,37.04021,47.071236,77.46255,54.575523,37.80203,37.33371,72.1614,61.223385,41.85743,37.39113,36.076363,39.010284,45.23367,31.533895,20.916416,9.780563,12.048945,47.468334,53.175095,16.06951,21.444239,19.294542,8.520052,6.891555,8.530857,9.557713,11.793345,42.643456,40.889683,11.978861,30.368013,41.697075,47.038082,25.715511,38.315655,37.82316,8.837907,4.047242,39.9409,57.445137,25.60797,18.97906,26.696945,40.326355,21.760887,7.395288,3.3948371,9.2321205,7.4516234,12.273101,25.963364,34.64295,30.844852,9.663716,5.38161,10.843248,15.472253,17.748596,21.068956,19.341509,8.908459,28.2284,23.951424,11.162685,16.719912,17.934214,16.656387,10.721924,27.740726,30.219631,27.795347,14.04544,31.012108,37.148716,11.351715,8.936589,10.369577,11.0377865,7.069881,13.797725,18.556383,15.883034,9.517606,6.4736986,10.665841,16.417662,16.220621,14.125184,5.3025928,5.827871,11.470865,19.943281,25.806892,21.327452,5.192928,10.44819,12.707278,15.426972,19.331131,10.528133,10.0761175,18.834888,29.778755,25.60366,17.292807,5.775536,7.987168,8.465438,4.2192287,1.8602655,1.3652604,2.903614,6.5782557,17.747978,19.78632,8.231144,4.337638,2.8882277,4.021903,9.348189,6.537059,11.846144,25.900143,15.232712,13.005616,19.736597,8.231268,1.6898202,2.9485404,5.2398205,9.30498,9.792705,6.8957953,9.2878065,8.991061,8.503249,9.957575,8.37911,13.797223,24.55765
2,4.9054832,6.0730214,4.667524,9.502484,7.53572,5.202252,6.69847,20.152203,21.714693,8.100639,4.314033,58.52373,96.14356,39.027527,6.988846,16.306368,26.815592,18.737782,10.8117895,35.477932,32.60166,11.41849,19.151882,42.384663,52.54668,31.365353,27.508041,24.871927,41.31911,33.979713,25.283417,39.72748,30.276447,23.58812,23.104666,11.893712,19.658298,35.62204,38.18647,25.849382,39.802174,43.700146,32.45817,26.309359,19.946611,17.326292,25.897615,40.81243,42.657722,50.045498,51.600132,25.264566,30.89715,48.621964,46.92996,25.581112,31.348413,22.738272,38.286068,50.583797,35.59172,37.90945,38.966736,18.877668,27.339703,49.48191,61.24793,48.362858,45.294003,24.530483,32.123055,33.622707,24.391895,22.192303,18.272812,9.249993,13.949249,30.392385,58.88008,69.92824,34.25458,24.44286,28.039553,19.65973,34.26543,21.039604,2.612779,2.6220145,6.988345,27.860844,57.974785,61.126774,27.395618,15.797116,9.28901,19.703274,33.26083,18.509869,8.759878,5.1749783,2.1482062,9.162531,39.057617,37.918495,11.719292,15.032686,28.11339,34.106174,14.650162,4.5829635,3.2141523,5.3686337,4.1503115,9.466062,26.172176,20.900764,7.53472,32.608852,41.943115,28.617186,9.436937,5.60475,4.672278,4.7078805,8.512508,18.831673,11.546764,4.7584715,16.974012,37.26028,35.31197,27.911709,35.725758,33.078403,19.489075,6.5827937,10.153377,19.899242,14.532135,12.509658,16.07551,26.45334,21.47342,23.097536,33.867603,32.57519,19.023714,9.643482,15.837613,20.430956,19.256905,13.967774,10.603835,11.177491,10.604774,19.791945,28.026014,23.188307,9.919078,2.495915,8.667728,14.233911,17.326143,19.642735,10.569406,8.928004,14.131871,9.718302,16.751198,12.374746,3.0596695,3.8717442,3.556959,4.512484,14.930239,20.297945,14.738055,18.746988,13.557741,11.847346,7.5604944,12.497502,10.000774,12.44397,13.762207,12.584669,14.345034,16.592327,19.656576,20.47873,11.068807,13.2391205,10.56374
2,2.6209295,12.010352,15.658781,4.640631,12.368318,26.583353,15.367119,9.320187,23.577433,21.834755,13.145587,18.592684,25.164421,9.755282,6.1544175,12.396386,16.694206,23.465715,11.174061,7.559395,10.6303215,10.462326,13.203329,16.01665,20.899147,39.12449,28.517212,10.586477,63.330807,75.498566,24.796263,14.194623,16.452326,11.414618,10.355984,6.02491,24.824373,52.87988,29.616135,12.547154,28.95088,26.238539,10.875661,9.33601,11.575658,19.957647,18.951906,5.940556,24.814705,39.362083,25.517416,21.972147,17.95085,33.128033,53.045376,25.333746,13.17794,11.5579,19.555187,33.061737,15.378021,23.57461,79.782196,64.015015,29.239944,42.40862,51.361958,16.059214,15.282611,31.648237,19.377369,12.825455,14.221616,12.784353,9.204061,19.329874,29.409399,48.662716,45.931156,8.890644,5.349727,8.441307,14.37582,14.517793,3.3397071,11.539713,19.7706,11.145044,8.896914,11.891786,41.146908,74.617035,35.019474,8.21603,13.654361,13.021881,15.437664,10.682783,10.14042,13.163802,10.869511,3.8698254,24.153902,33.197025,12.953857,14.694261,30.79376,18.556055,6.9299107,6.4579268,8.488537,16.143433,11.722077,9.272383,4.276058,8.587601,23.179766,17.212027,12.766341,29.840502,32.792248,10.697486,5.76983,3.722178,3.7826617,4.271607,4.5861735,18.314947,36.055916,20.913628,14.864384,23.998339,19.906103,4.5803204,2.522555,2.132499,1.547384,2.5103028,5.3779125,23.730991,34.768963,12.513564,4.5274353,10.620106,10.964338,13.939881,5.8200264,3.4804404,7.5040927,5.8113837,5.089048,7.1961837,9.916208,19.673038,14.773982,7.347176,17.801516,20.91621,5.5840125,5.221431,10.395883,5.3438854,2.5726418,7.650378,9.363721,14.941647,8.124896,6.221097,25.9951,23.49529,6.741575,3.361331,1.4519677,5.877292,6.014389,5.1651587,5.3449106,6.97252,6.907433,7.298954,8.578577,13.916906,21.83175,9.352609,1.8217238,3.5337996,2.6732316,1.5027258,3.545474,6.3036556,16.329144,12.792911,3.1115289
2,8.576045,11.485969,12.589864,17.452019,12.875004,7.8567305,16.516912,13.524836,6.189628,6.5835295,8.63565,10.330005,11.194687,18.131382,27.42701,19.45378,9.769276,10.20884,17.58051,12.475877,15.552846,15.581789,8.390475,11.94305,12.15913,22.937035,38.452477,75.81566,124.82376,69.741806,21.562258,20.345875,11.810645,11.665365,10.269721,26.062,29.666815,37.015236,31.89025,18.8323,33.500744,68.76154,64.07642,31.033087,13.63218,9.420844,8.2220545,15.316146,18.713207,17.77741,21.46503,16.036848,4.610424,7.4957485,54.27938,93.78986,67.62726,46.06634,35.69583,31.501312,13.999813,7.386006,9.0554285,17.433624,18.157076,25.486435,20.490017,12.097527,36.224915,86.20764,62.180614,19.130674,28.340818,33.980595,17.570267,13.496079,12.574081,14.570082,11.7686615,17.071611,10.062122,4.4513454,26.036163,46.788006,30.853912,31.824581,31.084795,26.031836,8.822337,7.7449036,7.002356,14.952013,40.834473,36.528885,16.558853,26.886244,51.566498,64.1891,55.509186,34.619835,36.232964,29.339445,14.798056,12.341379,15.908183,10.913847,16.49417,17.266245,12.125887,7.8243,5.108598,8.251479,10.740614,9.025953,9.771835,12.236853,11.718439,13.18513,9.112017,16.109821,45.821987,38.86547,17.14274,24.52437,47.19723,33.23234,26.017275,26.178572,35.77361,22.867,15.780401,19.653257,16.68829,12.026837,19.710083,18.254972,8.933394,10.102099,10.834909,16.354723,9.9275675,10.41944,14.001833,8.042599,10.858497,16.418833,10.617757,11.371364,28.360916,22.871185,12.293301,18.602123,23.777197,18.355162,24.2897,23.283432,24.063936,16.557497,15.106085,16.938604,17.151363,20.226347,15.993628,12.327661,9.39388,13.377499,12.939699,12.728842,9.626112,13.043136,15.298576,12.447776,6.2307334,4.0382085,5.451951,10.95792,15.050036,13.111851,11.121614,11.2354,10.332754,11.15987,18.447544,18.598194,14.706431,12.594183,14.684912,17.029268,14.196271,18.82052,16.79379,12.475046,13.683408
2,2.4608638,8.283056,9.573275,3.9093976,2.566475,4.484284,14.269474,12.7313,9.94476,12.3103485,12.970009,12.31942,8.696087,7.6318717,11.861841,11.5478525,12.482828,6.1451344,3.4539614,2.2449098,8.469529,10.1261635,5.205832,12.264268,21.161999,45.70511,54.719322,75.7144,81.787964,80.66085,40.78213,46.665012,58.396935,58.164883,45.39225,22.86568,10.147705,5.773323,11.249226,8.327322,9.470414,20.639238,30.545828,42.884476,30.116365,23.63733,13.850051,12.540274,12.99963,12.644792,8.326846,9.016214,31.602804,28.090675,23.327332,86.46801,90.52895,20.229378,22.671595,30.213552,17.374134,20.770044,30.829737,41.907436,44.6737,50.2143,27.271673,6.364384,14.942481,28.3242,41.812634,40.976994,33.486443,7.165966,8.363404,13.174539,25.161867,20.84882,19.322573,12.056304,19.89596,32.591473,29.244913,29.063362,30.261889,17.64633,12.337416,35.166573,39.662693,49.547832,27.300253,17.688942,4.947617,25.610754,30.205856,11.625323,16.75876,28.55807,65.35952,56.21088,20.199457,11.202549,10.261556,17.828142,13.94431,11.76609,4.0529585,12.348878,21.359362,13.646545,10.836181,9.107677,10.1643305,12.429414,17.468956,12.775586,7.0905676,17.176613,19.45823,24.893406,26.507584,26.903599,11.730434,28.051744,39.41917,15.390105,29.059277,52.02788,24.007196,11.541925,26.48239,15.792557,2.4984486,2.1238213,6.110612,9.914094,4.4659505,9.749511,20.656094,11.696831,5.3238945,8.324825,8.8854265,10.898434,12.432173,10.856943,7.4151006,10.667587,11.643879,9.060102,6.667689,9.71848,28.361551,31.733469,39.9453,18.222073,6.763421,10.651045,16.058783,19.244514,13.653269,9.476336,4.2546353,4.0613704,9.637096,18.646732,9.725862,1.9007185,4.043128,5.201319,7.905059,16.710335,14.454626,8.002579,11.972463,12.203221,2.9860387,7.851412,12.64012,24.09974,18.986925,8.90066,15.983698,15.847319,11.139946,18.155756,21.447514,12.271378,7.703826,1.7335857,0.91984695,10.021978,19.997776
2,0.115381874,0.38188487,2.3210862,2.674382,5.78979,15.562789,10.222527,3.2080817,4.650705,7.3822465,27.475056,23.35386,3.4123805,1.2546473,0.58363974,0.8323567,1.0292773,9.478248,24.459467,15.4806185,5.7780223,8.060169,6.5782995,21.587269,17.695086,5.005726,8.240485,3.8791423,4.944772,5.3790336,29.021976,71.623116,43.672047,20.975185,28.381264,9.450652,8.032698,6.347273,14.074155,24.950659,11.986076,23.66489,24.096228,5.239188,4.0887437,3.0480785,17.87481,23.49927,12.481504,33.705265,25.668468,2.8855243,1.2205602,1.6437304,7.5959,7.4554834,6.914169,15.270257,8.63747,5.677363,7.272512,17.811539,54.93682,40.39454,31.098892,50.580635,20.508244,4.866098,4.5162463,4.281022,9.206597,7.983434,47.76956,58.29023,17.0172,17.26592,12.15167,10.258562,16.196772,8.749381,26.543058,24.249004,15.533002,31.10933,16.200983,3.7465672,4.399936,2.4842317,6.1751733,4.3007717,12.248791,18.635408,7.267176,8.835627,7.7859664,26.39483,52.701317,26.35539,1.033447,1.1776896,0.47393838,1.019841,1.9034457,23.041328,33.791767,11.963544,1.7327613,1.3448473,11.760112,22.593334,10.921301,8.617243,9.431462,9.660184,24.200094,15.306764,5.4542174,7.6242514,3.0542443,5.855824,4.808585,12.946571,23.857573,10.995893,1.8475039,1.9849874,10.643853,26.241598,15.980236,2.96021,3.8871384,1.2601808,0.6015811,0.5100822,7.339318,13.022778,5.7911706,3.1439538,3.2041292,3.9324574,9.189691,5.4092565,5.9980087,7.92349,9.39458,29.793211,22.696012,3.241092,3.6243188,1.861834,5.108678,5.0137134,5.927605,13.211491,7.4563313,2.8145998,3.5503237,2.7481694,7.877551,5.792368,3.19774,5.17373,3.4632337,12.700633,12.028074,2.2298377,1.172842,1.7356904,12.332634,15.051561,4.7956557,7.2998533,5.17186,9.539598,15.088908,6.1670623,8.79038,8.025081,5.4178314,10.896343,5.780598,8.265358,9.721349,2.922289,3.9872575,2.7375343,4.464437,6.787115,2.5625858,1.8882482,1.6617349,6.9628654,13.909026
2,9.398803,10.451015,10.523613,6.8200884,5.714381,6.339016,6.7723703,9.003056,8.190439,6.650684,8.7227,11.920664,9.272501,9.460021,10.4042225,19.289627,58.271767,74.41712,41.89574,16.426558,9.388673,4.562799,4.4700994,6.037749,8.238192,11.702564,15.101581,17.23473,14.757304,17.265718,34.354805,54.489735,64.14348,159.02031,132.71089,63.69377,44.617508,32.096226,25.481253,14.121523,13.614126,13.235389,11.729101,8.622122,10.071981,14.525463,19.10264,16.469522,26.396263,40.622395,64.83421,52.690205,35.492603,31.384579,20.680014,14.576314,8.835033,10.509386,10.013801,17.729786,26.498219,24.96377,27.0768,20.67957,48.24776,60.03949,92.39894,117.93228,62.278297,36.973766,59.506737,53.402622,27.524647,18.828928,14.954341,8.628699,18.311306,26.069809,14.675855,14.282085,15.521642,27.836317,33.47568,45.596798,52.049458,33.035454,21.495768,26.365402,29.63589,20.081158,11.60692,14.680501,16.718756,22.682468,19.363592,20.71592,19.207823,27.240864,35.516186,45.36649,82.375946,76.929,26.222607,26.092276,25.66714,40.23113,37.049873,12.90153,6.954836,13.6548815,21.62131,13.480532,9.393946,12.535102,16.241074,20.501936,29.017427,47.00027,37.247826,17.077642,17.351572,23.70533,23.353699,17.424343,12.446772,9.081892,16.928312,18.259556,22.019604,18.73057,17.805159,20.829433,21.747839,43.191357,62.031246,32.016865,18.172098,11.163165,23.920063,28.481937,14.95853,12.048038,10.17491,16.286665,15.078064,10.867182,12.369527,10.999417,10.79709,16.295847,29.780554,31.529146,19.503645,14.021966,11.526877,11.075191,13.452078,12.899604,5.8386874,8.120902,12.238779,16.624283,16.832188,13.183278,9.755981,13.372724,25.821503,36.38687,29.44283,22.11125,16.652925,16.819082,15.912606,13.983678,12.60024,5.98491,10.553614,13.068258,13.072691,12.436758,14.089798,9.671406,14.170737,19.97809,23.287897,21.042286,11.011806,8.060665,10.139293,12.915752,14.539812,10.373367,7.219601
2,3.3977814,3.49279,3.158402,4.1323886,3.8724852,8.305019,9.525907,5.988919,6.899883,6.8068633,11.427586,10.090998,5.752052,11.797479,9.02334,8.9606695,21.371431,14.837648,9.661182,17.170166,17.455948,13.4591255,7.3231406,8.136339,7.0541143,9.662703,11.31434,14.130384,23.611876,51.321907,70.40096,104.16317,126.73771,83.4386,45.60306,45.480423,31.409336,15.983026,8.175164,11.343228,19.42782,34.13958,37.60654,45.177753,47.18399,38.87525,23.525059,25.132187,30.763725,20.780024,8.316584,8.534922,5.214841,7.30731,16.015654,16.733992,27.707853,23.071894,21.213186,19.640913,59.322365,82.86899,33.092915,30.86257,71.12188,73.351265,49.165863,63.197403,49.084568,24.22214,8.110003,13.068773,30.307512,29.502102,34.487312,24.3561,37.002964,55.229427,27.36619,14.846086,27.173468,23.46564,8.32809,15.520049,18.765007,9.766051,9.87482,12.958003,12.777484,8.273665,17.41055,31.322376,32.0949,30.27976,24.172096,26.985426,29.91974,19.350267,39.830647,67.21954,46.05731,24.776873,30.003223,44.858833,41.6234,33.024338,26.5781,23.106699,17.830385,27.019619,25.691622,14.01676,16.569715,10.590972,11.045741,23.5844,20.043879,15.464679,25.530703,27.79831,14.833151,10.208207,13.353765,10.311406,5.655395,20.07782,19.736536,18.586205,16.037,11.97782,24.260881,35.124996,29.030064,32.110825,39.16095,22.910564,11.215294,11.001765,18.61442,20.379961,16.895615,14.454621,17.074097,8.171864,11.90943,16.50913,24.337847,19.425226,12.709375,19.669752,15.270276,6.354744,2.512797,4.264996,4.8842196,7.161567,6.211924,7.719163,8.192222,20.216017,26.793346,17.954473,14.899263,10.837587,24.843319,25.717031,13.683639,11.525054,8.876922,8.660716,12.006542,9.045589,9.781559,6.0481143,10.991428,18.695335,17.864265,16.216066,18.759455,10.342814,16.923128,17.792871,5.4006176,6.0534472,6.1894364,9.9915695,8.8241625,5.2556605,11.895541,10.740369,10.051354,15.734671,12.624415
2,0.32385764,0.8976857,10.892121,15.980632,6.0777597,12.829369,13.9967985,4.4483404,10.7520275,8.777016,4.935722,11.726004,7.088999,1.1831223,2.0440254,3.6430943,31.262718,40.63431,14.082918,32.06998,31.15053,7.6440797,14.612525,10.592869,30.792583,65.73526,35.089405,21.61258,33.66726,26.532858,153.9399,178.04175,47.430504,57.916233,49.821594,28.417128,71.7718,46.16963,15.876825,29.234694,13.680681,2.8575497,3.9766824,4.1142135,20.656668,21.38116,21.859282,71.096016,54.67418,17.012388,36.041016,20.483028,13.806779,22.836182,9.878279,26.127226,32.03684,10.001512,20.296555,18.655386,22.617846,63.59891,43.429047,62.68925,125.29059,62.892517,62.3524,91.27922,32.47912,21.46456,23.378119,9.811387,29.705727,24.233902,11.423971,27.017464,16.357231,43.619457,76.77303,33.605778,3.2529562,4.6432233,17.376724,82.415886,80.0574,15.43197,8.099182,5.730157,25.85469,55.23429,29.45634,8.311212,12.974856,13.363263,82.486946,95.36977,25.471262,29.081781,25.094122,6.2101164,12.886891,8.278552,25.529356,47.880318,22.46327,20.443127,28.204021,9.660833,16.028738,16.520819,12.551227,40.144154,30.87936,54.580933,124.37579,70.685005,12.534063,20.382444,8.987713,24.9588,30.603712,8.5301895,2.9168806,2.7121184,13.709901,38.818172,26.50768,13.190876,26.127666,13.052064,2.8780127,4.2856336,4.9041996,27.682875,30.229856,11.593877,33.624527,27.405209,6.320038,12.602813,7.667805,25.045494,44.054382,20.169771,50.217045,65.30176,20.140545,21.083641,20.38073,10.808923,30.673069,22.246572,11.464856,24.018835,12.811125,2.7717335,4.338612,5.459938,34.57701,40.002617,11.845364,24.426203,21.09941,9.887327,24.7921,15.922868,15.440669,28.927925,13.541013,2.204558,3.0287378,0.99603957,0.24868326,0.6069122,6.3826585,21.145567,16.266872,23.927288,54.4633,30.98535,25.284924,41.758915,17.263517,18.910683,23.190342,6.7640944,9.37485,8.595937,9.295189,26.08374,17.80576,20.107277,40.173542
2,0.3074944,0.9276838,8.083187,10.664708,3.30776,1.9879463,1.7497133,2.9369755,6.934787,4.094055,0.64435804,0.9630377,0.65415394,2.8733032,3.0453436,10.143946,29.10801,20.122423,31.647135,56.926266,25.596912,7.557225,9.035161,7.157042,23.68236,19.0701,2.8688073,3.3902702,2.3662546,16.598864,23.116495,7.8709626,7.571115,7.1889763,24.500362,62.461468,39.302086,95.742195,156.03925,62.626255,4.1800323,3.505767,0.9535461,1.3560983,1.0145053,18.969217,36.371395,17.9043,32.05946,40.582912,15.12409,35.722134,30.435165,16.117725,35.1394,20.412281,56.450565,83.350464,29.735704,2.4428093,1.5875533,0.63248897,1.410864,0.93519384,2.1630287,3.739388,1.660958,2.428553,2.9572709,10.406044,34.781536,26.953684,78.45139,160.05487,81.73738,23.13775,31.013588,10.323641,13.535464,12.194528,6.0545216,13.851493,8.562307,31.419548,49.190453,19.541285,26.799421,28.085197,8.76685,18.33363,12.900957,17.462488,32.109673,15.209526,30.149803,36.7382,10.209399,4.5420775,3.6524537,4.275013,9.239951,5.5009007,25.247702,35.855553,12.643793,14.947167,14.247098,6.3489337,14.996059,10.007695,63.21534,105.080376,43.14324,2.2787783,1.6581154,0.84361434,2.3433743,1.7433679,4.851373,9.4881115,4.645769,1.703259,2.2254813,3.1227193,12.113052,10.513003,2.4501975,4.2699084,3.6029356,36.943634,55.647682,20.72313,21.969315,22.117733,8.1201725,18.762526,12.716552,11.368638,19.97814,9.637721,26.601814,31.233158,9.529518,17.516308,13.8085165,16.092472,33.353237,17.522976,24.27379,33.16783,11.459251,16.987608,15.6036415,9.949062,23.804684,14.641878,15.027701,23.959047,9.895522,16.82379,17.968685,5.338795,10.437254,7.486016,6.5933642,12.351547,6.443114,23.017311,28.60104,9.083287,15.83498,13.212116,4.447562,8.955983,4.9729185,1.3549564,1.9744364,2.9389615,13.548292,13.197631,11.061152,28.888851,18.819958,12.105715,20.402472,8.804567,13.553931,15.302706,7.6212697,21.440454,16.304914,10.080459,19.792757
2,0.07982907,0.18707925,5.4991703,9.628001,4.3397794,16.560469,25.478235,9.571134,4.2269177,5.712655,2.1092086,7.862032,9.437531,2.9220366,8.305548,8.815467,3.1959555,11.240366,10.577651,4.241298,13.9697895,11.745891,16.552216,51.552372,37.988544,5.564202,11.028543,7.1974645,25.80665,59.37195,33.923767,7.4336567,14.752014,7.382783,9.390027,16.43094,7.1422033,1.1807828,1.8057256,1.5403656,13.963689,18.963089,6.5340505,18.306704,21.94992,5.9193363,1.5823864,1.5734401,1.8188678,7.9192915,7.7186537,18.109844,67.158356,55.96329,7.7180142,1.5534703,0.9598521,11.272136,30.077255,19.543692,5.036788,11.169147,6.385353,19.442226,38.88571,19.440823,6.3446517,11.104725,4.826585,1.5555689,2.386575,1.0313123,5.244297,7.144771,3.8385532,22.647606,27.180462,7.4249053,7.8225183,8.324643,7.5159903,32.936115,30.993826,5.8825803,7.7442007,6.422063,7.422325,22.96887,16.928608,4.976731,12.426181,8.097887,24.69468,56.76995,32.440258,2.1375139,3.7374425,1.8878216,7.3592772,12.882687,5.610962,4.702809,7.235603,3.638815,23.899977,32.437214,10.460018,8.516475,10.197419,5.509661,26.57351,28.229027,6.642768,9.382852,8.8584585,6.919533,25.096561,20.923943,5.8822474,16.170504,11.904378,2.1546335,4.845008,3.1420364,0.5566161,1.1995523,0.68377334,3.2518296,6.5063353,3.2544103,3.0675385,5.3659062,2.6494164,18.996,29.223164,10.989356,6.677914,9.040739,2.8907018,0.28743294,0.27960426,1.3948911,7.7832108,8.298046,4.661765,19.40375,18.26073,3.5688488,5.602406,4.646717,1.5286136,4.3705187,3.215615,1.8225989,4.7667537,3.1010785,1.6842197,3.8519735,2.2012572,1.9505895,3.9001536,1.9666959,7.318985,12.808102,5.568835,1.9379779,2.9639497,1.1840966,3.8089375,5.1847672,2.4002328,12.784853,15.341595,4.1725125,3.747148,3.961146,2.4823933,10.51532,9.893155,4.408444,14.901044,12.420636,1.898095,2.5044248,1.8491174,4.1452355,11.039431,7.1744013,2.4408605,5.4963627,3.1416247,0.64290917,1.2689451
2,0.024517387,0.038117513,0.15840685,1.8284159,2.6104126,0.9380823,1.7576338,9.431999,9.8086,2.1231992,2.9913874,9.659612,7.3286743,0.82071364,9.4277115,20.610857,11.248602,0.796842,12.288672,19.047901,7.2050824,0.73378086,3.9049854,4.397074,1.2242546,5.823285,21.182148,17.396431,2.3639617,10.806584,25.900768,15.386834,1.9025526,43.692867,73.54025,30.902264,19.04695,142.36,173.34862,47.712902,27.191639,109.99856,97.72553,15.594955,14.217401,36.801044,23.765522,1.5403737,18.915575,34.670265,15.862632,2.5432906,23.185574,30.555084,9.466726,6.9019856,31.887009,30.670488,5.713546,6.1902575,17.969961,12.573696,1.073283,19.098436,38.20755,19.10572,1.263638,14.814506,21.15279,7.398077,9.41866,50.50055,52.51635,11.306212,9.98762,31.972319,24.276785,3.0262973,79.55115,174.0321,94.925385,1.9311167,5.9810443,9.222136,3.5752728,4.2746587,26.81001,30.159403,7.3962607,6.2243156,22.339886,18.355652,2.4578476,5.377781,12.85288,7.6295013,1.0686874,24.853533,41.865856,17.43982,2.79011,20.425655,24.862604,6.835854,1.4487975,5.2215934,4.6351085,0.79601055,5.5199223,14.590063,9.414684,0.788502,24.953573,45.732086,21.0061,8.689426,79.775665,105.16932,32.351982,6.1418276,25.577105,24.561798,4.5823426,4.320735,12.523928,8.7574005,0.75107247,4.2842197,8.55204,4.2833705,1.3254621,15.582169,22.24818,7.695723,6.5699434,35.1195,36.53473,7.842046,7.4063315,23.89202,18.117786,1.977247,9.367501,20.500286,11.175886,0.25416735,1.2217274,1.9115665,1.043646,4.717984,29.663433,33.36599,8.172456,5.7593174,20.560524,16.900167,2.3221,16.084818,38.6074,22.921764,0.9364372,0.41291964,0.5927993,0.25620207,0.24945156,1.7708915,2.1667335,1.2380613,8.933248,36.622692,32.551758,5.1980777,6.6326494,17.342318,11.191518,0.82705384,21.298658,39.050507,17.849302,0.7696952,6.392642,8.42408,2.592996,0.85801685,3.880928,3.7274332,0.7354736,3.1522574,9.201802,6.4420857,0.5484708,5.0415797,10.075627
2,0.7956357,4.1866817,6.748316,15.631669,15.466592,13.800484,9.788448,7.946056,22.683159,29.63342,43.62261,36.618973,10.254942,11.009941,15.577873,14.697584,15.044036,12.198718,9.437821,6.5187764,11.804196,23.72579,85.749825,84.34899,28.721073,17.443157,11.502821,23.465261,29.282661,21.882206,28.389341,54.14022,46.42645,53.97388,61.10381,65.25657,24.475977,16.014029,12.9470005,22.720186,31.8378,12.22159,5.466911,6.732467,15.922721,29.140312,15.352459,8.490908,3.230851,7.2886534,18.19222,14.592833,15.891323,25.194908,30.347176,37.393074,45.268295,77.47949,46.17095,23.67019,10.578285,21.23899,63.127796,46.416912,7.5616403,11.74418,16.428577,26.687017,24.850586,6.6289725,9.066399,15.1042,10.237912,9.4598,4.0072694,11.505054,26.535553,15.640743,9.070649,53.45886,58.604164,19.428507,12.113265,12.43626,48.77812,68.3109,23.145655,9.302414,25.00504,31.095472,47.779346,25.738325,20.076286,43.09969,39.00049,23.847939,21.765808,27.479177,11.667877,6.52272,17.661364,16.896284,20.572163,11.483771,6.078156,22.451403,26.199553,38.055683,28.63226,20.468315,18.617363,20.933834,14.415889,13.565418,17.737402,34.832222,56.5848,29.496244,22.934456,41.652515,33.923485,4.8464966,4.6471887,7.4485765,16.541035,17.89192,15.030515,10.667146,1.1699831,1.9177464,2.9195094,6.2102966,6.4570503,7.740352,5.210754,2.271217,1.6880901,5.986729,22.237337,18.909891,3.1140466,20.250149,32.024807,17.860834,14.47719,9.918057,8.369428,8.97846,9.691123,12.310271,15.440508,15.164929,10.788653,10.642634,14.788967,10.788087,10.879441,9.382815,10.350985,16.579235,11.096636,7.8915377,6.400091,8.561236,19.790604,15.875537,7.139217,3.8193898,1.193494,2.7494917,2.8108501,1.3752893,7.9191074,15.10889,7.508574,3.4539254,10.673343,9.75803,2.599047,9.2074175,15.745633,16.087276,17.211252,4.912225,8.049615,17.829401,10.217132,3.5746822,13.401899,14.358874,8.43846,6.179659,4.6625433
2,0.17326763,0.37633282,11.156621,25.866259,14.913681,4.1230006,11.142766,7.4574127,12.121182,39.088593,29.530783,8.24332,29.875465,25.673899,7.3458157,29.954401,29.319042,6.021184,12.49645,13.910779,3.4076347,6.1891956,7.8631353,4.1016655,42.30488,61.207874,21.55976,68.11027,112.88851,46.17655,5.286945,9.472733,4.5077467,9.794089,21.619154,11.909334,18.750154,48.29157,30.56757,20.63972,62.70003,45.277496,18.176893,64.23512,52.91431,7.1003866,1.5309852,1.0856093,3.5756977,20.130348,21.484879,9.997972,64.83943,78.734116,21.793144,29.66268,41.01527,13.467643,4.1263895,6.29983,2.5053978,26.713291,48.5637,22.004162,0.56933117,0.7278149,1.3655007,32.276962,78.90651,47.60956,11.605784,32.70035,22.601433,8.652161,28.903444,22.80451,10.312353,41.264927,37.059135,12.4088955,55.94933,57.175392,11.879745,2.4660337,2.1724174,1.6442962,14.107897,18.717583,6.1561236,31.566505,47.762856,17.57142,29.078465,50.392056,21.71133,33.36105,66.73514,33.36818,4.518017,10.487185,6.1176925,14.506871,39.474014,26.07833,10.456176,33.146305,25.020706,3.0979676,5.930012,5.097731,2.982349,13.834195,13.541277,2.6030824,0.40126708,0.29018643,1.2773068,10.548282,13.403245,5.0944734,40.978016,59.28876,20.723173,38.133354,63.194214,25.846437,1.4533035,1.8709631,0.96399254,16.904152,37.305447,20.513927,5.3138843,13.617166,8.643974,9.10778,27.70404,20.004799,2.0636582,2.9755583,2.46052,1.9735955,8.710049,8.1717205,2.1341503,8.963645,9.559953,4.2912946,27.493835,33.38723,9.262939,14.201385,19.640968,6.5141296,14.28017,22.605896,8.775802,7.278956,13.222639,5.990733,4.1175904,8.641733,4.539727,7.65711,18.720665,11.296685,6.569046,18.800718,13.003531,3.832547,12.688298,10.009755,3.0246997,11.6487875,10.453397,3.9406626,18.33246,18.742361,4.0631466,8.317044,9.646973,2.6577213,9.364333,12.391998,3.842887,0.46317124,0.50777763,0.5407496,15.324823,26.594284,11.456073,5.905222,11.803945
2,2.7862887,4.450773,9.056884,13.176094,10.490372,6.1494045,8.25133,16.255775,13.24503,17.032595,12.465755,5.14761,9.189058,10.228862,10.842349,9.356566,12.683391,7.440478,5.307245,14.645628,15.542493,11.094242,8.684417,7.5040092,10.182294,14.756411,19.513721,25.865692,40.277077,37.11683,19.320051,82.37976,161.43794,122.40434,131.74971,82.78797,76.77229,36.655727,25.179874,27.361357,17.150364,12.652521,11.131566,5.5655274,15.554165,17.459465,10.836398,13.054383,12.132658,6.676048,4.589752,11.408352,20.266958,16.467716,8.067862,10.015517,11.236858,13.644789,11.20608,15.876719,19.453438,20.290508,47.575798,42.293743,39.620186,107.012245,152.10818,65.81412,75.45706,70.630264,28.813278,12.677414,18.094488,17.121574,15.060459,16.417324,6.8817124,14.85851,31.256378,25.819853,11.422126,13.876998,17.909435,8.444745,10.596475,11.905456,13.189645,10.07666,12.811188,14.629592,17.412172,19.62249,14.819207,26.349503,45.787933,33.786495,35.382843,44.325233,64.82813,56.54719,60.32493,69.689224,61.254246,37.605392,36.88542,22.586292,10.8599615,10.480812,6.8708086,17.084925,23.915073,18.399675,21.685211,16.277336,14.5390215,13.772906,6.238131,5.828163,10.807854,10.935394,14.039187,17.702053,8.67608,11.773054,19.153658,23.546534,16.275928,20.2087,39.7529,21.14117,9.325965,29.330637,31.8778,32.8617,61.33186,43.008698,16.130276,14.404288,18.587065,9.553412,13.015044,14.34515,9.875768,12.547871,23.547527,16.660221,8.083164,7.7233934,16.625645,16.700788,9.395121,10.85151,7.777988,6.978921,7.608911,11.3212,16.236649,14.78593,7.445493,10.611334,16.29863,10.803182,11.180923,8.151009,9.235149,10.852902,21.788414,26.934528,22.854448,21.154963,27.440874,11.909982,10.34266,12.424266,8.826141,7.1928587,9.797619,5.576445,15.679552,19.747086,11.395795,10.045042,11.735294,12.066066,17.225697,14.0276785,6.221039,3.2161944,2.8389635,5.5986166,11.251551,8.309641,5.5475025
2,0.7765242,1.8330307,6.0559335,10.030642,8.5009985,8.2149,8.274243,3.0288022,7.250196,9.040186,3.855137,14.571255,16.93268,14.129489,16.93001,14.721809,6.7750263,9.725883,13.45614,17.591476,19.897043,13.878321,13.763721,28.773447,22.0171,16.404724,10.812526,5.8258414,8.218187,13.907127,18.249,23.020641,28.555155,30.264193,20.807894,11.076092,14.229274,22.694635,22.404003,6.7671814,18.6032,18.609087,14.656897,19.475803,15.688098,10.092613,13.606035,8.7891035,10.702693,24.24455,14.117209,7.408997,12.584768,6.8646708,9.328178,15.391208,18.550198,19.315437,19.766314,14.238947,8.426551,10.542948,23.723377,19.345219,17.28606,19.160828,24.135273,21.945759,15.716975,9.044961,7.9606237,9.073552,9.156852,21.861887,27.589537,26.533844,21.25425,16.558348,9.090988,17.791788,15.655461,6.0384555,2.6705153,8.015176,17.464603,36.12013,24.718754,11.31928,11.592182,27.277895,26.97314,7.8813615,3.6447217,2.8287122,3.8623624,7.8407335,13.881135,17.143805,7.688779,12.291159,13.856041,6.440157,13.543338,14.267605,10.837477,15.372173,20.065445,25.22628,23.44229,16.478836,8.694058,15.854439,14.870973,14.854874,16.48473,9.892546,15.887959,27.76497,18.950644,14.018729,11.061302,4.419684,12.620876,16.808376,8.463964,4.439494,3.3785043,6.553676,5.785474,5.5288925,8.9389305,26.049477,21.97984,5.8281455,4.1259613,9.197633,11.636764,5.4117036,12.761235,14.388965,6.870444,4.250127,3.837573,5.3104534,8.625464,7.1459694,5.1816216,13.132463,17.087633,18.709906,7.277731,21.17062,24.042002,12.22234,8.152001,6.4577456,6.3151193,11.671086,15.4650345,18.457571,8.472485,8.702784,11.191552,12.335166,7.2706294,2.8390453,5.5773697,4.3131447,3.1508062,2.1556823,6.27865,5.119484,1.1193738,1.6493305,11.38009,14.920114,10.686796,15.63283,16.566957,10.51804,5.289197,2.0535238,2.4021404,4.5410886,4.760849,4.9570036,5.861473,4.3986936,2.970583,4.3468666,13.211141,14.044532,4.656516
2,1.340947,12.997672,34.22833,22.46461,10.394546,8.907814,12.603534,13.312529,10.752863,14.083901,9.5067835,14.747792,6.878475,5.931098,8.107304,22.90434,18.143717,29.374933,28.064854,41.012154,48.941772,23.301594,29.831554,11.192761,1.6024562,22.301483,59.43174,42.418095,63.60431,52.96261,10.798763,9.947998,54.9513,74.57072,57.177353,91.448875,45.363213,51.357723,30.091122,19.884312,15.131858,16.637815,16.740534,43.761475,52.35758,24.696026,31.495907,12.463422,8.335219,4.2206426,1.9734899,18.055527,67.03593,55.87583,7.88082,6.4057302,61.312447,83.18373,50.61034,75.90657,33.500347,14.535082,15.216032,39.715782,31.694216,56.832253,53.76237,38.134045,44.251217,29.680542,41.606308,15.696599,2.9998085,2.3646855,5.040233,8.21134,27.949883,25.01777,53.349586,56.625973,14.698516,10.650873,14.65279,24.987919,13.07685,16.469255,9.65874,7.2093434,7.2068224,21.781994,21.606316,52.237534,62.66821,68.05821,101.76847,47.982815,57.440754,33.066498,44.61644,31.61682,48.19565,40.60498,37.16422,39.16122,24.37511,31.057682,9.991787,1.9124621,6.213639,14.189028,15.869398,42.96756,31.80285,15.491861,14.407761,13.046726,15.410219,11.679865,16.72892,8.856103,12.361596,25.319181,65.29823,42.854065,20.630524,17.883095,32.223385,34.186886,12.385173,13.451156,16.398844,27.636244,20.805305,39.39155,23.858732,25.547962,20.844341,41.513588,39.07337,15.090241,16.194878,4.948433,3.697668,1.8806767,2.5921853,6.198824,16.197084,11.495078,16.65946,14.523207,23.52394,24.914087,10.939433,12.730407,15.76896,26.759953,19.725187,36.95596,22.68957,26.767157,19.80395,7.0979676,6.5857925,10.659316,12.728595,12.634053,18.649715,11.149751,17.209093,11.542664,20.791132,15.946255,32.136368,26.805513,5.970372,4.981838,1.3898758,1.1462275,10.049295,17.57302,11.068973,18.629362,12.534161,20.358192,15.101359,9.0349455,8.411907,3.3605604,4.14566,31.348545,48.18558,27.193289,41.087223
2,2.4701166,4.711095,12.237883,10.137067,6.58713,9.878335,8.29997,4.425677,8.053294,6.221056,2.056829,6.241919,11.683458,16.38967,23.488274,15.495175,4.684478,6.2386413,8.030154,10.037575,4.8989177,4.3622503,15.944999,19.148872,14.0234585,20.260063,47.989155,65.55506,105.94286,92.44496,37.830967,44.14335,19.127815,20.51829,15.21539,17.12306,18.774218,22.99685,36.53178,22.192003,48.048508,63.806168,58.28787,35.571705,14.173915,21.210325,11.612091,9.584165,12.759987,11.137861,4.4887915,14.059112,32.666756,34.033478,53.260002,82.11125,87.06953,36.004097,30.13679,53.68371,40.67339,17.866795,18.465767,22.64696,16.986069,12.447589,29.67034,45.0567,45.53677,55.631886,86.11288,39.91336,35.9456,30.936176,14.781633,3.7332091,3.5866194,3.826577,4.291947,10.309931,11.86333,15.15776,18.061228,14.9604225,34.398308,24.84257,21.562243,19.982052,10.573407,14.619191,11.154429,21.014854,33.62248,34.24541,26.941578,47.8942,86.18275,43.85231,33.550365,32.10894,30.631895,35.509277,13.318442,11.213957,22.717716,18.959541,12.600426,15.242964,16.599567,7.286322,3.1070647,2.113313,6.7301416,12.58456,16.185068,13.622889,10.5196495,10.4143715,20.591705,20.33708,19.931562,32.83375,19.85708,33.23091,55.304653,50.7391,27.82827,24.082798,16.547852,22.10141,16.534641,12.009884,18.066,23.658127,20.659817,9.42039,3.3013184,6.801008,17.555252,20.679007,6.438665,2.730272,6.407126,5.173377,7.156105,7.6856203,10.5559,21.252277,22.99947,18.362488,10.721296,16.964157,24.71906,20.11663,14.309904,25.39648,18.531593,4.34298,2.4616497,6.638706,12.375735,14.547293,14.966748,10.451985,2.9433243,13.362963,24.654861,20.877483,12.53488,5.3174067,8.729298,11.041159,4.9501905,5.7377205,10.037355,10.253135,13.145882,14.122558,9.645273,4.3054466,5.548144,8.389826,12.65049,12.036767,6.7366023,6.551147,4.142287,10.028412,16.538782,16.299511,15.048776,17.180796,10.223223
2,3.0777392,4.936012,6.558208,5.480531,4.6341496,14.399708,15.318143,10.570284,9.778869,11.020491,13.142668,14.315876,11.574544,22.877024,35.600513,28.69051,21.240143,14.206211,10.1123295,6.9197326,12.951006,16.934452,18.156008,15.976801,15.701525,19.302013,20.645428,52.287476,85.34165,59.53296,70.01502,48.134865,22.563257,57.52697,45.37814,25.779797,23.283918,22.899004,36.286526,27.114449,22.721628,21.810665,16.681654,31.103142,43.05052,26.379751,25.175463,28.493994,18.668236,12.422597,11.520932,10.309128,16.63702,17.830202,21.20502,20.017176,30.916561,37.49135,42.59185,44.415977,41.421154,58.412354,45.296734,51.109993,41.964787,20.020672,27.431341,19.056412,22.666008,26.682037,25.746557,27.807238,25.850052,31.153358,35.821133,26.676716,21.315083,30.63982,19.546984,15.499965,11.805739,10.542048,13.8845625,13.377017,14.997235,19.260612,20.722319,32.032436,31.688482,24.010607,20.971651,23.22778,30.406544,34.793888,29.683607,23.102957,19.845575,33.495518,23.336447,14.523748,28.971254,31.202635,26.890993,21.488058,17.803566,22.116364,32.27506,35.32706,24.72349,12.14555,6.790203,9.784875,8.66624,10.587729,15.632176,22.491465,18.318186,10.44899,7.0663376,11.792962,26.875711,23.611778,11.262313,19.581873,21.710154,17.65793,17.976412,19.455368,22.024748,15.636881,13.103748,19.77835,18.211674,15.324085,20.146242,16.1574,16.420523,14.742446,12.711035,15.893633,12.390887,10.815055,9.414507,14.234465,14.316501,10.327014,13.028988,10.768011,12.620481,13.420112,12.744651,12.955545,9.950743,18.161694,16.962446,6.7058635,11.856044,13.658173,11.717454,13.94755,11.31768,8.681837,7.821574,8.953521,9.08378,6.2855783,8.593459,16.46661,10.566995,6.5670867,10.454182,12.653347,8.616804,4.199776,6.6473284,7.917833,10.403596,12.663298,7.425161,9.083412,11.2908,17.351086,14.289406,7.9066596,11.010942,10.818135,9.621654,6.114068,5.6551614,10.8510275,11.9578,11.722254,11.839817
2,19.982727,20.555704,11.608203,10.827494,19.1698,20.252745,10.555224,10.26718,17.492382,16.992266,7.1581464,8.536283,11.189801,7.626236,7.2853603,9.82185,14.15208,7.129577,3.4317071,6.850355,10.941532,12.415225,29.767588,36.404648,23.011324,14.778395,16.86123,29.057981,20.848103,14.97983,28.32821,42.337215,25.254183,41.120968,60.014946,30.50275,11.681798,25.05819,30.511877,24.593237,25.920708,28.321787,24.31785,12.157541,14.3990965,8.765182,2.7398114,4.0382223,8.842179,12.788767,21.52454,28.100737,15.959112,32.814125,39.31598,18.139708,14.70091,15.542541,18.46342,31.596306,25.735079,33.96054,58.018295,34.65474,9.845614,15.80038,13.15035,20.027212,32.16949,29.35986,40.902256,40.481476,32.505997,37.41081,21.920279,11.5011425,15.573854,20.43454,31.953007,21.97108,10.485067,23.705284,32.617546,16.993196,22.081108,26.58497,28.874458,31.059319,25.93712,29.241768,27.958765,18.011124,16.54152,15.056345,9.259004,15.521691,21.748217,18.345398,15.789116,10.686671,4.9435663,19.1142,30.161722,27.047312,29.495811,26.935886,13.737473,15.4993925,14.604539,11.405519,16.421907,10.456424,13.388984,20.01319,14.1406355,8.505525,3.9191773,20.20282,25.402077,17.569212,17.816727,11.995553,12.704148,13.952547,20.182646,18.720146,11.200045,6.994712,3.8225663,3.7102733,6.483351,5.4467993,4.141086,10.01718,12.059196,9.410929,19.39346,16.946928,4.404353,3.7201388,9.299155,15.411611,10.993226,14.202958,27.918495,24.925028,15.797678,8.157966,11.962426,11.940278,7.8436975,9.000717,8.519907,8.638704,7.6482687,8.35414,9.601537,8.371384,13.624888,16.3467,14.995998,22.07087,10.876466,5.834727,6.6566596,8.199089,3.5687344,1.9296204,6.575109,10.469235,9.878083,13.180608,10.207541,3.2331421,1.668419,9.595683,19.392214,13.1948,5.29858,12.103068,17.966146,9.318775,6.3395834,10.582403,9.325835,3.8747916,3.2042065,5.810031,12.135544,8.717995,6.519342,3.9895525,1.3110412
2,2.4878123,4.6519475,9.098168,17.273739,18.464325,8.22191,10.472892,17.233887,11.868371,6.203519,11.670831,11.987116,10.845624,21.058018,16.647865,20.395851,30.925215,23.899725,22.750837,18.230587,8.955441,4.744266,6.6612363,9.489047,15.803371,27.333967,16.722256,9.161261,17.283428,20.36195,12.313275,16.049711,20.338463,19.096516,23.836258,58.78349,98.46286,69.106094,20.194586,10.20002,23.651539,23.502823,18.828814,17.64922,10.147801,17.80241,17.215647,18.306078,17.892223,10.767168,6.974217,27.211655,37.394283,29.15428,43.55026,28.049545,32.72197,21.69331,10.084516,12.213374,13.48197,12.901298,15.84306,14.1535845,20.80114,28.972788,21.391087,20.658665,12.868536,32.448414,43.534225,43.065346,73.398506,63.832497,19.02229,9.276686,16.634388,20.666649,10.858202,8.314994,11.614458,12.158108,6.4318075,6.0662565,12.010769,15.701881,10.002305,9.65903,23.520575,31.330677,35.357727,18.034147,9.2598095,8.20885,4.602037,7.803607,22.560732,19.079334,9.5835,6.406359,9.166593,22.809505,34.214657,21.62892,9.960625,34.09549,45.431484,20.155254,34.64958,41.810585,21.682974,11.761006,17.028389,11.790597,16.908718,14.099147,8.2381935,9.854578,19.208723,19.851343,18.817888,16.551311,17.040993,15.139599,16.775402,16.600376,20.93413,17.285032,12.686108,7.2130775,13.332266,17.804478,11.148732,9.30217,10.57589,5.386086,12.433964,18.488947,12.41702,6.810207,8.276621,20.331854,24.3348,8.878149,23.928358,28.473494,19.094563,22.026392,15.60348,9.290877,7.7066255,8.140827,9.934288,9.559103,12.307671,9.426808,4.878004,12.080381,14.563483,15.259238,6.718353,5.546069,12.49684,11.11856,7.7171316,10.2755575,13.745828,9.664027,6.690171,6.9492903,11.653616,8.099918,6.6537437,7.496241,7.708784,5.3644886,3.8620296,8.511151,16.104746,14.285873,11.5397415,17.16558,21.4493,17.337042,7.9178977,8.720309,10.860534,7.94617,3.1941926,7.3757477,9.821125,7.743324,8.834031
2,0.12155235,1.0077266,4.5319886,10.374563,8.315652,14.616896,17.461287,13.700424,13.993029,22.613468,20.829151,4.848616,2.577991,5.906944,11.221651,18.001135,23.345762,21.60188,18.688871,22.00901,24.293554,33.176487,21.29244,6.7170725,21.531921,18.838045,14.111216,27.669191,27.094296,15.610207,20.725126,14.92529,14.82076,22.070032,26.922056,52.860477,43.0133,48.46206,35.48691,28.43109,26.729315,18.00737,28.38738,32.835915,32.58449,27.3041,21.625021,26.161749,10.796949,14.408598,16.744278,8.100449,4.075355,7.4624267,5.751845,8.25616,10.07179,17.66817,14.019236,18.311026,39.504684,36.574364,12.283478,17.054146,20.635576,6.6872106,34.29961,54.825657,34.615944,34.56448,32.12483,40.43769,30.472864,16.463552,28.465883,24.018126,45.339096,38.44336,12.144291,26.954395,31.63016,20.057013,12.8984585,16.408314,8.494998,15.562845,21.969627,20.811699,41.390472,37.682884,22.568329,9.834364,5.4809146,13.003739,15.267198,10.563941,9.436249,23.149967,25.389565,11.666237,7.0215178,4.61274,13.094855,20.774132,11.811871,22.710861,51.514046,43.010895,24.329926,23.528542,41.389603,30.804657,3.973346,6.540715,6.9235077,4.3231177,16.1741,24.346638,20.13931,8.644507,3.921298,9.185339,18.389442,16.83958,19.216501,12.042021,14.389042,13.385049,13.964922,10.845506,11.97399,13.067843,10.742086,9.345044,16.736774,22.45985,10.084333,9.409303,6.672146,13.137386,18.017431,10.588262,15.760914,36.02594,23.973108,2.2076576,2.2535877,8.834168,9.631805,17.612303,20.494303,11.132734,2.9984016,6.529369,9.746885,10.161025,18.156164,15.117148,13.982298,21.931274,17.668997,9.8167095,7.3426476,6.099193,6.8604503,14.151374,15.772083,10.79374,5.4900923,4.3133674,4.5801125,4.457753,7.1237054,5.7648387,6.967095,8.245099,7.7355027,12.274044,7.522178,2.841776,2.9588473,4.15974,5.416895,9.956512,14.100014,12.449192,9.480122,15.654275,16.879826,5.986756,3.8126693,7.43452,8.970647
2,0.10468389,0.16983695,0.694688,12.143347,19.273968,7.492759,0.63280684,4.275565,5.4432716,1.7008808,4.188945,21.988605,22.578545,4.784013,5.6332684,20.578566,17.07167,2.3272183,1.8292435,4.9273314,3.2815537,0.2594939,7.1799355,15.259069,8.092532,0.22615753,1.9326581,3.2896714,2.2384603,9.42116,91.53803,122.99626,38.866108,6.242366,30.408466,32.953426,7.586203,4.530006,17.647453,15.438445,2.5783858,12.955023,38.147816,26.875385,2.3952413,18.462263,41.703903,23.464123,0.7842549,16.667717,29.628307,13.107583,1.0855948,11.750699,16.665205,5.840616,8.009303,51.886826,59.331715,15.0431,22.16631,96.44969,89.003204,15.417974,19.031136,59.613434,44.38257,4.5673623,1.8009626,3.8164136,2.2701204,0.3488532,23.051947,43.441967,20.466612,3.327944,46.376667,69.5563,25.336216,6.172672,43.52718,52.500645,14.238889,2.2922547,8.057366,7.841825,2.075895,14.669796,50.030025,39.317566,4.7907977,20.765913,53.40018,33.65883,1.8994725,9.530231,19.020548,9.512709,0.23739828,4.098754,6.5020447,2.555345,2.2157652,18.545013,23.594854,7.0115976,7.0550957,36.81325,37.80372,8.084138,13.568827,49.79559,41.29937,5.6433063,4.7953672,12.85789,8.5738735,0.76668465,33.79807,71.81788,38.108807,0.55681723,5.2707415,8.845069,3.67269,1.1749187,11.3415785,15.245589,4.8503566,4.427621,25.704035,27.838137,6.4055114,2.8178926,10.710186,9.384572,1.6248984,10.437483,30.767832,21.673206,1.9970375,24.03176,54.30751,30.550339,0.86556387,8.0086155,14.220924,6.3322678,3.036496,34.82975,49.433758,16.78636,2.9417596,17.177988,19.638252,4.9183426,2.1176162,8.840909,8.159462,1.7274413,11.528356,36.489273,27.15438,2.8063695,5.235003,12.51703,7.461403,0.32417944,6.2042823,11.693966,5.5016375,0.82995677,11.595144,17.391396,6.3264294,0.6669035,3.8841636,4.684614,1.3149668,2.338385,11.12695,10.830855,2.2306848,8.426833,28.714045,22.559723,2.75842,10.802694,27.72418,17.480753,0.98622096,15.899437,31.787405
2,1.7287515,10.203287,33.629314,26.31918,7.38765,7.9472356,21.370562,38.935013,17.748674,1.9081379,3.6139252,20.090986,21.94566,9.075454,12.705582,6.107659,8.242397,5.8074327,10.004369,10.143197,20.40236,31.2971,24.644588,52.842274,46.16653,145.28226,135.17438,36.02095,38.327847,22.260897,40.816914,27.139776,59.064,50.72775,23.127663,28.72167,10.550268,12.343363,8.775436,21.4176,19.44194,68.521194,82.40641,29.827377,36.496063,17.379,12.461952,10.067306,26.151445,29.031212,27.964409,46.091873,19.700983,7.452348,9.76688,44.42705,45.50603,23.338015,33.63721,17.98572,31.8524,20.55776,26.475151,25.031332,14.869622,20.374842,64.55996,145.85619,83.225716,37.95162,33.030704,16.922726,21.552982,11.362894,19.214426,11.0957575,16.84886,13.812494,19.244291,23.425283,19.64095,34.986675,16.612549,4.5108085,3.5314603,7.655664,8.667401,21.113817,36.406693,18.234482,25.601698,24.06324,88.32517,91.93241,24.331148,22.464766,16.04726,34.69302,23.371086,41.300346,39.71261,17.065172,22.445545,10.185191,14.564233,9.847926,20.666304,18.336493,12.20524,16.05704,11.316726,21.259638,12.993889,24.245237,19.909136,13.101727,15.93052,19.15599,35.81527,17.458063,9.049213,8.799921,36.195393,41.474808,30.356104,50.617874,22.359228,6.537331,4.9228435,11.222891,11.866153,5.426083,7.7964387,12.782802,32.441296,20.901632,12.760005,12.382634,6.027322,8.316459,3.153405,2.4558742,4.09939,16.03601,14.508867,12.686604,17.058119,14.202667,28.017391,16.207676,22.996101,19.118818,4.5978823,4.7541466,11.196041,21.864828,10.856678,5.7076106,5.68168,25.215334,29.382492,7.6166277,1.9264607,1.2135484,2.6968813,4.775011,25.390337,27.307018,12.1509,17.131477,7.8542566,9.372309,6.4515433,10.215747,10.122688,2.4398422,2.1925118,5.0920453,12.114606,7.4978666,9.097389,8.32648,1.5093981,0.82410187,5.929409,12.991043,7.167147,4.0435557,3.4315472,2.656699,3.3473186,25.26296,50.515255
2,0.47259215,2.2525337,8.763233,7.733973,11.154785,16.678158,8.076332,14.929885,10.297414,18.518711,21.165632,5.6161337,3.7483046,4.8859315,18.207062,15.955929,10.871561,15.839372,6.067606,5.4168096,6.474046,35.4961,40.577744,10.14208,1.7546158,10.372208,41.473377,36.298717,12.167934,16.138794,19.812572,51.81522,34.574215,6.263611,6.5607734,21.92832,43.791756,22.013401,10.492559,9.230079,11.780279,17.51214,6.5106,3.4428666,3.7806647,19.479826,22.258604,23.050764,44.586514,22.592817,13.315114,11.777678,22.009342,32.876095,12.834753,12.568719,11.620663,53.44839,61.08838,16.13595,10.225181,6.4022193,15.920618,13.917761,2.169932,0.86319476,10.708817,29.435436,19.632969,2.4718394,2.3266146,16.397223,32.78679,16.965832,16.713171,14.63003,6.184704,8.635386,17.929749,48.422676,32.45957,19.397589,21.97996,17.310417,32.98525,16.501526,3.929937,3.4993975,9.769827,14.649039,6.0881586,8.023332,8.490262,43.60792,49.840298,19.294893,29.182905,14.593969,0.7912667,0.6714107,0.82398856,1.235562,1.8465531,4.934996,3.9716365,14.267427,16.298487,5.7093325,7.9001775,4.1392417,4.6999145,4.176733,9.147042,13.698853,10.977452,27.08413,18.06533,3.519494,3.7308917,13.520877,27.000984,13.636003,6.9741464,6.3137865,22.002962,32.951637,13.482179,16.60255,11.112704,7.57205,8.617304,2.5271964,2.6048317,1.6122673,3.879083,3.5011654,13.021726,19.529129,7.528622,6.70634,5.4161005,20.440845,23.358536,5.9162283,2.1515207,3.6888008,14.207375,12.471957,10.866147,16.038536,12.514593,30.663876,20.656284,18.038559,20.522903,5.138073,0.6538943,1.338025,5.2529974,4.603196,3.1394928,4.6104913,6.517646,17.268827,11.513233,0.8481526,0.30559465,4.622439,9.244445,4.6552677,2.3831494,2.3885863,16.990675,25.485477,11.030546,16.164175,10.877141,10.673499,12.176146,5.063915,8.020805,4.4207716,7.22117,6.3370304,5.492087,8.090339,3.0324943,1.9308624,1.5156286,5.3780746,6.1448703,1.8206311,1.919962
2,3.1529093,8.461076,10.748997,12.771774,8.389941,7.2834687,9.2667885,8.46311,8.187661,8.177688,4.313028,4.958698,9.5131035,6.8590565,7.7802887,12.402624,16.446192,15.305383,3.456411,1.5191897,2.537631,5.75784,18.923313,22.764994,26.254154,13.036326,19.989475,39.96943,20.003689,1.7677724,3.2456787,2.9264836,2.670179,2.4439957,5.9874344,8.102244,11.856795,21.10634,33.16697,52.33246,30.932878,18.408747,15.471328,15.7748,16.084732,16.384008,8.2837925,4.1121426,8.154475,17.982813,20.1099,19.933578,10.906326,6.2974854,8.638628,5.6889606,7.736973,13.614682,8.722157,7.304024,9.670181,9.455527,27.01017,51.444386,29.000704,22.451912,35.69854,23.548018,15.45831,4.028836,1.9409052,1.7165207,2.1197233,4.2435994,7.3824177,12.586819,16.424986,15.877755,9.869562,7.7557626,15.588156,28.740587,15.995159,8.653192,10.267801,5.1734567,2.9752524,7.1796303,22.93806,27.888596,32.897827,16.464975,6.518522,12.183644,6.4093494,2.8430429,5.862508,22.488567,22.996328,11.511636,15.132998,18.223312,22.973274,21.474161,18.732359,8.2213745,8.37175,7.548145,2.1184387,7.5505786,12.389098,19.608234,9.80055,16.836872,33.930733,27.366959,22.911894,16.87915,8.205701,6.104344,12.229785,7.6394024,4.7500005,2.164094,1.5960759,7.5104394,14.833933,10.022989,16.588709,30.177982,15.160593,1.665172,1.0440392,0.55916065,1.6771185,3.5275474,6.3268905,6.3111973,3.4095442,1.6480542,7.71856,15.46731,9.580866,7.6658883,10.4569645,7.3335166,5.8975506,5.9315257,8.369357,9.058126,9.032866,6.382199,12.933119,24.241032,12.790285,4.456526,3.023822,2.1593194,1.8293664,2.0719721,5.5670023,5.580471,2.1886404,1.0850042,0.80905664,1.6841033,5.6493425,8.766663,13.439807,8.008228,4.539704,1.9907038,2.5856586,3.2955313,4.662723,6.3722444,6.103333,2.8677874,3.611716,9.037145,16.739931,9.039035,4.1675944,4.8280787,2.3938944,0.20311809,0.28036043,0.29717413,0.5779367,1.0346941,0.60738,13.3508835,26.690691
2,7.866316,7.262615,13.982413,14.468068,9.314274,11.784759,9.497981,8.832519,5.411394,10.482889,21.468998,28.536112,17.943813,13.302092,6.330589,5.793648,5.680704,14.09663,14.585222,20.771263,52.108433,43.77543,40.64682,28.331709,20.844782,20.65818,26.33525,24.007664,24.277256,27.478636,33.994743,66.280334,55.28836,25.94136,20.883768,15.510065,11.799847,13.290316,12.408356,14.018978,10.290665,10.994207,13.389653,14.071576,14.19359,12.431905,16.688541,15.460465,24.068098,32.309425,24.89161,31.197699,48.211964,30.208488,27.347097,30.446669,24.849192,28.632236,58.362026,62.80338,45.1445,15.190449,24.857475,30.707285,16.637693,22.812416,20.99832,14.851534,19.606792,25.829422,12.43268,7.63768,10.530453,8.437819,16.059328,28.982279,25.950922,18.29104,28.01395,18.796787,8.713007,26.544264,38.17928,30.420696,29.308186,26.89243,25.080988,24.3415,31.742765,42.32103,35.817635,30.387384,15.665743,21.341349,25.721645,14.33183,14.201332,13.879543,13.312215,19.921513,14.520754,9.916508,8.987245,16.133686,26.028328,23.001287,20.346756,29.422115,22.672346,35.56111,26.544426,16.868896,16.27586,14.205121,16.972631,17.28657,9.399994,17.966227,13.706996,10.510236,21.074703,18.862976,8.439313,12.867455,11.328105,11.404112,16.360691,19.294731,14.334297,15.975073,19.095316,30.961897,22.583723,7.5355,14.450729,17.641964,9.37512,10.443029,13.400698,11.607877,18.37071,25.146317,10.93273,12.299718,15.406246,9.465228,8.177619,6.5006657,2.8900795,6.4617834,8.127681,13.184265,14.797629,8.697321,12.740468,10.824558,11.1180725,7.345068,8.881979,14.9284525,14.917879,13.353533,9.354539,6.945871,10.561992,17.774273,10.700026,8.744571,5.4643574,6.892974,9.432597,11.944036,15.042426,8.14428,15.704202,16.098492,6.324441,12.393415,21.31438,12.016824,5.9589515,12.929723,10.455541,10.739472,12.163031,9.679285,11.912355,15.805699,18.640888,11.412542,6.0627284,9.666388,14.622538
2,7.8608384,11.589928,9.387912,4.828053,7.4149475,12.549869,14.2946205,11.498758,16.273676,13.245253,6.356829,13.199707,21.71899,15.593824,27.751234,47.06679,48.01045,47.664173,63.90562,27.214882,16.509134,17.672718,20.088284,20.784132,13.442416,16.196842,20.985813,26.12805,27.898397,23.567202,18.43349,33.862785,49.457676,62.193195,122.95606,129.44095,40.899887,47.68802,85.88287,57.357265,22.58373,52.666527,72.83942,42.63923,22.685728,48.38431,46.844776,28.89543,30.308151,51.599766,34.221962,22.828306,69.79435,70.76014,32.121876,20.255533,25.885765,24.486887,17.201962,19.83244,32.116894,39.372692,31.277868,26.913496,16.154943,16.470402,53.084522,84.914024,86.837425,47.49834,26.185644,17.828459,65.71172,103.71576,93.65556,41.121326,24.418266,21.545942,12.685785,10.1802225,8.8973465,23.744791,48.06185,35.44957,28.432884,40.65364,34.610382,16.230574,13.443956,12.426117,58.492355,73.90122,44.96719,38.359158,37.05423,44.530197,35.4722,23.093412,31.794403,27.42592,46.46597,45.542362,43.493237,36.146576,14.5897255,17.67763,43.800488,47.09937,79.35462,75.815735,31.1366,47.803974,30.314823,32.361202,42.63199,38.25518,23.998934,25.754961,17.018185,19.868618,26.870546,28.16476,23.801802,20.81425,27.683613,28.997839,35.053505,28.427122,11.271157,7.0017204,6.588889,15.97484,15.567031,13.463686,51.12036,71.81626,31.826889,31.459627,23.743155,20.582851,20.148111,19.158466,29.578001,42.798893,29.198366,36.92863,40.12306,26.40469,13.602721,25.036503,21.806322,12.663402,12.031192,14.875362,8.133539,11.398328,18.757536,15.886016,25.215818,27.534307,11.344031,17.426907,11.522936,29.704033,30.084856,20.65017,18.975101,24.323183,16.129265,34.77908,31.60571,15.849496,16.803112,29.555897,18.242832,30.622078,46.775265,41.33071,11.395901,10.648137,21.739649,35.237236,24.76373,5.2827444,9.819635,14.064658,8.905983,19.740131,22.312918,16.173164,9.7157135,13.943733,7.5272036
2,0.58697176,7.699952,13.099609,11.00371,13.580546,5.2841654,3.4141958,8.222546,9.290667,15.336485,14.699427,19.355343,16.548939,20.963997,16.528627,20.604994,16.752123,22.815619,46.6549,70.38162,37.648582,35.484493,11.205062,3.0131755,3.4136868,12.384583,43.604748,35.80529,4.9081874,20.80363,49.82049,32.1162,24.56057,35.141514,55.324306,24.420322,13.336997,53.29435,64.696236,20.23138,10.300245,10.745973,9.961222,10.536708,11.428283,21.655325,26.873667,50.543674,41.148533,55.583553,33.90798,34.82195,43.865833,55.06327,20.084896,20.604124,78.12144,75.508965,35.17179,26.742065,4.1687226,7.955211,18.7208,15.000281,19.949537,15.778969,20.462252,18.238892,23.199297,11.316272,9.823668,5.958493,7.070194,18.218847,22.067553,49.618084,38.22995,19.448553,12.741498,7.445386,8.060644,12.704841,8.227866,9.855693,41.64648,55.637283,61.59722,66.48132,16.22395,5.231375,17.743082,15.151627,12.905245,10.802867,14.749806,10.619072,11.887126,7.0881534,6.545082,13.237294,18.506563,7.5785666,7.584742,30.659954,32.033905,15.231873,14.6254835,27.337172,21.911379,19.582125,13.744809,12.486857,40.085667,72.550255,33.19341,1.8481836,8.7199955,11.677344,13.226984,14.499602,11.048717,10.0584135,2.2928696,8.562186,24.891542,17.681984,7.018795,11.518975,21.61734,11.007474,3.7854755,21.235456,30.395079,28.26269,32.30484,17.214323,16.094997,20.283184,17.959826,9.7404175,7.142985,2.080765,7.567541,16.297722,10.225142,9.436291,10.234039,14.461823,5.766837,3.205032,13.606374,15.47529,11.674318,10.897849,9.735425,8.191359,6.588523,11.414239,25.035042,15.778661,10.90803,10.575733,15.178949,6.342404,2.1414175,15.46555,18.85528,8.987199,7.824281,5.743321,9.457933,26.537817,20.156237,3.1535203,2.0244956,2.973379,2.671432,3.907775,9.557099,14.530257,5.5003095,0.3606544,0.86595213,2.9994044,13.329464,13.917931,19.56171,16.29322,10.670182,7.4722524,3.4889364,12.636422,24.981947
2,0.31564626,0.88929945,1.547538,2.8055227,6.998623,7.7520294,4.3210773,2.9132552,2.2170904,1.7844725,11.827875,14.784452,4.558028,1.4701693,2.2321668,5.751297,4.3986845,4.275973,11.380175,8.545534,8.885768,30.87377,26.786482,17.704386,14.287652,25.247847,40.253265,33.262653,26.477488,12.387219,14.271893,15.645732,18.367773,19.568892,19.424631,16.508297,19.921928,20.307816,11.787463,9.720091,9.399564,8.698152,5.200508,1.5217166,3.6192703,13.433238,17.997356,11.363977,6.9835544,3.221046,10.111899,28.178616,41.47806,17.703331,21.266216,32.611626,14.547943,14.46453,23.100557,11.124808,9.406866,17.506712,43.376266,41.649025,10.362387,15.192932,18.629393,22.748993,12.097617,2.0113087,4.2935038,3.1640463,8.558983,20.594908,15.654433,11.661406,3.3689847,5.048782,7.969579,12.77159,10.438544,9.772289,18.517168,27.857332,37.14003,16.81309,9.411185,9.437812,17.16354,19.380524,22.80164,14.921939,15.15084,20.775185,9.97903,3.9798205,6.028142,6.449649,6.451755,5.7446814,10.336567,14.033083,20.815935,12.259701,3.6842232,3.77933,14.173821,17.777233,9.36306,6.14312,5.1431804,8.700787,7.0983324,7.8792896,18.644209,14.175752,9.596564,30.04058,26.107824,16.711483,9.531878,6.003262,1.7236335,3.4403687,3.9022954,4.5302854,2.445421,1.799386,4.057797,17.052116,17.624634,5.3675184,3.0644858,3.5635703,6.585145,18.883875,22.146538,11.699828,7.9045796,6.074381,3.4502482,1.9930582,3.8436167,11.316012,16.188261,20.110395,9.266141,7.130982,8.169054,3.865228,5.079764,7.637787,4.870593,4.1889267,4.984756,8.415254,9.834297,12.001607,6.304149,3.156096,2.3986847,2.4630957,5.5637097,11.020929,11.535714,11.228419,6.1328473,4.2406216,6.885191,15.238847,9.462717,2.7921972,6.0299797,4.6018844,3.162797,1.8864362,2.6106455,3.9386234,6.9705057,6.502188,6.141407,3.5173688,2.8353357,4.12658,11.047262,9.776053,5.254545,5.5182586,4.8301487,2.8310897,4.5840836,8.4492855,14.650311
2,0.3751456,0.82862604,3.7523353,11.142452,27.977295,22.87875,16.489801,16.821249,16.694334,14.034114,11.07309,31.444382,29.965117,27.032467,30.116657,17.629095,3.6634033,3.147204,10.263641,13.306535,15.402385,15.228485,62.405033,71.43745,34.220596,22.555042,17.340372,13.208633,5.477312,17.465406,23.447683,24.556465,50.257862,51.091816,40.06826,62.7074,46.21257,5.213568,5.0878725,24.475643,26.114227,12.104686,5.5706296,9.853192,31.50318,75.05042,51.05858,23.208654,28.497444,29.543427,25.09309,17.90357,27.185995,39.39571,52.466652,68.567085,38.808132,61.710037,101.95374,42.95438,45.54936,60.189884,23.175781,14.455199,12.142934,5.400207,15.66782,14.08129,8.380077,3.04254,5.1716313,9.408089,15.737865,22.586636,18.94224,9.434787,26.58294,49.041477,56.78005,31.82892,47.988262,44.351017,16.157522,37.503136,38.81856,37.32816,32.2745,18.08676,22.164545,44.528503,69.30944,55.257626,13.6395645,9.669457,13.144381,16.819511,20.397003,10.073727,1.7262592,2.6245868,1.1402472,3.3167806,12.581059,26.218676,17.063322,29.243958,46.970554,20.092297,11.385571,14.83225,10.039411,11.725835,44.18088,78.6416,36.073826,4.670151,6.824852,10.912165,9.296871,8.8651,11.686092,20.53898,20.321564,17.188635,22.324545,19.780052,15.618269,5.988719,11.284878,22.85233,35.00044,29.899195,20.33953,7.7088704,13.726326,34.052593,35.10738,13.442192,10.32895,10.024858,14.421897,28.225687,21.852873,14.97714,11.749399,5.797659,11.083887,17.844847,16.00441,10.259219,7.0657783,15.1100855,8.282541,2.5064793,3.977765,1.6971563,2.8128743,14.382437,33.353745,19.8427,5.2309537,9.752831,13.315568,14.318015,15.133054,14.080389,14.249609,12.911753,5.529549,17.750044,24.35079,28.92273,14.032297,18.978529,23.525946,19.358494,10.227846,3.1760106,6.795889,17.919119,14.975108,8.777106,4.0767393,7.817705,8.921602,7.801695,6.062545,9.166707,12.1933975,9.518679,10.650517,10.989665,8.577749
2,2.2793007,3.2792747,4.7010574,3.3764572,5.6348414,4.722063,7.3480906,8.448844,5.7431803,4.3177476,3.5681045,4.6004224,5.514663,5.2427936,13.420421,16.648003,10.542388,6.1995664,5.403225,8.127817,11.724457,11.785671,6.233325,5.842802,11.947527,19.405426,16.764065,12.8039055,29.076061,78.6217,66.19494,33.47832,19.519697,25.260508,46.027596,39.323444,15.002398,19.28779,17.56779,14.564276,13.472228,4.2656536,3.550405,28.936712,45.339138,20.645844,10.28394,7.8757324,3.8260608,3.9064503,3.0058837,1.7065775,3.2512782,5.5807734,8.086128,9.296208,9.794158,10.199498,30.930998,51.285503,52.18443,34.19527,28.727005,46.069214,51.247265,35.804016,23.911238,33.150375,23.004091,15.854191,9.633654,3.4915595,13.940434,32.02905,32.576508,25.07156,13.114521,16.916073,22.981506,15.812962,12.086604,9.3687,3.352505,10.063318,10.360873,5.9573274,4.4242096,3.9195733,19.968653,25.659052,10.282287,10.86304,12.626296,28.8729,45.417038,26.349411,34.699955,20.477991,7.8715,5.7071433,11.91423,7.669186,7.33227,24.572802,26.117653,16.83857,13.831413,20.43782,30.831343,27.596428,13.907202,14.490623,6.6265554,7.780574,10.816848,5.234499,7.6718726,12.324832,6.1090927,6.5107665,4.798063,3.9234009,15.016966,36.07774,22.564575,16.516562,18.895771,11.830519,3.4528968,5.293945,6.3962946,11.444039,14.426706,11.675141,19.638863,21.951723,7.1115155,20.777649,28.227869,16.317907,19.957048,9.845574,7.612539,3.4599745,2.1551955,4.8956323,6.365495,5.4804163,3.380355,4.136741,7.802965,6.943806,7.6176753,9.819364,7.5283933,8.998426,9.505622,6.3582883,6.342145,6.9164987,10.333912,11.086016,6.6050606,12.630118,16.39467,6.5620074,9.796352,17.204435,8.547824,4.47224,8.45349,17.689024,12.588641,7.294881,10.994852,10.443368,6.1000795,3.2669845,3.7817943,6.310283,6.222476,3.142806,3.8958943,7.2515545,7.622145,3.653063,6.555048,9.5169525,4.3861217,9.300264,15.347643,13.009651,11.781479
2,0.028516911,0.047913596,0.22867902,1.9739453,2.5579042,0.7663621,0.07316027,0.040167704,0.04516597,0.093277104,2.8968441,6.5073533,3.6990123,2.75487,33.04934,47.51232,16.379858,3.332353,14.370887,13.645136,2.5552895,13.304391,33.88615,21.166922,1.9330988,28.246786,45.216034,17.777983,7.948691,43.549973,45.82878,10.119336,16.806782,48.507107,33.750355,2.879945,21.830412,38.98886,17.326895,0.86583084,5.020185,5.858921,2.1794174,16.622375,55.397137,42.806545,4.893283,14.434215,28.858896,14.416737,0.455124,3.427801,4.5199423,3.0216725,24.104023,93.4094,80.06297,11.811071,31.162703,69.89347,39.140026,4.0818834,47.160378,67.805176,23.386356,8.901273,40.117004,38.100727,6.943164,11.708015,29.748865,18.580893,1.116598,8.349746,13.367551,5.249015,0.40766352,1.7363762,1.8341819,0.96491337,12.208934,35.40799,24.628635,2.0758677,10.352604,18.43597,8.394889,9.7228565,66.048515,77.068985,19.893616,11.172474,36.630703,28.285841,3.241036,9.444491,18.812792,9.418138,0.9927203,8.645935,11.189315,3.3764305,2.7624893,10.613489,9.100619,1.3673421,12.236234,27.539225,15.419822,0.54710895,4.371161,6.270994,2.4082084,7.6217127,34.810276,33.079247,6.066675,18.987505,48.321552,30.197323,1.6350858,1.7681032,2.7711768,1.3190573,5.069691,27.892958,29.362047,6.4311447,6.3618674,18.339834,12.747104,1.1830547,18.343115,32.77196,14.563979,3.6953025,25.049618,29.2175,7.591223,8.074602,26.706852,20.642326,2.358715,12.202935,24.372484,12.1895485,0.21000406,1.7148974,2.2226741,1.190776,8.59698,33.306248,28.55038,4.2040577,12.119135,27.257502,15.256947,0.75591487,7.5178986,10.81256,3.7267523,0.71140915,3.037737,2.882837,0.6045638,5.9608536,15.16706,9.479425,0.6441651,7.066737,11.305858,4.4647946,2.5327756,13.8604145,14.589522,3.2035718,3.2219534,9.239429,6.42861,0.62310153,11.7557335,20.992664,9.331616,0.3033641,1.2509526,1.4703778,0.649881,5.7661905,19.22305,14.853228,1.6988575,9.141457,18.290375
2,0.57102364,2.729902,10.614801,9.341724,2.4182787,2.9362214,7.514246,20.44992,13.816752,13.759438,15.6738,33.10341,65.650795,32.95613,13.463629,11.827253,12.94183,19.194372,8.987098,15.824646,10.601978,8.45794,9.64571,41.75592,83.42976,42.240658,24.945082,22.476349,81.206276,121.77399,44.30343,6.256237,5.7005277,28.057178,32.0685,12.206009,18.711641,17.814882,61.22847,53.87883,71.03569,105.676704,38.473927,6.3698626,4.373197,12.415111,14.199345,4.886175,6.6477976,3.8201308,7.6221185,7.888047,61.373207,92.06334,34.84834,25.641872,17.332458,21.318733,24.335966,13.74146,24.797909,12.47727,6.02294,7.158303,70.054726,105.12031,40.928764,41.733818,29.040802,53.56912,61.133266,15.306418,2.0753405,5.90287,23.37041,20.452078,4.43807,4.8504467,12.289586,33.48598,23.379421,43.520393,49.678177,12.455121,2.584582,2.0032675,6.5795817,5.84342,15.060816,22.58185,9.210192,11.401054,15.192863,86.721954,99.11466,25.544027,13.3829365,6.6446857,4.306563,3.788064,4.680848,6.9541817,6.8387117,17.365654,12.571144,31.019402,35.429726,24.036688,44.926857,23.477516,26.419477,23.12209,7.7983685,10.362361,11.00031,28.302456,19.289303,27.832766,31.80186,7.9707623,2.216557,13.303178,53.139725,46.48825,7.986745,5.617553,7.891967,21.026306,14.29652,19.562702,22.351196,24.79471,48.45094,26.316746,40.07542,35.060146,13.46178,18.635355,7.7887225,10.820818,7.345854,9.905299,11.319245,4.428676,6.80225,7.37804,26.418177,23.120808,13.56658,19.715069,8.74127,13.537471,9.135999,8.576643,9.773205,4.4177413,7.396496,11.171867,42.439266,37.155117,27.644903,40.695446,15.672579,13.800795,9.228631,4.8143754,5.445702,4.838733,9.260499,5.6837397,13.429772,11.808302,19.199303,28.706795,11.323675,11.760884,7.852028,3.993637,4.5234246,3.3839047,6.4406095,6.96625,24.914654,21.80396,10.735569,15.378353,9.840016,22.125675,15.04215,20.663427,23.598597,6.061219,3.035424
2,14.267167,11.054036,7.529657,12.241766,9.983864,10.485766,12.297682,9.761801,10.794162,11.051893,8.042403,9.811544,10.561416,18.017405,19.85585,13.301638,12.227581,22.004215,16.359823,8.412642,9.480396,9.550945,14.5018015,15.758725,11.353514,9.579502,11.794003,17.53264,14.9941635,9.135487,8.669769,17.013866,20.96204,18.806826,68.64205,164.485,104.48414,28.019747,31.154703,29.461845,27.880457,23.23196,17.451992,13.920994,13.673301,13.38542,16.587894,9.333118,6.0690465,13.209046,18.897968,19.034088,23.844458,26.670776,24.092396,15.984004,15.871036,11.353375,6.3935843,10.948768,12.539493,8.875126,8.696733,9.89799,14.65411,12.225219,28.56844,36.768944,25.758436,64.9101,145.94145,114.25309,38.02215,44.180668,44.55887,37.267094,25.321873,18.406713,22.136189,17.752396,18.179306,16.458986,16.269358,18.62455,13.717561,18.507902,18.287668,31.28437,34.076794,21.075035,8.183906,12.42444,22.75969,21.109715,13.91198,11.707004,9.130579,12.09788,14.614195,15.725991,15.2308,24.70576,32.504124,25.116917,44.63068,74.43225,64.700615,39.976055,41.503918,31.092754,38.166924,30.344578,16.40442,7.798464,5.9080415,11.474736,14.089602,11.1173935,6.7108707,6.604732,10.689904,16.155764,14.882173,15.384605,18.122845,13.296537,17.36658,20.23277,17.961454,15.672911,12.300015,9.224364,4.9329476,5.6652007,4.3043013,7.4955745,18.065819,29.887663,22.770975,47.891174,55.269424,42.468853,25.779015,37.41657,32.347797,25.29773,19.192108,11.7677765,12.488032,11.8658085,13.090186,8.096007,11.301612,11.984498,13.276537,14.18285,9.607537,12.492475,16.000536,19.134874,13.899724,11.717903,9.85503,9.852897,8.96031,8.740906,12.920875,10.670943,9.498275,12.194373,14.204394,21.196594,17.268034,15.352861,21.303719,25.243855,23.065058,25.60723,32.192257,19.016161,10.850388,15.986203,13.388712,5.3651724,6.8168845,7.9332027,13.601912,11.008011,8.793315,8.289536,12.154802,14.126343,16.766388
2,4.056702,7.092991,7.398854,5.288488,3.8767312,5.6376095,8.017659,11.371062,14.637678,28.952398,23.58607,11.808237,8.499513,10.351427,5.6867476,5.862623,11.285924,12.159905,28.536554,28.520494,18.231892,10.719766,8.409563,5.704045,11.474492,16.385145,22.085842,42.47347,41.875576,37.658947,27.399374,23.86262,18.999947,21.256998,21.811075,11.96907,16.836147,22.59499,14.696476,8.826822,10.387056,12.162947,13.018368,11.937101,10.179462,12.991441,15.267391,18.906599,27.55677,22.929134,18.866959,15.820274,19.196888,22.908829,27.858934,27.162834,29.00322,26.780926,29.194002,31.197346,27.256075,27.97923,30.670359,31.505419,15.6288395,15.326821,23.928534,19.93275,18.734188,14.657523,8.415054,11.472368,13.047556,8.923511,6.4635377,10.959607,13.7294035,8.282615,10.477119,15.6684265,23.740026,28.609457,19.938261,15.184397,21.8366,23.759598,19.993587,19.839752,15.519158,25.345247,28.916983,18.498957,14.446188,16.169374,20.389502,14.479396,15.325305,14.53389,11.836631,11.66216,12.493774,7.622481,7.535703,10.947847,10.724385,14.4366455,14.668091,15.670276,23.429737,18.752949,15.172745,16.2833,18.962023,17.400238,19.428728,23.457216,9.638485,11.004991,13.88443,15.716195,10.825764,19.574574,16.78213,10.420119,13.257719,7.59671,9.856815,11.149659,7.8589606,10.761917,16.200739,10.758125,7.5194182,11.437188,7.3511105,4.3709025,6.882138,12.137186,7.9296694,16.03033,21.911823,13.001595,13.858852,10.543904,9.238546,8.520393,11.515733,8.446279,7.3410015,13.554303,12.496946,12.932195,13.951893,8.618402,6.9129395,6.0955987,8.669088,9.579579,13.847493,9.597224,9.311518,8.230955,7.947427,8.71211,6.6241465,5.570795,5.960883,10.381421,10.591763,9.989569,9.64729,10.373841,10.413711,6.401454,4.1698775,4.32355,8.081386,9.491416,12.156785,10.836413,7.668245,5.1271076,4.96907,3.5879676,3.6627908,9.070679,10.877338,9.396093,10.237121,10.317469,5.6678853,5.191183,8.088438
2,4.801303,8.023596,6.257994,10.249178,15.759879,9.834819,9.814063,8.692167,5.8257747,4.333807,10.486722,9.923534,6.9058943,6.4331846,13.101803,15.408435,15.663427,16.947714,17.749727,9.0786705,9.447814,11.503571,12.566616,12.360381,13.992066,37.964024,34.92009,12.9293,28.912113,78.76858,58.114147,27.068867,39.90558,59.19082,42.004047,22.876055,11.34356,17.512606,23.104689,30.353573,33.729557,32.3775,24.316166,28.375948,19.331259,11.814978,22.28485,35.5799,19.248625,8.026178,8.506676,3.7932696,8.325928,14.138759,19.201845,20.321455,14.401773,23.01525,19.962967,13.092969,10.736084,25.389938,54.531,43.087677,15.516647,10.06214,19.885939,52.9809,51.18936,30.686274,9.143238,8.407982,20.205742,19.877724,19.33681,37.656803,45.53958,32.194523,21.076569,31.10549,13.478273,15.154641,15.185267,10.855238,8.656143,18.878521,22.155605,17.652575,5.064237,9.063678,17.147537,21.47399,20.99589,14.69053,5.991688,10.135873,22.270798,25.007544,7.777605,7.7348003,5.247119,18.120558,24.990915,13.362717,8.263042,29.97454,32.6338,25.820206,48.619827,35.44308,28.587536,25.75438,8.090216,3.276549,2.1860628,3.615505,7.38412,12.679563,17.97235,13.536805,6.242358,3.6019752,4.3125567,2.5759423,2.770635,10.390021,16.732183,7.460421,2.0326505,8.105177,12.592462,13.538356,8.279326,18.894867,20.705118,14.054877,14.354496,25.286674,26.889091,22.257908,11.199331,11.087164,13.600479,15.080806,13.685507,5.5174294,11.562328,19.613255,18.49112,7.3515677,3.5550504,1.5270569,0.66099393,3.4929254,7.84194,13.635559,9.973304,8.995167,11.182904,11.616851,5.961222,2.2216623,6.518982,9.198624,4.0484824,4.768552,6.029421,8.1598835,9.815852,4.811517,11.567787,13.270182,14.279199,16.542343,8.418353,17.204426,16.98268,7.2431316,7.799209,11.777178,10.768452,8.747052,8.199172,6.9883547,13.810377,11.490945,3.4390335,4.4204135,6.6980777,8.014059,6.620154,4.574533,8.198253
2,19.006798,33.916454,31.326149,25.15534,29.08837,25.91725,29.536577,31.064148,27.462337,17.176342,13.9684105,15.584177,16.362583,5.7870827,5.258878,5.9109006,10.243846,17.42125,8.784884,1.8722788,0.38333887,2.2897878,6.34706,4.5373206,22.889967,35.113033,13.449409,11.079445,19.674162,37.939793,65.20639,54.195854,37.65023,20.792248,19.814888,23.90835,23.227545,31.180067,42.759342,23.493273,10.596339,6.425039,9.838551,13.416158,28.317682,24.474268,4.57153,5.092886,14.341566,15.1568165,23.213541,36.494278,18.23055,23.053885,26.121555,18.07418,21.08853,36.41584,39.36119,37.123455,48.03936,41.926056,31.054384,21.456589,27.516148,25.225965,23.256157,24.180134,37.28254,74.35877,54.266434,38.906445,52.19192,23.944307,41.614883,40.50272,23.012812,31.663338,26.420033,17.780323,17.265524,31.325342,19.810982,26.318823,28.44963,13.68969,22.497675,21.341223,15.875983,23.030127,55.021214,36.054234,26.528507,31.961918,16.482084,12.009153,37.104713,53.612038,59.230663,49.685757,30.786379,9.506324,15.941539,14.3524475,10.250797,16.183054,22.89092,11.681413,5.6769886,3.320275,3.2017806,3.6954305,3.5499136,7.6963916,9.031764,5.2491784,7.710545,10.2824545,9.585428,5.5807834,13.043918,13.054116,10.660688,6.413137,5.748007,11.269428,17.020075,22.442749,25.976225,12.9642725,10.935763,13.461261,16.066956,38.200016,35.830032,26.309378,9.403539,8.153071,25.7515,24.372202,15.37203,28.717379,15.952113,4.7813067,6.033021,7.1048846,11.960638,11.442973,12.374485,15.968429,8.893326,6.584991,12.774427,18.257736,11.378481,11.470836,12.268783,14.448388,20.78624,21.16359,15.61688,7.088428,8.907816,12.06696,21.165556,21.90379,8.316847,10.023372,21.068066,20.10492,7.0098896,12.066091,9.0700035,5.744831,3.4500082,2.1812043,5.062146,11.471003,13.323865,7.074961,3.3451104,8.259784,9.327744,5.881519,5.8301263,5.816203,4.713404,5.4242606,11.697532,11.585713,9.806334,9.871565,14.350588
2,0.023148153,0.030581355,0.081446685,0.18885766,1.0325377,6.0868683,6.6422677,2.4099631,6.604776,5.430858,19.302185,47.228218,28.562082,10.7193365,18.758966,9.925391,48.525364,63.09486,19.10987,9.22143,8.8813,15.526687,47.309658,34.292778,12.790274,26.334276,14.238871,41.61906,64.742546,24.600492,4.986808,5.594664,6.6909175,25.793613,22.297756,8.504842,20.449913,13.156304,37.6075,70.50476,33.05916,15.236661,21.03208,7.4556065,15.804178,16.279734,7.974784,24.027845,18.536926,45.434288,103.81243,58.994057,14.18439,23.240433,9.726412,17.38559,21.29241,6.4182825,10.398897,9.551269,13.172141,36.97377,25.25929,9.037264,17.625698,10.075675,64.57936,94.55448,33.439674,10.250293,10.974511,5.6622066,18.107838,14.770074,13.060393,31.578806,19.098227,20.82503,36.638096,16.02949,1.7931019,2.276187,3.434185,15.922787,15.492728,7.8642116,22.44889,16.278988,21.790775,46.47729,24.902868,33.412838,51.976746,19.967094,21.737385,25.104216,8.412849,21.898127,18.960985,19.54666,51.01388,32.78908,9.442692,17.242224,8.235725,18.21775,25.113077,9.135688,20.50506,21.109976,4.8863363,6.5720677,5.052396,12.455765,28.43188,16.1886,28.804419,47.634773,19.586443,15.995825,19.604925,5.53325,4.683921,4.303511,8.417843,23.796621,16.25038,14.853217,29.631334,14.871951,13.921111,20.401527,8.109567,22.693523,24.743614,5.762723,2.1120431,1.6400856,5.1919174,12.718928,7.7202625,19.376192,34.09291,14.947191,10.969442,14.25296,5.2054095,14.239372,13.819914,2.7263935,2.4301445,1.7396632,8.844498,18.879234,10.074785,5.7639265,8.96423,4.5893927,20.192217,23.35539,6.071812,5.294204,4.5750284,9.993944,26.271112,16.885881,9.190994,17.14954,8.180681,15.459255,21.3308,7.18536,9.741092,10.014494,4.31224,12.573637,9.667093,3.8848991,8.56239,4.8914433,10.330225,17.081831,7.072629,9.863546,12.076869,3.4339454,2.9288251,2.6842153,2.7957532,7.8307333,5.3472676,14.297099,28.597261
2,0.2832631,1.8132477,5.6885147,4.2847595,0.7159606,0.6329452,2.9128563,4.7464976,6.215986,14.866774,9.413959,9.952918,9.080497,9.239898,12.182219,18.95879,37.238804,18.852552,10.20122,8.202542,18.521967,20.386642,11.707471,17.315502,15.690322,35.434334,31.731192,97.17363,88.31228,22.453661,22.987751,20.044565,37.31153,18.658188,1.8816589,3.4211273,18.949223,20.844889,5.68357,4.8857183,21.628115,53.854507,34.334747,40.19121,36.7789,37.276302,48.939228,22.984129,33.91518,18.9407,26.211891,20.14427,24.667423,27.245066,64.35315,103.97534,55.459873,93.01357,57.43399,18.999,17.105352,12.477558,16.151007,5.182544,2.6828349,18.379765,58.753677,44.286003,23.902613,25.777235,22.01679,34.2859,24.13818,50.091305,30.962948,14.568779,13.3441305,21.005205,27.885397,22.789616,41.91917,21.991516,20.659185,18.448837,61.733704,67.91128,16.525707,6.8469577,3.6004179,6.06411,7.5644093,28.258297,25.707035,13.187435,16.719772,5.9996147,5.8583307,6.468836,18.596708,14.530964,23.6747,25.969097,9.780457,12.559959,5.5245113,5.687568,3.6355863,4.4391165,4.0911846,6.0934706,8.060441,32.088646,64.06562,33.897133,36.800327,27.61406,4.4250426,3.6710227,1.157269,1.3106419,9.350488,23.390602,16.832487,37.987324,34.675674,26.39479,34.26009,14.112981,18.117163,9.138073,3.938994,5.540892,28.568298,31.439455,10.645444,12.35355,10.399837,23.048159,15.8728,29.745338,27.078918,21.041227,27.494179,11.011982,13.606087,7.063311,5.740884,6.228431,26.862947,29.537594,7.171336,3.1381655,2.6708527,5.9072814,3.9596407,6.550016,5.964256,4.9984837,6.552801,10.360375,20.359491,10.22673,2.8552754,2.2309835,3.988235,4.4751587,17.290894,28.029327,11.454435,6.2168903,3.8848264,3.4493315,3.1668231,3.9644864,5.2301507,2.353552,3.4573784,6.0412664,18.602404,14.060966,9.605158,10.436913,9.097704,14.175744,5.733618,1.874054,9.110073,38.45721,35.013054,15.549218,19.139809,7.5149603,8.912749
2,1.4503224,2.632874,4.4529667,4.637181,1.615128,2.3997886,3.101549,12.945312,20.028301,7.971354,7.619676,8.129535,9.4274235,17.412342,21.850208,17.064121,5.5013742,2.9761248,7.463403,5.9335504,5.187235,8.575608,9.631291,9.606383,10.104519,18.859055,39.23055,48.098175,92.217445,117.004234,52.466717,25.219633,38.59722,46.17024,24.392538,12.17377,17.106544,21.461218,21.615143,23.871738,15.114067,11.120222,16.274603,12.471343,10.073242,7.234824,3.3932133,5.319957,13.708544,16.342972,15.492332,11.453651,22.139482,17.0526,39.665436,63.3981,29.98733,60.756668,71.241875,60.561108,24.483606,48.927044,50.587337,36.88472,16.182274,38.700172,32.96096,19.10089,17.593899,19.24441,12.43022,15.632194,25.371498,18.685427,12.151812,8.634624,8.037322,5.4698644,9.024241,15.482443,22.40204,28.422928,21.365068,38.98786,43.085346,19.190859,12.149651,39.733074,40.228977,25.067986,56.992043,67.849915,54.223793,14.092052,9.653296,5.905295,3.6661649,3.9322147,5.2768636,3.870667,9.690378,13.788797,15.3523,7.1801634,12.79537,12.564317,8.835198,19.651907,12.274512,20.17606,28.082855,25.387785,49.460884,42.138306,23.444468,20.461817,13.997129,10.14137,11.711878,32.08826,73.44638,48.89138,15.831246,7.5647945,3.1050787,2.7668805,5.0378094,12.410013,21.999222,14.716749,7.707105,4.248754,7.592678,6.036829,10.39279,10.340087,3.7475746,7.9233313,21.44273,22.207245,15.018793,5.7443585,10.109438,13.503663,16.943584,21.80432,27.640007,19.97657,27.367529,46.360077,23.375753,17.442703,16.979946,12.094348,15.011974,10.066108,5.217932,3.3598945,2.0163543,6.0397525,11.141601,12.491106,4.659505,1.8797252,6.324903,8.033108,7.0033274,3.193362,4.2684665,6.121991,6.79035,4.372535,14.510965,18.786844,22.258503,26.190935,15.329215,21.509796,26.437666,19.456385,24.637987,22.589401,18.589941,14.819455,10.180051,5.4211755,5.8519883,8.558695,4.074513,2.4624095,2.8631268,8.807825,16.538567
2,16.508804,16.237146,13.562719,8.305958,4.727993,6.643553,8.519507,12.296286,10.6935625,6.0881248,4.0548415,6.445955,7.1661825,6.0101995,5.281115,12.036776,10.896077,13.815897,22.449738,27.265795,19.902563,12.145458,12.202273,12.261675,7.8134904,4.6328497,3.7274907,6.6947284,7.3692594,10.742799,10.496926,5.900384,7.009768,11.487144,14.848509,25.62674,44.891827,79.25699,114.42468,104.533165,66.54235,33.011692,24.82053,23.227526,11.019606,4.9764776,7.360302,7.495837,6.660912,10.632925,12.840505,7.9162126,10.142603,17.19361,20.067722,19.220337,27.030638,20.9139,17.949562,26.85433,21.213692,21.885035,22.186995,10.240591,9.348829,8.276473,5.9506435,6.1968436,11.601467,18.772114,16.17278,10.370686,18.068745,36.88851,51.57194,70.18281,91.11988,49.555496,47.019196,48.25468,32.597706,38.40073,26.74643,11.477057,11.67072,19.724033,14.878191,15.423443,15.676578,7.115623,8.590928,14.919127,24.54756,29.528677,19.631245,28.100307,26.061668,17.103577,20.421167,18.52838,20.048553,14.03717,17.608763,20.241022,11.44742,15.336579,13.773221,13.366385,11.852734,10.554957,24.147308,40.02706,53.420097,46.637833,40.955914,51.086803,32.49514,17.017931,24.35841,35.8474,33.210804,21.54989,18.59692,26.068626,18.041658,12.272174,14.286072,11.19932,13.458863,17.626362,12.756359,10.506679,18.254715,18.251749,14.183939,10.6929455,10.488872,9.374383,13.039375,13.2149935,15.566205,20.160297,16.436674,12.145088,8.72685,7.9717164,10.170583,13.452026,14.37815,31.2715,32.27799,21.745623,33.70001,24.85465,17.056345,10.049068,18.689087,21.030664,11.303595,19.668474,22.225546,20.20893,21.111301,13.170381,12.707649,13.06112,10.840333,8.348988,12.418714,17.121826,17.904276,21.957087,14.012623,4.601897,6.2911186,12.21894,16.986607,10.803046,9.550437,9.279948,12.672147,19.75901,17.391933,15.700637,16.737158,13.421236,16.245792,11.991787,17.33234,21.64521,15.796967,12.132787,4.973632
2,0.22691615,3.5600576,6.1863284,4.85689,6.1971965,8.067996,10.228997,5.6212397,5.661627,8.863882,9.144901,10.176735,9.393735,10.823309,11.64703,23.060787,15.539363,1.1839721,6.9448986,14.094866,11.225772,15.308956,8.251028,7.7600646,19.980572,26.543036,24.360796,27.77437,39.999695,41.384872,42.840042,58.323856,150.42001,117.6076,20.09113,15.012952,26.491238,15.902541,4.5835023,14.314946,25.131863,15.303256,16.150663,12.47257,14.862916,18.95168,22.002533,24.17042,25.124777,25.612736,23.267727,17.621729,13.707845,5.0386767,3.5735466,3.1100109,2.700141,4.037948,14.9525795,26.815918,33.751648,49.84835,61.26988,80.32049,61.01575,65.8907,26.239887,21.704905,30.327635,27.584032,5.1972466,13.83765,40.278244,28.902933,14.399378,16.922009,30.716782,25.873138,36.544117,18.80769,14.260012,27.801725,37.814903,22.355888,22.394352,6.1585045,4.153877,17.980429,17.638945,21.07253,17.77535,14.943948,12.982681,19.505198,43.893265,91.24602,49.391613,9.164555,12.223989,18.592287,19.069138,24.857723,11.019953,9.544814,20.8419,22.230955,5.1050487,6.251321,22.723108,19.686369,17.904978,13.363485,9.848933,7.3870015,9.117184,8.926595,13.873307,6.752352,3.330437,20.785309,29.632765,25.011103,28.672441,10.094911,8.479592,24.882917,31.011656,74.36195,62.097733,13.121725,7.470667,1.1495805,3.980379,8.781773,16.666403,30.417639,14.55207,1.1009096,10.827895,15.67532,13.252376,15.38287,8.221407,7.6372504,3.2173088,2.6881394,3.053487,4.4842033,11.736239,10.723534,16.88283,12.711674,14.491376,17.138264,29.446415,14.911352,7.75449,30.782305,45.064686,36.284267,41.57199,13.818645,7.1151743,3.2242315,2.7615154,3.1084435,10.366847,32.347042,24.388994,6.6203094,5.720697,9.15639,6.1452208,6.4959717,3.7315912,3.2344651,3.074285,4.1109886,5.12995,6.385584,5.0444818,5.618317,9.36069,9.545038,10.4269905,9.5579405,10.720759,8.101591,1.4747112,15.302543,35.635906,22.65674,18.524733
2,3.5857067,4.903776,4.9943666,6.8474116,8.788076,6.7408314,7.3597856,13.770926,26.555714,50.83307,30.67161,13.594569,14.756107,22.905195,21.846426,18.178679,10.707106,28.27255,33.77636,26.894352,25.585201,25.342314,18.466099,27.751858,41.338276,38.99517,47.692802,34.36561,18.43543,17.555023,38.98286,34.210968,21.137964,40.868828,38.794594,36.166473,16.842005,13.306668,15.190992,12.463805,13.606098,9.957214,9.110902,15.151731,20.069475,22.991228,32.958706,35.1689,26.82984,28.887169,33.5999,17.082464,19.090872,34.792,31.875568,49.23964,49.233143,28.583878,24.57145,35.271294,22.650303,10.113926,21.061117,22.100357,25.155989,22.255798,11.473023,8.549853,18.024458,27.51647,14.4172325,12.097429,24.077246,19.03162,13.312294,17.121729,21.40898,14.528387,12.039081,24.491676,36.346375,39.888783,32.56321,23.6984,26.615463,25.244999,19.971272,11.330523,11.682302,17.95777,16.476185,10.8106,17.012619,18.5229,8.150513,4.83825,10.645749,11.5568495,11.073666,18.801765,19.347494,14.763793,12.380776,24.75886,21.641335,24.91742,15.980884,17.229204,15.835453,18.692795,21.905024,17.66504,21.23156,21.911367,31.667559,20.053875,11.263758,14.634849,12.099205,16.135384,14.022598,8.965875,13.128596,16.015146,9.637824,9.440869,13.358863,22.648546,17.146814,8.2728405,8.272742,17.97864,21.937857,12.928871,18.76973,26.456688,32.997616,20.342283,11.312968,11.759322,10.540072,8.464049,8.218787,10.979343,19.872696,20.289717,11.005335,3.809227,5.21352,7.2563725,9.114019,9.385332,9.488389,16.10551,12.298347,14.696146,13.586069,6.027279,6.997574,7.617592,11.483102,12.306785,16.290936,11.091725,13.58174,10.275343,4.923949,6.437902,9.575737,23.585445,19.477402,6.2717023,3.42821,3.7450604,4.8897934,8.800123,8.66366,6.9488573,9.925218,8.888087,8.525229,3.7463734,5.3347754,4.374976,2.5828807,3.6336164,9.83421,12.096776,9.821767,12.261558,4.9344125,6.2406735,10.196262
2,1.2296013,3.8004954,5.0839314,3.0010536,4.6893654,4.693519,3.4260798,6.5909705,8.095165,4.448086,5.975856,7.4908466,9.533383,11.45384,19.289202,19.707941,10.014281,3.4766736,6.705537,7.8361406,5.4224563,8.012042,5.3954163,8.518473,11.640698,12.4826355,18.328344,26.802345,53.575138,56.427376,46.596172,37.8957,20.88432,25.285032,32.439003,15.351719,15.480964,18.280916,21.798397,17.183798,13.824912,21.445051,36.123257,36.152027,26.31886,24.280357,21.659472,11.434452,1.8453404,6.090396,13.836008,10.51679,8.640995,7.4422274,5.2063613,6.376878,11.681252,16.408524,21.622784,30.365942,36.481815,24.94349,38.35915,40.82043,31.121061,30.679003,34.07245,29.744047,12.540866,15.213535,26.124853,33.514576,31.049236,23.96703,20.895782,25.617826,15.142622,13.262852,15.518,17.090487,19.428675,13.090418,4.868567,3.5175276,3.480835,2.9512572,4.9065027,7.264706,7.0701704,12.092452,15.603523,13.679083,20.385822,19.393715,27.983477,36.428917,18.54873,5.5186443,8.009574,25.227547,26.02178,14.629688,10.40176,6.855045,18.641378,29.918184,21.02352,12.737979,25.022177,38.35883,19.679588,5.7047195,4.465677,5.5994434,7.4818983,8.524105,11.077233,4.515018,2.9969559,6.489457,6.5945883,5.968531,11.529876,23.128166,19.149979,5.742991,9.098242,16.954445,17.252243,13.291147,10.227093,7.640693,14.459651,10.261682,4.857801,5.2712193,11.719201,29.006706,24.255398,16.980764,11.109913,8.141802,12.05377,11.444044,3.7884946,4.239873,4.5380573,4.8485117,4.4942408,4.9620533,5.079336,4.4866843,5.6782126,8.563961,8.113818,7.702485,10.013691,11.905325,8.632233,6.4328094,4.083245,4.910195,7.8125224,6.2692304,2.931755,6.0386176,8.985217,18.179499,19.839853,11.547588,7.4374614,4.775078,7.877581,6.4835052,3.7281053,1.9632745,2.5062099,3.584697,4.5347958,2.7104084,3.706864,8.169106,8.218314,9.268169,8.178766,3.580047,5.3159213,7.7075863,4.820852,4.5882545,2.7217731,4.532814,7.6659493
2,3.9617376,8.56367,21.081808,29.729929,10.937848,4.776626,9.148321,15.050863,11.02462,38.765453,58.96474,37.51462,22.391218,9.603685,6.561687,19.407833,18.598703,11.2110815,6.7596955,32.78784,49.8151,65.720055,33.83983,45.268253,70.184845,28.326126,21.79916,24.57287,12.462944,44.163754,43.135853,26.499527,28.022434,24.775436,34.775364,60.79829,40.113724,22.243217,4.899676,9.227044,7.027007,4.061408,5.465006,11.0731735,25.168047,39.97305,48.921165,34.47354,11.734678,7.910886,10.626912,9.578497,6.594199,16.399876,15.897198,59.96128,128.19402,71.42919,35.721737,53.55229,22.282454,16.419895,20.013243,8.012267,11.949028,38.095974,60.38179,30.760456,23.452782,24.141443,8.06963,12.755547,14.734475,14.823296,16.094807,30.209164,39.23064,36.794773,20.796745,39.305164,65.50052,27.736143,6.268282,8.554646,15.140069,42.21956,43.73136,26.9086,12.649978,28.688528,38.14754,26.625803,14.50542,4.206233,3.7088964,4.000975,4.874349,5.458715,7.1571617,29.881361,33.051956,25.328363,21.534893,17.383383,12.992095,7.8596616,16.762133,16.657393,12.184677,38.81088,30.66004,21.71779,49.46078,34.941757,25.891268,30.128883,15.346098,13.417306,17.332851,16.3754,10.315587,16.796087,29.120848,17.033087,12.057579,11.321452,4.9056597,13.342776,18.587624,23.002756,14.83689,17.342451,20.893486,7.151333,8.749109,18.739988,29.994549,14.678827,6.3144984,6.537877,4.3060093,20.719898,22.122433,5.965844,7.213989,22.65743,30.92026,12.99259,5.5035577,2.7392683,3.2372932,5.711559,4.6461396,1.891449,5.2861023,22.772503,24.921938,9.018604,6.787542,5.5994406,4.920286,8.189371,6.305349,4.259565,7.4090934,26.961872,22.757195,4.4494987,6.405253,8.665521,8.626858,3.3732197,5.241518,4.870864,6.4140177,14.944825,10.552912,5.7647004,6.654598,8.735432,7.5086083,5.02474,8.42961,7.873267,11.705362,19.516088,9.693536,5.598839,9.5687065,14.053365,9.498371,6.7596292,12.050399
2,10.598886,10.951613,13.592022,9.675028,10.281223,12.841598,21.612633,23.87339,18.806917,11.901084,17.567383,15.6679945,15.212145,20.2281,26.181143,55.524296,76.63307,43.48007,26.111567,9.050168,10.826678,12.033236,12.3066025,15.082678,22.7102,14.541354,23.05032,25.620623,33.806873,32.938744,78.46831,91.24087,99.43115,124.88693,122.86707,56.817806,25.350363,20.519445,20.39733,14.594067,24.611588,25.706709,15.951971,17.565264,28.13664,44.50265,73.033554,70.66343,54.210533,66.68318,45.960503,49.06059,37.168808,20.668806,25.532825,15.555411,9.456486,16.622505,26.189123,31.279308,27.517027,36.19034,38.588993,51.08507,41.52674,54.698875,51.58867,96.47926,90.11252,31.941978,35.88035,31.168415,21.594086,22.465517,66.473206,59.517353,40.553406,47.06439,64.12065,59.58612,63.545296,46.927547,54.280594,85.34556,52.603718,24.528404,18.758947,17.467825,16.633482,27.926693,38.54075,30.019878,26.491385,35.969822,34.740013,25.195454,28.606348,33.83655,30.001934,50.942066,47.191288,45.211414,36.91796,24.294302,37.019302,49.413902,43.17435,43.729908,40.332348,41.189144,37.97379,38.055542,36.373383,45.232605,30.15024,37.225334,48.32515,46.31419,35.889652,23.622305,31.845737,35.416393,16.751902,19.989697,32.130013,19.24142,8.653267,22.005255,26.382185,14.101252,15.286108,21.919168,19.719849,24.119202,26.985186,35.726727,30.739233,32.67104,20.900448,27.572813,39.365795,18.923626,16.42776,26.430515,23.148077,25.885813,27.195831,18.966322,14.798859,18.417414,41.651787,41.434124,24.200853,16.704927,20.900885,19.13002,23.407688,25.051443,22.331068,23.761463,26.630325,28.65693,25.524042,14.638654,12.607637,15.011044,29.067064,33.106754,17.107191,15.563434,16.237862,17.849308,25.366173,34.533,22.642384,18.643585,27.174437,20.314714,11.731475,18.087898,17.728052,14.036826,24.074326,30.51985,30.434278,25.12347,19.45232,12.880469,14.705248,19.687752,12.373661,11.000225,14.707106
2,0.037473995,0.09922618,0.8395432,1.113834,1.5239102,6.0239596,5.3315783,4.364882,10.167932,5.998459,0.8651135,1.4847512,6.234403,32.71333,33.643246,9.376141,17.417246,12.023665,8.580569,15.386323,6.911423,1.7225657,2.1785674,8.2333765,28.994438,23.368755,107.647606,229.37706,122.114,33.757877,47.002464,15.720504,8.931358,8.309842,4.9732857,12.075908,7.6183124,18.078133,29.45233,18.107826,79.687225,86.72429,20.20277,7.284821,5.095343,12.391647,23.727335,11.404202,7.7623096,9.859536,10.468523,38.53905,32.874928,71.30295,161.85738,91.679016,55.409878,81.78896,29.17081,2.0109668,0.8662939,4.3492475,11.90049,8.007041,36.726467,63.516872,31.339872,99.47776,114.57254,29.24686,15.09469,11.406191,14.589583,29.601131,15.160034,11.995105,16.077257,6.7854447,18.675919,16.874334,31.004826,75.14417,45.27508,57.147873,89.50951,34.33453,13.030962,13.52264,8.172755,22.60503,15.92102,38.349075,70.44007,34.056427,77.050156,93.94938,28.528934,45.085342,36.89296,13.507492,27.24373,14.821195,7.36182,10.450528,3.8900216,7.568255,7.213566,3.7252533,9.155627,6.0446014,38.00632,63.213726,26.261507,27.02912,29.948776,10.162479,23.332191,17.37527,33.918964,66.24148,32.887928,42.933216,55.46865,23.152084,64.928444,56.346638,8.916635,5.9060464,3.3756979,4.4647603,6.7358856,5.030137,22.520288,22.722614,8.325471,19.222115,13.040312,15.377249,27.108147,12.495535,27.507118,32.290276,11.457676,27.204718,21.459797,22.056828,45.612175,23.810278,4.4961247,6.318942,12.187958,52.13463,47.908768,9.020983,9.966256,6.069673,1.1318482,1.8397014,5.137437,28.886671,30.84297,7.983736,11.781431,8.452635,5.1247387,9.51987,5.2066746,20.586071,25.593142,9.840134,25.266964,21.108662,10.130235,21.502018,12.001515,17.874794,25.876957,9.8411,18.221624,17.739794,11.826705,30.423021,19.806248,3.7983887,6.1210394,5.2779937,29.108553,32.895454,8.354631,7.377753,5.553782,10.411866,20.751307
2,1.6683148,7.6435285,10.265955,10.212238,8.83143,7.0161324,9.011852,12.568575,23.870241,21.23142,4.49402,21.133059,31.17777,13.314224,8.741853,12.637741,7.8935614,0.50679874,1.102759,3.896122,10.496978,10.903417,14.188223,9.237983,23.239136,67.3168,63.84505,77.12548,65.55302,65.41925,17.45559,6.5966134,12.535963,6.883667,17.93968,66.733055,56.064415,11.206866,47.024513,64.90349,36.474926,28.256569,22.470387,13.564045,6.5054007,7.0486493,12.360971,26.987976,18.049654,9.78208,4.0066514,19.097073,53.458412,37.221657,15.533174,33.107567,36.4275,14.459557,16.408571,27.42343,62.315792,73.33634,38.371265,26.881647,13.048494,19.0928,28.569126,63.48371,52.955463,8.930013,3.139559,3.1551476,11.711471,29.082075,64.0586,42.309654,28.991703,14.7398,15.578237,30.347305,23.570671,21.862347,8.921519,6.050304,14.928398,11.540258,12.140926,49.647034,56.66403,42.318924,29.201647,3.7185268,15.762867,19.563684,19.788448,15.61852,9.1265135,5.5976825,14.029963,50.46289,42.82909,16.629768,46.191074,62.404972,22.244745,12.06542,20.469221,15.076309,14.046369,17.72015,16.455097,4.2756333,5.230937,8.733496,23.413818,27.290985,35.831688,24.223385,6.2487555,9.093853,9.911714,6.8558807,8.663833,13.572877,8.522351,15.202934,46.008644,46.93585,60.02908,37.146976,28.54701,9.782012,4.207499,1.6851795,14.122829,19.536533,12.071294,9.8176365,7.2036576,12.991428,18.639484,19.426613,19.860325,22.813381,14.3024435,3.1695518,5.3345876,5.6039715,4.559928,2.9968505,0.33521274,1.3873761,3.8996027,11.105652,31.841892,56.892193,27.40008,9.1332245,2.4726439,1.4042557,3.5282125,21.501465,28.300646,25.854597,20.532581,3.5706701,19.97824,27.532404,12.520628,10.610796,16.298168,9.480837,1.5971131,7.233047,7.62792,7.8483653,9.765891,13.54543,5.7881737,2.7665865,3.2911322,19.68432,33.637688,18.268064,12.545308,3.0561543,5.131961,9.476095,9.133669,13.751326,33.310646,26.439465,10.936869
2,0.21024935,4.1429243,7.408366,5.28446,6.687026,5.7069144,7.1781983,2.8298848,2.2500038,8.996679,10.455028,11.157267,13.98322,37.486954,34.55837,6.334753,4.4807744,12.482773,9.409025,4.095232,15.853853,37.72301,22.547895,4.433028,2.7676451,2.9648273,14.324967,24.062963,37.203686,54.12993,59.019962,75.761734,74.29515,84.64316,25.272957,12.04503,6.182633,5.6351767,6.6189923,11.797581,35.540024,28.451105,15.463549,36.223106,88.86382,57.925304,32.378403,18.160463,2.9944592,18.651487,33.01539,14.725125,3.5387368,19.21627,27.209347,9.267144,1.9239672,10.3472,12.529333,22.990824,24.624514,32.405678,30.565542,30.81571,25.342375,7.6834664,5.6173987,6.2342644,15.650304,36.47612,34.058918,56.191864,30.207027,8.73672,24.897503,41.43933,64.66056,93.290634,33.924183,2.9766192,13.759972,17.771353,39.530476,42.67467,17.704323,16.216738,28.483461,25.290375,16.661478,14.562849,20.630922,15.509879,14.0157795,8.987975,4.448777,7.3116407,13.802078,7.0720534,2.985223,14.400552,22.771914,9.635134,6.139612,28.118809,35.851906,22.870962,24.391088,38.69613,39.353794,8.332956,1.6192801,2.1416988,1.7756573,0.7370732,2.3218143,6.2469354,11.602452,25.998936,22.28119,33.745674,27.056988,37.9292,18.400415,7.243459,7.969707,11.178279,11.432735,14.43842,16.286919,18.948,5.5334387,5.825385,25.776613,25.10718,7.064802,5.990306,13.121064,10.3000765,1.4091749,0.6840285,1.1361827,8.6897335,19.567162,11.154275,3.8456032,9.7982645,17.102226,22.986149,34.327183,15.559531,11.848813,23.385948,29.422329,11.370451,8.557064,8.913441,8.92623,1.9134948,3.074265,11.255314,12.644653,26.800169,20.208542,9.202854,6.6487603,6.9206343,6.741769,11.28,6.290814,3.79836,13.2236595,21.975592,17.742216,22.973095,8.351995,0.56300676,0.58997566,3.5748928,20.798418,22.532385,6.4153867,6.500089,21.073835,19.630775,23.978542,18.985806,9.826295,6.7815256,1.0997759,7.4240026,16.741554,17.601906,29.566938
2,0.49143225,2.2053525,9.131577,8.361543,1.9089019,2.1118433,1.0523885,2.0100906,1.7055137,8.009006,10.775852,5.7533865,11.615243,9.808069,40.47283,45.171173,18.050636,29.687803,17.850803,41.001354,37.99174,7.821499,6.9703503,11.84062,37.888664,29.154127,9.8964205,12.768144,19.796019,50.042522,32.370514,43.28283,49.115135,89.43492,183.81732,95.56274,26.821499,25.278292,24.346413,40.614697,17.258827,10.5049715,8.1986065,4.513226,6.2171683,13.060033,34.193695,22.128153,7.696973,8.738723,26.721916,56.46868,30.576477,28.658989,27.471336,14.810545,23.867075,15.197953,38.606014,30.782492,19.983604,27.787306,28.362549,72.02969,47.942043,56.542545,66.34007,54.38447,110.93447,59.844025,15.196839,14.791044,21.846573,38.11667,17.87695,24.137627,19.51809,2.587082,1.7957622,26.683552,73.67485,49.30229,5.068342,4.326093,16.9286,37.24345,20.670918,13.8803,13.756566,16.597792,29.202091,16.275099,35.06356,29.044142,37.8134,55.17429,29.103222,60.212044,41.540176,54.422546,66.05284,28.610487,49.282333,27.583181,3.67178,3.6579957,19.55833,35.584015,16.222328,6.39979,5.4476314,13.908805,20.769732,24.87865,68.17277,47.25083,14.964654,17.941273,12.51259,26.113575,15.040296,10.80126,11.062777,10.137421,18.246367,11.9740715,32.134403,27.442146,25.692137,38.539555,17.200592,27.887268,20.213306,40.51149,50.903275,19.111097,28.253258,16.472244,7.9201293,8.245174,11.436809,21.33639,11.582676,23.086432,20.076805,26.31583,40.411438,22.482264,49.19457,35.30136,9.111,10.955084,8.282806,18.106169,10.886275,10.689413,11.323929,15.778539,29.922756,16.719223,33.583576,29.62135,19.052818,29.043077,12.60576,17.359436,12.989277,27.052729,35.170086,13.507243,19.967808,12.569532,20.588083,22.206493,8.122964,12.382482,7.767129,20.484983,18.390404,19.68326,31.149721,16.502647,34.329136,25.503078,7.830294,9.826737,5.2449517,10.532681,6.8208475,12.837654,14.077074,11.475272,21.888115
2,11.279282,10.834719,13.555215,14.233208,8.83937,9.745096,18.308048,19.340982,14.094389,14.034782,12.2051,14.28474,22.25311,29.512808,14.982554,16.380087,16.560457,28.674,32.171593,20.485422,16.42938,11.067567,10.477943,16.52795,19.47118,20.914856,20.690397,19.61924,28.036608,21.20441,10.55339,18.511261,30.412119,36.497883,92.31054,153.37639,106.59611,37.961384,20.351433,31.134012,26.042383,17.57287,21.36087,14.624483,14.0111265,14.32171,23.600985,29.609306,21.481422,23.323877,28.813435,36.54508,38.849457,28.451508,17.624186,9.988249,6.217894,17.408308,26.57707,28.72403,34.209446,29.976994,21.57492,23.356337,19.709608,17.513037,23.875393,60.56438,80.04417,79.539604,104.37288,128.6458,69.77633,38.61334,25.476349,23.1638,20.960304,22.65288,21.882156,15.579849,14.673852,24.33993,27.709436,27.985546,33.69252,19.529734,32.523743,62.075092,48.906902,35.714443,27.764814,9.914442,22.228975,33.11141,33.26657,13.755972,6.449698,14.28748,15.065456,16.18645,14.723275,12.551232,43.487106,59.627205,62.688107,81.53961,61.55568,55.485817,49.044556,26.747599,15.986127,24.271427,17.976833,12.642885,17.130066,15.838774,10.257012,13.7214365,29.87895,26.401793,15.773256,15.823049,21.61116,24.928759,28.341917,27.042671,15.481831,14.130285,14.8621235,18.91721,21.609272,20.924467,18.470701,7.8489275,4.5987616,7.802075,17.74915,22.993227,39.5794,70.23968,60.51917,30.67627,39.65184,38.699253,32.60605,17.078894,15.964228,10.681872,8.078459,14.522493,13.879551,9.733658,7.7609615,5.94639,10.755008,12.190801,13.8094425,18.782188,20.442991,13.88848,17.484991,19.478298,9.613526,11.009716,11.676334,10.033709,7.2547383,5.778199,7.691053,16.521723,17.616192,16.185198,10.122492,34.441483,46.116653,36.14386,25.844566,16.789797,23.127459,32.00117,20.038807,15.166024,14.924634,12.566607,14.368881,12.578826,16.006395,12.949505,12.507705,14.820121,19.94504,14.446147,5.039985
2,1.5213059,5.081521,8.516511,7.8670745,5.379711,3.45187,8.722296,9.855872,6.554639,5.778784,5.6653132,6.8032312,9.555794,11.237966,12.21261,6.47085,7.147138,10.564821,8.4278,6.7632203,7.1012826,9.998792,12.843635,12.306627,8.56709,7.9687047,19.403332,45.001873,59.78241,24.14487,11.088202,20.952015,21.900906,20.141825,13.459414,8.358155,5.026296,6.5664496,11.899583,21.920324,32.33432,27.19888,20.743814,12.9172735,9.510315,13.013561,14.488184,11.383003,10.238677,10.848099,6.0779862,10.064342,15.207285,24.06045,40.741196,27.71397,36.777435,24.865767,19.431849,25.419765,19.91198,11.719582,15.374375,23.673607,21.256008,18.64763,13.213563,25.295269,39.54436,27.67201,30.036827,19.331587,10.878159,23.519318,22.593573,6.1811733,8.022795,11.481798,10.413329,8.521655,11.045777,16.914305,19.577879,13.24946,12.289932,9.039308,7.7913766,16.459621,17.737568,16.011677,16.64387,21.672775,18.099648,16.599403,16.230478,22.845995,27.375605,28.048235,25.364174,10.416031,15.026846,20.94007,15.703275,12.70247,5.751774,5.6849356,8.289989,10.563533,4.780055,6.345922,8.613039,4.507705,5.648774,10.86065,16.057402,14.409491,17.29541,16.013247,11.147435,10.177709,8.313336,8.744697,7.3522625,8.797669,17.715414,17.354671,9.884069,12.940779,13.708583,8.169815,16.843424,18.845974,20.80525,13.997166,7.631919,7.264659,6.872855,13.813312,14.163018,12.380623,6.2608,6.813572,3.6095061,2.8699157,4.727614,4.617271,6.816985,6.332366,4.822795,7.3066697,5.344504,5.635845,5.7227387,3.7816968,5.9034653,16.397343,12.4560175,7.205883,10.441302,10.260163,11.029057,8.27803,3.849687,3.4146786,5.512601,6.768127,6.00764,4.4454784,3.5821743,2.80036,3.9413016,6.7103167,7.8226023,5.215472,8.030454,8.702455,4.0829697,4.8075523,6.521451,6.7210145,6.836908,4.522167,4.236816,5.989932,5.511166,4.1815166,5.934582,7.791589,9.947708,5.2172036,6.1839323,7.437352,3.636717
2,2.0801144,3.8399029,3.991037,8.921726,16.584606,17.507517,14.031835,9.481122,10.414056,23.410454,17.283201,5.4816446,7.775374,9.790701,19.443155,20.357485,6.965857,5.2288985,3.4889266,8.972124,14.556476,7.0176945,5.7778096,5.6549816,9.501598,23.15737,21.776756,16.19839,9.378388,21.59271,35.504288,31.365257,6.0350475,2.916269,7.546777,10.591798,12.4021435,15.532834,43.719727,39.161972,14.729747,9.974764,10.099302,11.07127,10.727288,3.4819067,4.4622636,19.066345,24.73334,15.77849,7.5827336,14.355048,17.26635,5.29797,6.3214693,14.859225,16.67704,6.9725676,9.5371685,9.621002,13.913641,21.522053,22.790785,21.395292,17.27869,6.138155,3.5263093,4.510363,15.592268,24.309668,11.312214,28.732779,28.914415,6.436223,3.969081,5.900986,5.95738,8.5701685,18.012253,10.865246,1.8790905,1.6690955,2.1110067,7.7111864,16.149431,20.596792,12.748081,30.380566,26.1698,4.9005613,5.9063296,19.838745,17.677612,17.777742,32.048523,18.530766,14.463346,15.87844,5.8322015,2.1768436,1.5854747,14.90048,27.947922,14.610573,8.012845,8.389815,7.9895864,6.978424,5.673817,14.664304,24.601547,11.222293,5.297807,10.063595,15.099004,10.892788,6.5927024,6.8931274,10.42922,7.33351,17.824541,18.503239,14.735686,27.06395,16.600819,8.740735,13.699502,12.571494,15.54007,18.573511,19.303125,7.309099,2.0454593,3.252981,6.8833337,11.747732,6.777051,2.0763206,3.9811742,9.310787,16.996887,15.439052,9.822088,5.840406,9.748325,9.853019,8.476816,6.320254,4.076175,3.9226289,3.8725927,2.361187,6.5242653,9.565861,10.89055,10.518102,10.939817,7.197573,3.5760598,6.08376,4.1297517,7.997772,8.361624,3.2666702,3.6860445,9.339173,13.455178,16.18966,12.752844,7.8897896,3.2747157,4.7869134,11.722226,9.9083805,6.6375203,3.667315,7.926572,4.700685,5.4200816,8.14113,7.0609117,7.0004163,5.631518,3.0699131,3.1991928,2.9639902,3.6611578,3.962833,1.8319165,3.7247367,3.1881764,3.4346406,6.3570123
2,1.5711453,4.471666,4.856241,3.138345,8.529419,9.755867,7.278627,4.3307557,4.145968,9.160008,5.6308846,1.1517223,2.9551492,5.758734,8.890919,15.451008,11.6237545,7.1009936,9.75,7.509147,3.901393,6.397789,10.427394,15.634129,18.736935,17.40932,16.414562,25.740095,23.029196,8.07848,3.3839254,3.3143275,8.588724,31.099365,32.468765,14.482803,7.181946,1.9050695,1.1453979,3.041545,5.601366,11.111015,14.075515,15.962293,11.500549,7.21836,5.712471,15.406691,12.514609,9.20037,7.4840007,17.392294,25.577486,17.78456,13.69549,10.586802,13.557703,12.043266,8.2392025,4.0844464,20.384375,37.872192,19.49804,10.778286,14.116278,10.587749,8.636739,6.5097914,23.346394,27.092657,22.289188,15.877187,11.589548,3.7188308,2.9755797,12.608525,32.95813,27.19678,23.07372,19.959059,16.577698,14.55959,12.436165,15.001411,18.908415,9.880554,5.8372245,3.6895568,9.129465,8.787312,7.5646095,9.595896,8.433821,3.5279872,1.64522,10.18727,20.327225,10.347729,12.698166,27.010178,19.571014,16.663832,19.964771,14.727109,12.077451,12.015371,7.4205904,7.143533,18.537436,13.513566,8.057474,7.0677366,11.1968355,14.695199,9.0617695,7.3719196,7.213532,2.669412,0.7016738,3.1750867,11.695105,10.318712,5.201313,7.408053,9.300935,12.697609,9.340679,8.546354,10.041271,19.643658,21.301926,18.070858,12.426203,8.813117,2.3712914,1.7041287,4.3022084,9.797688,6.556917,4.731421,9.288169,10.656284,11.650446,4.056696,12.755899,18.723297,17.152683,12.595018,5.909111,3.7973306,6.5294642,10.147953,11.996032,12.5542555,13.963802,11.869975,9.421905,2.2722468,5.1813297,10.262483,17.917183,9.829024,4.3161354,2.864284,8.074846,9.048311,5.546783,5.9375024,6.3844614,5.341643,4.901288,6.2347617,11.068252,7.9431057,4.5199337,1.7775927,9.371253,13.321172,4.875667,6.7935734,10.215123,6.231725,5.970204,7.491955,7.7288957,7.5992556,8.106253,6.232132,6.2427034,7.536098,3.7071216,4.778595,9.238136
2,0.5080961,1.9235902,2.4545102,2.39976,2.63978,3.5818775,4.386349,4.7043815,5.414827,8.694086,11.499722,5.8616056,23.500221,47.536797,25.630638,11.571273,20.837336,15.940719,10.032615,27.644403,29.499847,22.026672,32.09003,44.215508,46.33387,44.22273,46.45886,24.356598,4.208437,11.437469,9.638837,7.733751,6.0655837,5.793084,6.7731657,42.26036,63.24156,34.776726,23.641705,4.103602,7.2926445,9.23316,3.8868124,9.597649,17.419958,26.263735,31.369816,42.79904,33.970276,31.206224,33.17797,28.798971,6.2761807,4.3231726,7.5934014,20.123816,17.653427,15.1986685,19.002415,28.111006,55.384495,39.13403,21.016308,15.283995,19.321379,33.85729,19.588663,6.02545,5.0012693,3.784584,1.0850329,5.123877,18.265451,49.63457,34.932713,12.714071,13.482896,12.382783,5.5984173,10.170327,14.082407,19.119926,21.236242,28.834332,16.72427,14.030526,28.053152,19.867981,6.500567,19.05802,18.738188,4.0020967,10.04126,13.926964,4.6187754,14.844644,29.800714,22.748732,21.465956,22.523994,20.451466,21.74226,9.435737,4.46629,8.540222,12.053068,15.7028475,12.753901,16.766375,27.823133,23.273504,22.267439,7.239669,2.930289,0.7816229,3.6348078,4.013602,3.7637336,2.3503413,3.6856778,14.836119,14.0235815,11.189062,21.67341,26.536537,19.389542,14.173563,8.237963,10.741112,10.940405,5.1610503,3.0531693,7.4528003,31.300806,28.728119,12.399037,12.029485,13.877483,16.441208,12.818093,6.7641,9.371246,9.648426,2.9979844,2.215928,5.162623,19.545755,18.333593,7.711258,3.9436343,3.842442,13.098398,10.41704,3.3383915,7.6674194,8.428742,3.4447992,2.0202215,4.2971478,19.324144,18.902468,11.315929,6.721273,4.1393666,7.4450307,6.029187,2.3149612,4.9110794,6.267157,9.009773,8.0517845,8.648663,12.381772,14.339151,19.730583,11.951989,4.9767475,3.5755947,4.6490893,7.4881897,4.062454,3.9241261,9.790424,10.477265,12.926967,5.757731,7.5618014,17.19217,12.775441,10.600864,4.0433064,2.4492223,3.4029322
2,8.817328,10.118916,10.772797,14.2958355,15.298593,7.548298,6.9809456,3.8449929,7.9743924,12.854789,37.38484,39.676693,17.056879,17.209318,11.810772,16.485722,17.276154,17.227322,20.970203,20.439753,24.213388,44.899136,26.93232,20.01987,39.38874,32.789143,36.270653,20.260382,25.655794,49.68752,43.774715,33.916626,36.217026,14.097619,29.639696,33.199574,21.599674,18.084465,14.044044,19.002478,22.390295,20.764353,10.629176,14.555925,21.141716,18.454525,24.565887,22.77168,15.31421,16.506554,49.50897,45.752274,23.278196,12.2636795,22.15845,34.543396,24.38186,14.553335,26.58504,20.365597,29.597542,50.1664,35.841995,23.395927,36.276115,36.12976,14.308799,9.765145,12.0055685,14.076955,11.383515,16.248213,12.531174,17.791027,18.618765,22.267427,43.97879,34.55844,21.377226,13.54988,14.271312,19.065357,11.812122,22.885838,25.533087,28.632483,37.84218,36.687836,27.645826,14.989301,13.848182,21.376116,17.098673,10.554001,19.153807,31.50696,26.206581,17.180992,12.299676,15.258924,13.559871,8.138235,4.555292,10.401247,27.530785,35.73046,29.063086,21.238815,24.744356,18.738565,17.710392,19.51842,11.961618,10.650007,10.24659,24.45441,23.381807,30.064579,19.485298,13.121638,16.39209,15.668279,9.998954,10.331712,18.920694,24.366161,24.309616,17.99533,13.316404,12.063422,5.290338,4.5976925,6.4098983,15.031717,24.860714,20.524805,14.756191,15.948983,21.077038,16.96222,15.79513,23.78999,12.6116,5.059431,12.303729,18.88409,16.610828,11.669441,8.088014,8.335615,5.7837358,14.5121975,15.860483,14.090772,17.734276,11.996427,9.006252,4.918601,3.477474,2.7582817,4.630868,5.552373,4.7452493,9.397692,10.417382,8.039971,5.3305125,11.52357,16.60707,11.222174,8.592556,7.1198525,6.3939033,9.893629,9.371127,6.1910486,4.786804,6.552975,11.989414,11.89041,9.323856,17.901554,16.834578,8.63379,7.28252,7.6054454,8.87531,4.5072227,3.1752918,5.8382263,7.9291005,8.108109,13.456627
2,0.94768673,2.2844048,8.483126,14.7754965,15.398911,12.051368,5.1816792,5.677355,6.610628,7.85868,8.684189,5.4659038,2.7296817,6.5144076,12.1351595,18.68886,28.471224,16.137781,7.8359423,6.3832645,12.53732,12.727099,12.651203,16.423313,14.985915,13.049321,8.877682,12.887448,32.16809,67.78925,98.38238,98.95201,45.30477,36.91314,29.43864,7.126176,3.2262406,7.027299,10.931242,10.838541,8.664482,8.628046,16.528345,19.519615,22.438929,26.075287,22.136652,19.226473,15.0981455,18.976206,16.587652,4.6273317,12.338125,12.166915,15.315806,35.992325,26.678125,11.482838,26.422812,40.307316,49.43413,54.910885,40.258904,31.498774,29.877344,22.023182,15.534797,8.784664,30.041214,25.038761,5.431819,11.454946,11.428015,16.848812,35.032833,23.093653,11.55433,23.323677,14.809177,11.391204,18.123758,9.24262,7.947289,13.680085,11.107106,9.534853,8.534447,7.8352275,26.605825,43.928577,69.43959,55.92177,41.375694,13.042729,4.6637797,3.7788322,5.886227,8.996665,20.014078,33.16131,32.429306,33.062664,34.509632,12.942884,10.87859,17.278652,25.134073,16.09126,1.680599,5.8453426,30.869713,33.00416,10.41088,3.859301,2.3080544,3.9421618,3.1040335,19.87409,31.117617,23.722328,34.740734,42.277573,13.962332,7.957678,14.171469,25.104712,17.555143,11.681397,8.967526,8.907763,7.5301204,9.009745,32.146656,29.161835,17.94872,8.280477,14.069157,21.530489,29.801256,21.488728,12.145337,3.9382045,9.328081,9.872334,2.9781587,5.7409897,8.698104,12.649299,15.079838,11.836933,4.2112565,12.10468,9.141683,8.4654455,21.180803,14.737092,10.056645,17.77393,14.588194,12.677795,13.158804,21.64413,19.642132,4.410827,5.4142504,10.131197,14.043784,5.460777,7.105741,9.9091425,7.6966305,12.408303,14.875311,12.687974,6.9326806,8.083392,16.246431,11.494943,7.770758,3.4196641,7.1231847,7.0101933,6.1118116,5.8596478,4.575085,3.5211074,4.8314176,3.9347744,7.573334,16.006235,9.964589,8.125864,13.851855
2,6.697831,9.275627,5.993711,8.789304,18.989597,21.931833,13.229302,19.0318,44.582813,49.070614,42.703617,27.933043,10.931186,14.789057,23.072027,18.125046,14.572776,18.413921,62.33617,62.23863,13.957189,14.112235,31.931578,47.85885,33.503796,33.625603,30.860441,57.80866,83.40818,48.56651,19.676296,25.170649,29.854044,74.15258,76.44274,27.46953,31.427416,17.531103,14.88124,11.164294,8.6617985,27.09587,35.153255,32.558235,42.997917,26.648708,27.61714,19.537548,17.745188,25.831722,30.928299,60.380817,109.05292,60.869312,13.253857,15.293408,23.976595,26.900774,22.278553,16.338984,34.555058,86.46006,74.49914,34.665882,15.8873625,21.252838,8.862274,11.436267,22.522947,26.832987,19.577173,18.315989,27.470984,23.647251,18.816555,35.52515,33.62485,24.393785,18.567574,47.0682,70.21145,44.41205,25.335243,29.739298,40.554382,51.38253,47.830944,26.792423,29.684353,42.000645,29.530132,29.474077,34.192936,31.435535,35.380962,47.10108,24.910393,15.415426,8.336342,5.8167562,6.0538745,10.248786,22.25682,33.766357,31.855652,27.166372,24.291048,30.654505,30.085218,23.522182,32.930687,25.285488,18.102951,50.581238,44.25624,18.365412,25.19983,37.20907,23.858313,13.874466,8.513947,23.110298,35.83582,40.531803,36.41103,28.66222,17.264519,11.0170555,25.565166,22.592482,13.67309,20.504278,23.764086,16.901072,15.934592,24.608665,43.46509,39.755455,13.510754,11.944581,14.788051,32.560898,25.229456,22.885464,41.432144,43.56482,24.647427,29.086521,13.684632,6.2452397,15.621511,13.879189,20.558733,25.860909,15.486564,20.109625,14.55308,18.773315,25.148706,20.320093,3.923589,9.7824,19.740803,24.363007,30.654692,25.375738,15.408618,21.643625,28.853136,19.968342,21.023355,19.633179,19.410397,13.297753,16.474283,22.421423,16.347227,13.9627905,29.434214,26.326765,18.65468,10.6447935,12.7712,17.453304,6.3823276,13.697103,37.339096,30.913315,23.418903,22.108923,16.329317,8.097407,5.4919434
2,0.47861674,5.2362757,13.262551,9.006006,11.119474,8.952533,10.194101,9.768512,2.4742763,2.7638226,25.553413,37.62349,13.673823,5.094741,2.3490455,0.7259046,1.3900926,4.0203724,2.9089487,0.6224583,1.2545056,7.0265656,7.785621,7.7923737,10.422718,48.56082,82.28252,34.586617,1.7938989,2.7865994,7.345937,5.550668,9.323092,7.882124,8.660489,9.980719,40.197086,50.726154,19.107368,19.447765,7.5601735,2.5636392,2.7732553,6.260935,4.1070714,4.6708784,6.067478,22.65053,21.487913,5.7050133,6.04393,43.105244,62.449257,28.298933,32.3396,15.639527,12.535208,7.172477,1.3397237,4.916273,19.582518,19.243427,51.815067,56.228428,13.370334,4.9384613,4.051519,6.261423,11.742061,24.05269,14.680416,20.592186,14.874616,22.686665,18.523205,5.41431,5.66997,22.079514,27.465288,20.80011,29.631357,15.466319,20.471506,9.932127,1.6644075,1.3110114,2.5761404,9.11754,39.715714,37.153576,9.529562,8.068078,14.334134,20.217415,20.338049,33.92545,15.445853,8.31648,16.983662,47.977726,33.73043,10.001255,8.374894,7.357734,7.881947,11.034729,14.399929,13.796668,21.387306,13.484863,21.582338,11.235249,3.3684254,4.4237556,13.6858015,11.013497,3.2609072,3.0151665,4.413643,5.354791,2.8793848,3.7759984,9.623407,18.148607,11.628398,19.146116,12.01894,11.103491,8.407974,7.3518023,6.7986994,5.236141,6.074145,20.123617,28.182278,11.078685,10.373423,4.9405046,4.4184203,4.2586436,10.10469,6.9742217,0.71685934,1.7123436,9.28106,9.806059,5.778362,6.9645314,5.1517735,7.5625405,6.204148,10.959308,7.2534375,11.950437,7.74462,5.007889,3.9750528,1.9792687,2.6685374,14.264357,17.209703,7.962799,9.73987,4.948307,6.449453,7.413305,16.205568,9.60388,3.4924614,3.454226,10.032418,9.108769,2.2102928,1.9572947,8.025001,11.083052,6.7893677,9.813763,6.8174667,11.59238,6.314776,1.0195467,0.68938607,0.24029477,1.4475127,7.7395844,8.033917,1.7386,0.6620891,10.066452,16.030966,6.3134446,1.5067319
2,1.0147744,4.1961074,5.5245576,5.5229254,9.56485,16.284962,7.9362674,7.0315785,21.200714,15.788097,4.7731776,21.232399,24.215197,15.519222,12.558775,12.409006,7.41599,7.394565,13.262346,9.109221,3.769711,7.34281,8.75129,12.214473,9.198878,15.001353,62.994667,61.537266,14.3889265,8.928772,11.5999,20.165257,18.97175,11.069816,34.412956,48.559975,33.39722,37.318287,59.395943,33.948326,13.12979,18.123941,15.941525,11.646091,7.168355,5.250253,6.7903924,20.02425,38.579826,24.531303,18.972288,14.194329,14.517561,19.951883,23.297241,29.86018,50.538033,37.186428,7.504317,6.110796,14.296567,38.638203,28.264402,15.510581,50.519123,54.644047,30.639864,20.337708,14.513515,50.597904,51.790314,14.9657,20.896633,30.973167,17.754818,14.866838,18.108696,14.321383,13.671091,7.9344296,8.33563,14.23441,32.30404,44.23365,15.718861,18.394123,39.735344,25.143778,16.525568,12.813176,11.398396,11.711263,31.297117,39.834133,15.763063,23.02924,43.00166,23.467379,16.021496,37.68332,29.688833,11.344322,6.8109584,7.2702045,16.244713,12.028588,3.795789,20.985722,24.575998,21.319822,14.473253,2.5012214,11.904968,14.313463,18.028183,13.347955,10.093834,12.173174,18.473927,37.20113,32.075123,33.38732,19.439823,14.750385,7.050732,6.5009956,7.7120867,6.762379,6.186454,5.4639697,14.272051,19.761543,8.932806,16.473345,34.514668,19.129747,1.7728546,0.5647446,4.055651,8.535986,4.8414507,4.8339553,15.195584,13.686166,12.342032,17.8519,21.655788,22.52648,16.852182,2.3360524,8.514728,11.11935,15.282106,11.297311,4.57503,17.514345,22.254927,31.29235,22.206324,8.153654,16.866047,19.062634,20.485695,14.212591,6.9855013,7.1405945,7.572144,9.106359,7.79664,8.403675,11.536374,13.660227,20.339375,13.982554,10.333693,13.969242,12.596294,2.7737684,6.9960313,9.804997,4.2602234,8.841102,19.051756,21.855045,25.806456,9.145814,3.5781295,1.1410689,8.634105,11.296687,7.407766,8.672176,13.608219
2,5.603566,11.804511,10.852488,4.2357435,1.6585602,3.1653523,8.397532,15.908777,26.636156,32.930668,35.48339,14.9284725,6.6360507,15.521024,27.077524,17.250162,13.462692,12.537928,7.4435115,7.8061037,32.669395,57.94961,77.49563,57.120667,24.909132,22.186481,12.629427,5.068086,4.343179,12.02541,8.263695,51.060238,102.20939,53.194332,28.974922,42.311615,49.122246,46.300858,38.95994,18.2451,30.008787,31.923225,31.237944,25.232006,14.287197,10.418264,18.891432,24.472034,44.19058,53.182785,25.996029,39.401672,51.217484,59.271385,33.06301,16.775978,19.312826,41.046173,24.22777,40.418713,61.21222,23.828768,36.931934,46.740765,40.255936,19.601799,23.963966,37.38652,35.856335,25.082607,28.836273,47.27555,24.831074,23.811453,31.169292,19.95668,29.162628,31.56254,26.022427,17.01727,28.54269,42.294666,56.27316,32.73656,49.994175,81.9192,44.318497,25.718384,18.814186,13.272878,13.379673,26.655443,39.3256,31.622103,19.927626,8.573475,12.095925,16.850315,15.468858,11.930248,13.64624,8.49165,21.576351,40.412468,18.983053,3.9429038,6.0918465,9.337135,20.111282,26.91037,32.5826,26.90647,30.985489,37.753338,43.217278,24.536055,9.531907,13.127661,8.386716,11.545242,14.967756,18.527126,39.15265,38.785206,29.564394,35.78214,23.541834,4.752843,6.5565596,4.5463095,4.955617,7.5103164,12.172644,13.005031,23.704163,39.404255,24.762104,14.5605545,8.060131,10.981985,7.435528,13.939931,23.709055,12.608335,38.665035,49.993652,16.035631,13.924912,16.775148,18.112473,18.377638,15.064244,12.779185,15.373071,20.459728,17.690817,6.1550956,4.959391,9.398558,10.662719,6.3178096,11.592309,10.093528,6.612532,14.568576,9.833993,18.222013,33.726875,17.679832,10.169107,12.728676,16.391743,10.458833,5.738562,7.0957317,4.6636996,26.2107,34.30181,13.97367,5.8517365,2.4595804,3.0592902,7.3330593,5.2991447,14.213322,30.430357,19.077492,13.637638,15.551522,7.7759404,5.6029253,6.440653,8.190814
2,0.26442653,1.0530576,5.013224,4.985201,1.6329459,2.5910478,2.2189372,8.596308,8.381604,3.3796217,5.7958574,6.607322,27.652882,26.483095,4.8885245,0.83432335,3.0423665,13.663603,12.857951,8.4475,14.992632,7.9389524,16.5523,15.31362,12.294862,21.884394,10.0784025,7.3872113,6.721558,13.38515,23.802977,11.543729,18.688732,16.727837,22.49302,39.044,18.289803,28.332052,24.865355,4.1411514,2.5921652,1.701417,5.1699834,4.5217237,17.942764,30.209951,12.986654,11.331504,9.622645,13.920065,22.951359,10.836996,19.76274,16.46883,3.3669038,4.1101727,2.4470925,6.6433544,5.575641,24.318708,38.811764,15.728258,15.101285,12.19132,18.49237,28.829346,11.304302,7.6892304,6.0795302,1.0996262,1.5440592,10.69302,35.865784,27.866173,10.550058,15.253742,8.2895565,19.849232,15.153547,2.021227,1.8211334,7.203098,22.942858,17.286493,18.478085,26.763632,9.635438,6.3646197,4.703179,6.661698,9.530315,5.6111755,14.062533,10.175682,2.0133796,2.5364661,9.248232,27.434963,19.514086,1.8225547,0.86537784,5.6164436,16.369226,11.516774,12.591285,17.01842,6.8960323,11.866918,8.213742,11.4924965,15.315331,5.2831764,6.4435453,4.932801,21.0404,27.546011,10.474349,16.747906,11.094547,2.7506657,3.3926039,1.0122844,0.2176788,0.21864079,1.3697371,1.7993096,9.097534,23.717001,15.180141,7.573983,9.329015,4.016521,7.629523,4.784109,0.9203804,1.089035,3.1687398,7.883112,4.994577,9.15523,10.984415,4.2730184,7.4586105,4.523332,2.2103868,2.6073024,5.747516,13.6982,8.242865,8.668387,10.036386,3.627601,6.1164603,3.9406545,10.726344,12.212594,3.0417829,0.66177654,1.2616973,7.5920644,8.494653,3.4039555,6.0611534,3.4783418,4.716174,5.185365,1.7081099,2.6034336,1.5505853,3.3173494,3.5893142,2.1858535,4.409532,2.8992295,9.125242,9.695815,2.4710226,2.6481876,1.748868,5.636274,5.886019,1.4468348,1.5129807,2.640591,13.218811,13.564827,5.2345653,8.895551,4.543939,1.0118692,1.0215467,5.8215566,11.641041
2,3.3459125,5.9105053,6.6042023,13.304559,20.948126,9.445807,5.8159137,6.764665,8.964486,14.927636,8.676423,19.474865,25.14008,12.810893,12.911947,9.67311,4.6043386,7.512312,18.971731,12.948967,7.291261,13.583333,24.568943,17.53728,32.32538,43.282368,39.530155,21.026642,8.761836,13.23399,20.757957,11.818861,10.662275,21.661055,30.972876,32.016872,18.258183,22.106455,41.163628,60.551945,46.521465,30.373714,21.73431,26.121136,30.01405,20.18703,12.921908,15.108287,21.346178,10.60658,7.44918,11.5971155,19.19157,36.580395,25.45375,11.185948,10.811421,13.641005,21.277315,30.251299,32.457058,14.930142,11.358009,9.71422,30.602098,55.07705,67.72065,42.084053,11.066081,7.8873997,8.882255,30.284191,37.943172,36.147293,16.158745,12.075159,20.407438,21.304731,17.89177,35.142944,21.874073,7.4478526,8.171326,6.780561,3.728854,11.100363,21.809298,31.382261,14.718879,7.6648216,21.342056,30.791473,12.864426,24.039595,21.948025,10.654221,15.140246,26.04582,31.195948,28.49084,11.270863,17.894035,14.656694,11.6376705,19.579016,37.414276,34.19332,25.869587,16.059017,12.36191,6.747177,5.277825,6.257863,7.616753,10.456089,9.486983,15.812621,20.50905,9.286626,15.467269,13.156307,16.931602,29.810217,15.025622,8.56785,13.919652,19.089586,15.189036,11.366704,10.513327,16.603977,27.127798,14.959131,4.4237137,7.643037,15.242305,22.297691,14.976571,7.676185,10.816141,4.6610584,1.9763899,6.1528263,7.977199,4.8685784,13.651243,11.75427,7.8119416,8.342076,6.5469165,4.807725,12.916,19.740746,17.214077,9.062665,3.48236,5.9305406,10.536045,22.508535,17.200294,6.445354,3.449009,5.644657,4.2907577,4.0149007,4.718194,2.4724293,3.1742096,3.100189,15.576274,28.554184,14.183889,4.4294176,5.9500494,8.727061,5.906254,7.027205,6.03367,3.7716198,6.823131,5.3503165,4.1172385,5.1244717,7.457693,4.9995174,3.5972378,4.3535204,8.927188,16.828495,10.782508,8.690589,12.379038,14.79293
2,2.1863036,14.794619,21.85274,7.6429086,6.3844924,21.859941,19.075361,18.051878,10.859783,4.8751807,12.250837,15.115467,6.3853292,6.977048,15.304454,13.082463,15.822944,13.635062,17.141815,34.529663,36.7761,14.999346,24.709412,53.849945,48.031544,61.1196,53.139675,59.8465,61.205597,55.380093,22.5191,17.60137,21.11098,11.860705,9.81755,34.137306,36.727165,13.9692135,13.227444,22.612286,20.06609,25.459303,14.9215975,16.736088,47.022766,44.065704,22.67738,38.854584,72.1793,45.50374,40.839268,17.68461,20.473324,59.546932,48.042343,16.016039,10.163298,9.675165,33.387417,41.83058,24.169586,25.445621,47.463516,33.64909,17.651424,16.481373,20.490332,9.404081,8.712659,20.182852,16.648354,10.142108,21.777527,35.622177,16.537182,15.090561,54.51062,51.059944,20.594732,13.331238,7.312975,8.881469,13.102064,33.73354,38.2314,46.245213,36.76159,10.729307,17.73948,28.594664,13.035518,6.4066844,2.554928,4.715257,12.604749,10.851666,12.996036,11.092467,13.783814,25.851528,27.874868,18.909922,15.216648,12.522211,10.295034,12.614526,17.328444,21.4558,25.069494,29.921854,56.931065,52.469963,70.79267,35.9792,10.297055,16.498917,17.76254,13.550662,11.4753,11.697181,17.656887,27.658155,16.886253,15.186466,4.4996815,4.916539,13.59431,15.861767,25.814302,13.2312975,5.4127474,20.360836,22.618809,21.766712,17.918955,13.942254,22.516138,35.92207,48.562637,57.94581,18.799522,8.639536,2.7171493,1.6021156,1.4758371,18.186243,26.451435,9.330927,3.838645,12.731825,12.334657,16.786604,15.467236,20.117195,9.227263,4.885399,6.284654,9.370627,21.441256,22.877705,35.29981,23.79842,23.62874,17.336899,16.759335,13.751448,10.639349,1.38246,7.1082225,12.067799,5.473936,2.8302386,4.9288225,5.9813986,11.359877,9.142781,9.428478,4.7355156,0.9508667,3.0645807,3.7842677,6.543539,5.2252326,1.3895978,3.0786479,5.5931196,20.232887,25.350403,15.994241,13.770385,10.282808,8.088887,8.327222
2,3.1591933,4.6332316,17.791613,17.763813,7.0474668,10.494318,8.358533,10.099575,14.699159,12.568141,12.039934,27.078953,32.686867,14.022716,10.429804,9.960732,13.238099,11.983903,12.540353,7.711325,11.524971,27.56895,35.74555,62.710308,47.67603,29.719501,40.04053,20.55739,36.850758,29.704548,14.160724,27.963758,47.412025,58.5061,48.21874,37.591236,27.220085,25.403786,24.156456,10.437023,11.843582,17.973503,18.860725,11.942278,13.453939,8.68044,14.625179,22.19242,22.302755,34.325092,27.390854,28.886147,29.987947,17.185015,39.320576,62.593704,27.982723,8.378657,22.459805,44.766396,31.828587,45.935036,45.101994,24.074545,14.754973,12.886352,39.7666,38.782127,14.993501,22.47023,16.263533,11.228456,11.049055,9.815662,21.216711,24.654211,12.620025,19.702606,26.711803,15.870424,17.062569,19.716913,23.170738,31.87627,36.432148,33.783913,14.3638315,12.478788,18.63298,35.960293,31.23408,22.226202,40.473976,30.596914,18.40675,27.580954,19.23628,8.056309,8.897966,14.00655,9.007266,8.277095,6.8503604,2.4523923,5.000395,6.641965,17.222015,19.401196,23.989805,16.650225,17.478706,18.58433,27.404861,20.510946,13.981125,19.16942,31.87381,27.263355,27.410898,15.835448,18.461042,19.117483,8.245718,13.872002,22.648182,23.392088,16.496372,17.455877,27.324953,23.805517,18.087467,11.5244255,8.353897,14.232276,14.211328,9.722151,16.039564,14.307487,10.052204,20.65641,21.490152,13.752093,9.71344,20.08923,29.539429,14.100229,7.7020955,6.696489,9.257937,5.2862873,7.8641014,13.476297,9.954167,10.475542,17.4682,16.576445,9.637332,10.861293,12.617439,13.377448,10.26032,6.548592,5.625148,8.471684,4.454482,4.2333355,12.052032,18.652544,14.991879,8.672291,4.930663,4.6960206,5.284612,7.3586264,9.159394,4.438019,8.988115,13.949801,14.761793,15.140382,11.598978,10.763444,10.614478,8.618057,7.042073,6.3464375,7.5817585,12.490817,6.8619113,6.6411986,6.9611735,10.06178,17.220139
2,12.930595,12.385184,10.567339,9.186943,9.858954,8.961509,10.581806,11.354859,10.333067,9.969431,7.712892,7.2135253,7.54157,11.736782,11.278482,10.159472,16.658026,18.082827,21.541985,14.570511,10.206241,8.76331,8.54461,9.8664875,11.690855,13.822977,13.279954,9.75687,14.391506,17.623753,16.904242,16.323263,18.725277,24.434448,29.614973,49.99493,83.472496,95.858795,64.71554,29.33705,24.388706,22.887457,22.453787,18.686714,12.969194,18.949467,24.49339,17.396658,12.577708,16.335938,12.918924,22.60119,18.335571,17.499216,26.830153,20.545858,16.356485,18.87527,15.369921,13.278545,13.741405,14.366662,12.654205,12.455053,12.7292,17.31912,23.13158,18.92499,15.68983,26.615679,36.431866,37.06761,47.01984,54.370903,75.54605,68.30952,26.672342,21.155836,23.490839,16.897768,10.97406,9.867457,10.726297,9.356672,12.011213,11.6812525,9.096492,12.12863,18.386799,17.501713,20.874722,17.741785,14.132238,18.898582,17.734632,17.17227,13.282363,13.460176,15.439917,16.02038,19.505117,25.723541,16.376339,12.126295,11.799274,22.991215,25.868767,22.470743,33.15336,26.616255,24.320406,50.046352,37.412106,16.902176,15.366304,14.894741,10.303422,10.64021,15.977581,14.625465,19.942028,17.149368,9.286822,9.235762,11.629597,11.511429,16.831985,11.686179,9.739997,10.319944,13.240413,9.206974,6.025267,7.512008,7.925894,10.088707,14.830919,15.393051,11.17795,7.4622016,5.4735465,14.421499,20.778006,13.866744,20.945196,24.464048,20.571793,20.253586,24.621672,29.365738,18.935366,9.664907,11.064493,9.857281,8.685884,11.251607,13.250556,9.533104,8.605004,5.386076,8.477689,10.33482,11.419346,10.528987,9.501006,10.882946,10.091378,13.070059,17.805574,12.334737,11.508735,10.275762,10.340665,11.8552885,11.081919,8.275997,8.551289,6.610314,12.331841,11.214551,11.779263,8.759569,11.413034,13.27179,9.960386,11.763826,12.644519,7.4351497,7.2832623,7.246403,5.830601,5.6208963,3.6836138
2,2.8675725,5.142706,6.0016723,8.402011,6.1516314,8.295504,5.364655,4.099405,6.250487,9.199387,8.527589,4.4624577,11.811991,43.505753,44.042152,12.490076,5.1891165,4.9392114,6.6940722,6.7667975,4.193915,5.7692084,8.994335,14.210859,14.80458,18.622213,43.10126,79.13034,77.9006,51.98993,60.74871,30.081427,14.650923,10.170315,11.025826,10.326219,14.782915,41.026215,31.360914,30.927843,54.136494,60.88837,39.017563,45.286995,44.39814,22.450453,14.393362,4.990155,5.7300024,5.989511,6.903867,8.667589,9.10369,25.574005,31.372322,21.580276,15.193152,30.043547,37.643036,35.510326,25.019588,13.487448,10.118746,19.96715,38.437542,55.0263,48.932877,41.162243,33.093502,25.822186,45.509514,57.840576,52.676815,48.199234,32.430145,16.1244,16.401287,18.266935,19.374891,24.46629,27.471413,20.044361,12.665479,10.002819,15.097834,11.51412,11.620553,21.309595,19.12872,7.268553,12.826701,23.78972,25.121632,21.902386,24.645214,22.775621,33.482998,40.31264,29.66617,25.603973,38.19609,48.771866,30.588093,18.653145,26.849895,23.449219,20.900434,21.42422,18.117468,27.080387,37.461227,22.207993,11.506577,13.562377,25.479088,24.515957,16.151518,12.5334425,13.104081,12.87781,14.258291,13.932028,6.71462,13.85482,28.967093,19.876629,5.8529315,12.433305,28.246508,21.465372,12.026549,12.73753,17.857231,14.306014,8.125792,9.709694,14.754998,29.411472,39.53409,22.976084,16.38594,19.328396,24.259842,17.0004,14.889687,16.168982,14.833912,7.918621,9.99015,9.4520235,9.29449,15.19597,12.499055,5.2447705,8.064818,13.156415,13.105146,6.4975567,4.790287,8.755029,7.4930677,6.0935464,11.294367,13.090156,14.579329,14.668728,15.491305,20.000244,21.846172,11.618642,12.170055,15.13019,13.260506,12.859362,8.99168,7.396496,12.355704,9.737228,7.5676913,11.669583,14.301061,20.750767,15.276909,10.336144,7.2633343,6.706526,11.545422,8.122217,4.990518,9.794181,10.253407,11.503657,11.056475
2,12.204678,10.649464,7.2779984,9.93223,10.889076,5.20308,5.0777063,7.203896,10.989335,15.413556,12.143378,9.732125,13.333399,19.834871,16.57309,19.20001,14.88453,6.547728,6.838977,5.042875,9.574277,11.1320715,7.8774366,5.1383286,9.392735,16.065228,26.38111,41.13067,46.28616,34.642086,16.680202,17.081757,16.5896,19.824858,19.25674,9.386222,10.573242,15.579595,13.536898,11.819089,18.974983,14.6856785,26.17157,39.213963,22.128124,12.771985,13.491878,19.54302,11.591669,10.088695,10.297758,8.193248,9.335211,16.707556,18.111626,17.612902,25.459988,24.458378,15.971114,33.12446,31.632067,19.83966,12.626159,16.736635,24.287024,21.926533,25.59256,33.35532,23.327194,14.643088,9.001107,16.831411,17.40533,13.52211,9.625524,6.506008,12.9184675,11.690017,9.244161,11.194571,13.1864805,9.870713,13.910386,13.139315,13.130445,21.461926,26.401628,21.349731,27.072039,17.929802,19.254467,20.617859,20.16308,21.687458,14.263351,12.724739,18.798454,23.232697,12.382495,7.0175047,17.383842,23.450203,16.848581,15.060041,10.224578,8.210718,3.0971282,2.0340211,3.3012981,6.908291,8.625501,3.9711823,5.221132,3.9754133,6.9464226,10.888358,9.246036,8.616825,12.832206,16.531652,13.299153,12.885813,18.218163,22.935452,17.190138,13.041994,12.032972,7.5824327,9.734731,18.174454,18.327278,17.737465,7.5599394,5.5766,6.8021097,9.97905,13.761019,7.8000436,3.177963,2.662327,3.0556862,5.018308,6.217001,7.240317,8.97671,8.615626,9.329405,14.439977,11.6379595,5.9292426,10.062702,12.114376,10.110657,5.474635,3.764305,4.8978705,8.850654,10.304118,9.981441,7.286458,13.299753,12.155049,5.9258523,5.0520873,7.2102985,5.0740876,4.0013385,8.646624,8.84765,6.219553,4.405719,5.698053,4.943816,5.640205,6.413618,6.1055617,5.7512174,4.7971888,7.388455,7.044523,4.530383,3.652081,5.0069156,5.573837,6.23736,3.228897,2.5163314,3.5293229,6.556668,8.088413,4.6964693,5.586767,7.8547425
2,11.64733,10.5811205,12.486143,14.022935,8.749159,10.432276,13.684337,12.864448,8.154086,11.636359,34.330914,43.142834,22.755808,19.485052,18.091606,11.216031,10.666485,12.497637,11.245597,7.2422357,17.072319,27.813234,27.462868,23.91113,28.43533,31.458796,28.882437,19.53052,21.380556,34.37159,19.912899,28.524174,37.79794,26.948383,19.821268,18.503567,13.094006,26.27311,39.974525,40.442276,29.928293,14.799868,26.176836,22.039568,21.326077,20.834515,10.40682,12.983369,27.67628,24.430023,29.910597,37.518024,34.213257,25.1178,16.951418,20.650671,21.348469,11.553581,18.310968,28.365782,31.195986,27.791397,41.253147,37.680603,23.641722,25.30067,23.001413,22.617275,17.630703,21.173346,33.53313,27.819227,21.090778,32.836025,20.648046,23.941347,29.786776,30.062424,16.936865,25.086073,27.270704,16.073408,17.235666,27.728634,25.875648,15.455992,18.69573,15.196388,18.744541,16.838446,17.382975,21.897038,15.833671,16.61171,22.096651,16.598846,7.991832,8.720733,10.910285,24.138826,18.775772,11.606443,22.201632,23.074266,22.159552,26.752619,22.479448,20.452957,14.879463,10.884512,11.8088455,8.48955,9.684481,18.231245,21.245546,33.17158,26.221542,14.945218,13.825293,10.4782915,9.818842,4.248028,5.369968,7.30258,11.063514,19.345985,26.878233,22.488075,19.160795,13.050172,13.954033,11.709967,14.137273,16.083889,8.953581,7.9905596,10.936728,13.556203,18.52866,15.159416,10.115597,12.632141,12.54452,12.907389,16.766176,9.299713,5.9372015,10.126174,10.976481,9.8018675,7.455089,8.975159,13.15588,18.27737,14.654183,7.107926,4.6118784,5.820205,6.8968644,6.5039535,8.472108,10.314829,9.21193,10.355198,17.644926,16.98254,9.787017,7.8994126,6.81728,7.0514493,7.212517,5.958157,5.648497,5.080392,5.905368,8.731453,8.426826,8.825103,11.714029,7.661541,9.350137,10.467588,8.952261,7.513632,6.7196827,10.237289,9.780693,6.598496,9.2828665,9.709796,12.412253,10.110996,10.6076145
2,0.34088063,1.071983,8.185706,10.276057,3.4629817,6.6918807,5.341961,3.5513833,6.9870296,3.633206,8.2919655,10.448819,12.41826,42.35601,33.880795,8.2581835,14.324561,7.4578266,16.314287,20.388273,5.841451,1.8419771,1.3996223,4.344504,8.725513,5.987321,33.473103,41.85221,12.671033,15.333709,12.21549,82.37796,164.66423,82.413055,20.77639,25.969076,11.248464,29.250456,23.401514,14.706664,28.741465,14.733822,24.412804,30.513151,10.987003,22.998215,18.40256,16.246788,32.222492,16.246513,15.196871,19.000242,6.138674,10.320395,8.2355795,10.709872,21.276127,11.075871,23.460836,29.32489,8.522841,5.1304355,4.073172,65.27437,130.54086,65.359695,20.48466,25.61016,7.615001,7.7837853,6.1977515,33.106976,66.2176,33.41532,33.210915,41.508865,20.597206,58.37759,46.716396,16.844088,31.77068,16.299389,28.009424,35.0108,10.500268,11.71174,9.321263,3.0667975,5.6318083,5.064163,33.46749,41.828182,14.755757,29.741896,23.79488,51.680172,103.265724,51.641556,5.3145423,6.6374063,3.149216,8.708555,6.9664927,24.330257,48.602913,24.484533,21.681747,27.11742,18.857882,59.819225,47.863373,20.427446,39.249294,19.60836,1.415777,1.7677644,1.3358873,4.3107586,3.446043,6.2025204,12.409542,7.0916853,28.323027,35.398834,11.061822,15.228634,12.17305,24.092579,48.13192,24.095201,13.002264,16.256306,4.744885,3.6699243,2.9065905,17.39047,34.74785,17.967012,34.83984,43.541885,15.0866,29.294361,23.436815,10.26342,19.752571,9.914509,6.4439836,8.049882,2.3550603,1.6544005,1.3195595,5.0400405,10.073954,5.5180826,17.558527,21.943605,8.608206,20.352549,16.284151,12.306467,24.331678,12.168944,4.596371,5.749154,3.549453,10.935751,8.752264,13.335266,26.609074,13.468021,15.594087,19.488108,8.786635,23.523975,18.825825,2.394498,1.0134125,2.2484026,17.710377,22.133778,6.3559756,2.005641,1.5466756,10.878442,21.758963,10.974481,12.834564,16.042482,7.9581537,22.560022,18.049036,12.780121,25.23264
2,3.9483428,4.594238,8.109292,10.83721,11.612897,15.094437,15.565822,11.066705,7.26053,11.027132,11.775539,11.365108,21.934961,31.450495,28.775906,12.955461,11.818003,14.048128,10.39204,11.262767,7.632606,9.970085,12.777548,20.201628,22.998455,33.107243,72.57401,114.92341,61.22414,22.288694,27.045881,25.122774,24.614847,28.0228,21.283953,17.254475,13.260114,12.394031,22.055582,44.38056,40.77047,27.451462,14.231157,11.066227,11.074294,7.226531,8.510914,12.908014,13.644356,22.566372,32.293865,33.582897,41.48587,45.238964,64.34448,48.557922,39.65508,39.317917,38.59047,28.280998,41.36848,38.997917,21.959425,29.43817,24.613903,37.817066,45.895443,30.233353,28.608334,20.986988,26.746504,18.841652,18.51575,17.405,14.669579,11.897342,10.733165,24.835016,27.037916,32.18089,16.718374,24.265823,26.046038,29.884771,29.480894,29.869318,28.372402,42.49635,46.81238,36.324356,40.231068,23.855732,35.35051,33.29139,21.3291,22.41484,21.783983,27.52735,24.787914,16.543104,15.536731,15.328736,15.213651,17.539835,23.301153,16.544243,16.272278,13.347844,12.0864,14.842099,20.895061,23.781029,29.121092,24.503714,24.248386,32.014027,35.177006,25.773365,23.973644,28.30436,18.754017,12.0707,14.216201,17.220572,26.33518,24.800293,24.907125,20.749374,17.56331,22.029238,18.190987,22.261145,25.199146,15.686405,17.113226,12.614089,11.28613,19.642761,22.798609,24.257814,14.338915,13.476704,20.589273,23.760477,12.528909,17.269857,22.613401,13.223463,7.5740757,8.871501,9.8024025,16.322002,27.210007,23.90722,20.085838,15.368002,10.920305,9.110951,15.95468,20.742432,14.803156,14.655199,13.577654,10.310757,19.075727,20.197365,12.688186,6.2225,8.606142,11.883296,12.983846,15.372633,13.464829,16.44015,10.331005,6.361473,12.655242,12.91252,10.831408,13.623653,14.141476,15.191677,10.374042,8.386794,11.291801,17.015474,18.608969,13.86275,12.728733,9.783086,9.386681,21.4831,29.42352
2,0.66256493,1.1893746,2.3836083,3.928205,5.813117,3.2939143,3.422046,4.2581453,3.1150823,6.3305473,12.50772,10.733238,20.027617,27.530838,19.681053,19.104559,13.24584,4.6142726,2.3270528,5.76484,5.6319885,10.816932,9.089613,15.811916,19.654299,16.5277,20.935625,17.820662,12.372221,32.157864,33.012722,30.947477,41.426403,39.964787,28.247257,19.608883,23.342138,23.808575,25.811993,21.616495,23.723774,22.707342,12.170825,12.867085,20.43002,17.431656,6.9965463,15.195201,14.753815,4.258867,2.5337663,1.6119677,3.0048058,9.040767,22.669365,28.217617,19.09771,14.1385145,19.540686,19.806002,28.93961,31.555614,16.913261,6.170006,27.192636,37.706818,24.669271,32.666103,41.098404,19.277945,6.6485677,6.0115223,19.461866,27.379526,10.378674,8.854402,14.520768,19.799395,15.513313,12.4340725,14.391871,21.484999,10.392306,12.241887,20.911175,13.83538,6.416226,7.4126163,12.494397,23.864698,20.727,9.020405,9.513719,17.276215,20.915295,25.518362,25.99615,39.657936,24.847734,31.61881,18.72375,17.680895,17.108637,12.305757,17.61639,11.501854,5.34021,3.9991245,6.640672,12.527335,25.809525,19.000254,22.23531,14.414901,10.208976,15.253031,9.789284,7.465817,7.1696544,9.744471,8.297788,15.533262,15.064095,20.17112,32.066513,23.807045,18.284235,18.14292,11.622066,9.652228,9.390983,24.325972,21.69111,14.228307,11.335959,12.215769,15.548426,20.446371,16.704529,7.3807697,7.232247,15.718681,19.203726,12.68406,13.216807,13.033692,5.055584,10.023023,11.948513,8.247411,9.3170805,11.965468,12.928539,12.17131,4.4277296,2.4373298,8.151448,12.666681,15.227584,14.069294,7.3815312,13.397377,17.834192,16.137865,17.373434,14.308649,4.6179347,2.6065967,2.5090559,5.4414377,7.777774,12.229172,18.721272,11.489024,10.139214,14.483039,6.88142,10.084474,15.641169,14.799561,8.637285,12.23387,10.430852,4.4570527,3.875948,6.7995996,3.2275426,5.7588954,11.6760435,12.581652,13.932307,11.293652,18.235859
2,2.4835153,3.5348687,7.7136803,6.6821055,11.773493,13.854111,16.145063,18.119411,17.233843,20.656916,30.4145,52.162735,51.565742,48.218346,21.869543,10.290127,17.7944,17.112629,30.76391,21.95737,31.72642,55.353424,42.356453,28.559212,25.47756,20.386028,25.399048,52.11583,38.98802,23.888245,26.851318,15.841191,24.820166,40.597538,36.767834,22.194883,12.762782,13.652546,22.12426,28.235094,33.8054,34.96854,23.944078,39.187557,72.533516,98.87788,84.86368,34.424664,35.87631,39.018738,28.417383,23.401278,38.74173,35.016766,33.596718,48.971287,45.102222,25.92785,34.74656,34.81425,18.553392,6.917858,3.1671636,22.68553,49.416935,51.52513,63.717705,54.6291,21.276333,22.687712,29.633661,42.076683,34.956818,20.562979,21.208448,41.594776,38.871468,17.082804,21.175243,33.657234,26.39906,13.873271,14.892176,29.492119,45.11774,36.908672,41.381714,72.68114,71.824646,47.462276,69.43583,57.883247,25.308903,24.855494,24.07506,23.243967,18.09291,29.312675,34.154846,37.16586,28.04762,47.312687,32.804832,27.139978,23.885183,10.765853,10.469702,13.315176,17.448734,27.60886,31.050093,25.977259,27.790232,33.07929,26.176403,21.335968,25.677633,18.874462,8.246893,14.894466,23.634323,24.234983,12.94644,14.455349,16.203505,17.352816,21.048336,12.3265085,19.217896,20.196459,23.802637,25.611258,23.903326,15.698104,16.260227,15.333643,13.115064,19.698605,20.990541,24.028532,14.079051,13.42718,19.122423,14.0607605,29.606438,27.017061,21.686243,17.263868,26.366282,14.435599,14.635431,14.120608,14.3805485,11.969551,15.483311,18.07146,20.15218,29.071636,17.093197,10.067476,19.197996,22.385368,22.920866,8.526202,6.3402205,9.444632,14.545232,12.429013,20.15855,19.773045,18.47751,12.045504,7.196448,5.846696,6.2157483,6.88607,6.049037,21.312841,23.817196,7.5936966,6.5202003,21.249481,29.57779,18.49066,7.83394,6.659907,4.4535036,6.5528126,12.221364,18.27601,23.34843,20.259525,11.49676
2,2.956941,5.200111,10.504499,12.285129,8.503139,10.616671,9.614484,4.289955,2.17277,2.8928156,11.683257,16.447945,9.721225,10.412542,16.17195,12.055754,21.324066,33.422005,20.31245,5.0464187,5.0498934,14.509729,14.580927,11.681741,17.82217,20.751738,17.667337,14.098476,15.639573,13.544366,26.398361,58.26303,133.60803,133.40047,101.85992,63.12098,29.454092,21.104912,18.177319,7.7229056,11.311876,15.220792,10.326633,19.45259,25.143291,17.320984,26.516415,19.870428,19.646393,22.637274,24.300165,18.913296,8.264768,9.276529,15.037527,17.487524,20.23721,21.533424,11.396121,8.348765,15.514036,22.96542,14.0403805,9.193747,38.4937,129.58008,117.78901,33.550217,30.297493,23.51512,11.639927,14.442123,8.792313,15.378631,19.755156,16.813377,34.03117,24.984896,17.675486,12.226711,4.991272,11.037057,28.23948,31.87474,19.278984,16.35039,6.9781933,7.5485845,5.7045083,17.154297,37.807434,38.026608,26.282715,23.197872,16.27746,11.920323,13.805731,55.59566,71.67384,54.25431,47.6249,18.791492,14.590397,10.9792595,18.92257,18.58659,21.384321,19.812304,13.078577,7.355284,11.215464,22.329937,22.77232,20.788603,28.554243,22.929794,14.834613,22.635122,10.096437,5.3131075,10.171629,16.690294,21.870842,16.036177,15.945577,19.619415,22.50759,29.156967,27.060888,17.387354,35.915398,45.793163,24.216452,24.686985,25.643084,18.331537,10.500751,18.380404,17.185303,17.045713,14.966896,6.7506876,4.7957764,7.398724,11.134386,14.630149,13.052025,11.41487,19.48397,20.188234,13.389786,7.125044,4.7163324,5.308861,4.417024,8.531015,20.32037,23.241646,13.080158,5.167699,12.334115,22.694565,21.092764,14.714141,11.215052,15.676372,12.440308,23.660294,18.858719,7.0051646,8.915939,8.3913145,6.608389,9.174295,12.116799,8.107208,7.2140036,14.640528,15.861906,8.634912,7.2835555,6.9060173,14.983096,13.001367,13.890517,13.44571,7.5297465,8.672446,11.701402,15.370558,11.3826475,16.981499,11.537181
2,2.70721,5.6773763,12.76357,22.77548,38.928867,23.935102,11.503213,20.10727,21.113056,16.241152,9.273395,6.9522653,11.360191,11.937756,13.574017,25.437618,23.510477,19.729425,15.866313,24.620003,22.914696,17.549732,13.84235,32.595535,41.790127,46.52454,21.83218,13.020816,11.988893,4.0942874,2.4479725,22.338654,32.749275,20.87845,32.331554,33.545204,33.191303,89.14402,95.875175,106.22437,133.39937,72.18347,44.063023,66.82413,37.629177,32.793285,30.151363,7.9832397,8.397411,14.508625,21.653719,31.07859,30.807522,25.11198,9.554364,18.350466,32.349434,35.717667,15.08818,46.44206,49.986053,45.4801,41.708378,26.443012,13.715084,16.324915,17.369112,12.861294,11.744975,23.541502,24.874924,28.489542,34.078865,35.129543,30.9251,24.338058,21.911068,74.21021,64.04925,30.317692,26.217167,59.9295,59.066593,26.853031,55.107815,41.840176,25.753746,41.805195,39.575764,55.813427,69.93144,33.948597,44.57258,45.736164,16.86352,11.6002865,46.52679,61.631413,40.50633,60.52915,54.338814,15.439411,27.586401,25.948013,27.521915,35.09812,17.099121,2.9060295,5.6139073,13.226474,14.125903,21.342491,30.993856,27.977448,32.44076,42.212196,56.466393,36.560863,26.01835,28.839952,36.07817,44.73521,49.168777,47.513824,31.197107,27.558857,28.460096,20.264555,38.336346,35.737614,12.053454,14.143999,32.52978,36.29504,14.536185,21.64063,46.401047,60.057842,20.911215,22.738165,24.412127,16.86331,18.433834,19.40421,18.295591,5.936368,9.883142,24.262222,34.032326,13.095522,23.907309,26.739939,13.543644,11.727414,8.72383,5.2638946,7.7998667,7.9492397,39.69385,63.243164,27.675528,25.999746,28.740067,7.599314,3.910973,12.599124,17.435848,8.014801,5.504784,4.6263957,4.500248,13.036364,9.961517,15.438446,32.379658,18.920918,14.081286,20.634771,25.171598,15.85692,6.01935,11.123146,8.306723,10.289708,17.931786,31.656858,25.082588,21.945225,23.222002,10.103935,19.563404,24.422348,19.252693
2,0.8722657,5.1159163,20.399788,18.222666,18.046791,26.830776,15.872207,10.721263,15.710324,12.978178,15.0335,44.06839,76.82906,41.94417,25.191793,20.61177,11.86373,16.736826,18.816229,20.349466,27.31436,25.200243,78.008804,115.74847,49.259308,20.101507,26.599693,26.323404,18.564056,14.959915,30.194199,61.178474,41.648643,18.643497,68.69175,102.4111,58.961006,29.296854,18.019423,17.930496,27.809093,35.17174,18.807182,32.68714,28.306486,24.140123,32.07482,40.639366,35.495064,23.482784,17.39208,12.912512,40.537994,73.21224,85.1261,41.906067,30.35231,57.115074,75.30603,73.01836,28.338058,30.38716,44.771362,50.724697,44.109516,26.993513,33.72714,43.42015,37.65705,37.252308,45.185707,47.845566,32.67751,26.39104,29.297182,64.643364,72.38477,33.127323,21.529978,31.069761,20.7565,29.52432,34.295242,16.551971,24.21497,41.4986,42.649826,36.813076,28.04915,23.257648,34.99999,32.531513,41.83602,33.749996,21.642122,38.13671,49.579067,41.771225,32.574863,24.89826,16.900614,23.617695,46.210804,29.31207,23.058708,17.489454,19.798811,29.692776,14.169573,10.711062,25.862087,22.513512,17.68788,26.321112,22.0334,41.73937,29.521578,17.289972,21.783121,21.765629,8.507132,6.3974214,18.702469,16.348692,20.91336,36.335945,41.232445,34.34274,28.099977,35.86885,40.37131,30.177158,11.457873,11.764287,16.757282,14.771252,10.054082,18.79293,32.55921,18.553362,12.218028,9.687876,14.64763,21.640614,11.537574,21.615438,15.538782,8.676764,14.189725,23.242447,31.414207,20.986526,11.218812,14.71039,19.932274,19.65788,15.760745,18.671707,12.177468,4.6904736,18.705492,27.488611,10.068613,2.1464105,2.61515,13.993401,16.16372,10.277459,17.681726,12.963788,11.179677,8.797869,10.780077,15.667254,11.248451,11.430551,12.1794615,20.161064,21.113203,7.2986903,4.0226655,10.474565,18.731144,16.164156,7.730607,7.5033317,3.488081,4.1226563,3.659407,7.2174554,8.786484,6.1538773,3.718282
2,7.7315216,12.842201,12.091683,10.827221,12.517058,5.7014866,3.9628897,8.931694,11.082341,6.50743,9.265406,11.178865,15.048031,13.928669,24.569588,28.290838,24.774508,32.2055,26.823193,32.249126,25.159067,18.773857,46.4819,50.297062,52.54006,58.990154,44.196285,47.109467,34.632835,45.10435,40.06386,28.890911,19.110876,40.21635,57.76878,32.0511,36.86826,45.49124,36.129997,34.95295,26.48331,14.977038,32.702797,34.856064,24.878094,24.681686,22.048326,21.071518,14.822401,58.233494,54.4782,31.326143,37.033466,33.014423,56.168972,61.326694,47.28361,33.084187,24.072954,26.765617,15.377519,37.123184,42.202362,27.067297,24.039824,22.633554,22.793455,14.566217,8.884826,15.799121,26.78385,46.929214,49.644474,28.583124,20.979557,35.68644,58.40382,36.90016,32.08941,19.250238,22.385695,20.410524,18.185183,32.948944,47.817142,32.9653,26.647654,21.067064,22.68871,18.26222,38.912975,32.46948,20.620045,34.153828,21.235699,8.903178,12.72905,11.121084,20.814556,16.799303,17.806417,14.829386,6.525237,14.423858,24.127703,34.334564,38.451466,31.54355,30.391048,31.760231,34.581287,35.96537,29.748455,19.145626,21.732965,28.595598,16.685133,12.664156,12.866461,10.316844,9.609373,8.481858,15.188223,14.249267,15.544366,19.316696,26.990904,20.789543,15.476874,19.922913,18.876192,8.820479,26.266277,29.397186,13.487514,17.926865,26.749289,26.911089,22.851608,13.937292,10.501967,14.143507,21.779013,9.740008,10.756751,14.552557,8.253127,17.987745,20.078005,9.069886,7.4465218,7.0391154,7.1634927,13.432357,11.6378145,7.145357,9.23078,10.741896,5.897203,21.62929,30.951948,14.433981,12.978033,9.729168,4.104291,4.4251037,5.899301,3.9737513,1.7509347,2.7962625,5.3222604,6.430418,11.2139845,10.978862,6.6001678,8.091378,7.908546,10.344264,12.704268,8.631783,6.5344424,12.58589,21.427006,11.219564,8.071802,8.731273,9.325987,14.700757,9.707711,9.069028,5.198918,4.3039365,5.189201
2,0.08281182,0.24959269,1.4850163,1.758994,7.830835,21.140028,13.876405,3.608725,5.241913,9.786433,36.888653,31.352419,14.947612,27.50366,13.190256,0.42391652,0.5182846,5.751083,14.85028,9.602667,24.661968,34.859825,11.937468,8.1691675,6.7103033,43.710735,80.65935,37.179573,11.995533,12.639688,8.267308,19.328735,11.876085,18.289272,24.918262,17.20742,52.055756,41.144154,33.290123,58.54694,26.143343,18.773312,19.102798,4.086718,2.4051404,3.6718848,30.860458,40.515095,12.675918,9.406607,7.1976895,27.999016,47.756855,20.211193,1.1972796,1.0634571,15.410939,34.920914,20.174704,39.420486,49.879707,18.89539,37.14868,27.305346,35.786446,58.69003,23.884066,12.303476,11.611766,11.286757,24.147783,13.156139,9.640242,11.771932,8.103817,22.153105,15.669318,2.192814,2.7382035,1.1195372,1.5271524,1.4067827,20.891514,43.544727,22.97991,28.548946,33.586338,14.7662115,33.261826,22.684366,11.846862,17.876123,6.628508,1.8800883,1.6192554,37.258095,74.525505,37.25973,3.6639316,4.192439,10.970042,29.460285,19.341076,4.8918376,7.0399647,10.329015,38.503555,32.73055,9.590621,15.937976,7.9450903,13.387199,14.644052,3.9115455,5.0496125,3.1800866,2.1827204,3.1034849,3.4638524,12.024601,9.866555,16.991087,31.24726,14.451684,8.482668,8.942996,2.3294146,3.021578,1.9382073,6.019749,8.210369,8.0542755,26.065866,20.603102,2.734383,2.099442,1.5976679,6.746492,6.8632727,5.9156537,13.518878,8.063136,12.654098,16.617264,7.5266175,18.394047,14.033879,19.71236,33.5118,14.180632,1.0186808,0.873128,1.1505586,2.5656626,2.5870147,17.622679,22.294748,9.029847,19.308477,14.179576,8.455376,13.737186,5.916395,9.536656,9.030696,1.6356176,0.3807248,0.7546605,5.5539103,6.780009,3.4146252,8.551633,6.047581,4.5156865,7.115136,3.4728577,9.227363,8.433717,3.8807337,7.5158,5.3350167,25.621973,30.140388,8.197211,6.168739,4.1831207,1.158089,1.6861727,0.64596653,0.6068278,0.53432184,11.053832,22.106054
2,4.4932647,5.516646,9.264688,22.716002,31.518225,19.07597,10.512495,8.868239,17.660547,27.053513,33.9356,28.393215,35.632305,28.698126,5.464199,9.385177,17.01987,12.739776,6.619021,10.366546,11.763542,9.5466175,16.682682,33.618336,42.25469,17.649683,6.073336,12.829186,36.620453,36.917397,31.280544,29.795977,22.693026,41.196922,29.865492,23.073795,41.7469,26.475067,24.84207,32.18899,29.280851,34.241222,17.393179,6.8200374,4.686329,15.702285,25.484232,21.229872,7.066932,8.047561,9.333319,13.827694,36.489525,27.327085,6.984402,6.7598357,3.8550413,6.822929,17.334051,22.460123,14.677508,10.5541935,18.095737,36.32389,49.982742,42.989918,16.889826,39.52981,41.316666,19.408506,10.011783,10.209164,25.355223,23.112827,30.716116,41.226643,47.604202,29.07714,15.64578,21.804314,20.65726,8.921395,9.970713,12.962409,6.0251856,6.358938,16.796963,18.969288,26.56147,35.933514,25.542425,9.488809,17.31838,17.35418,14.694521,8.786268,9.697352,7.920821,24.701216,37.136173,17.346237,10.623294,13.288965,24.866215,33.536476,22.588917,10.932225,20.593388,18.99889,8.258532,12.660916,22.38922,15.16796,11.909327,7.036681,4.7052135,7.879606,6.193287,16.837034,26.081785,19.6303,7.8868136,14.727872,18.849201,11.9677925,11.656486,17.952576,18.044308,26.996523,23.214033,10.125934,4.424832,6.8474493,4.9978423,12.938835,22.461037,11.728203,11.570453,21.143684,19.71213,10.950414,8.45431,15.460046,15.68045,10.231879,15.497864,13.898653,5.0110197,7.2235823,5.81907,5.613525,8.719314,8.734594,12.229436,7.5359535,8.142156,14.239606,16.327892,9.086649,7.8591056,13.457227,16.647692,8.807349,11.487056,11.778504,10.290888,20.858673,16.711212,8.819417,8.228009,10.517556,6.3919764,2.528324,5.26198,9.716288,17.486515,20.596294,9.061516,7.888261,8.654496,4.8286247,4.82592,7.221963,7.6013417,4.5403223,4.1721306,12.8476715,10.317934,8.328048,6.3292656,3.7223055,5.227479,4.5615125
2,0.27688813,0.59042007,11.68421,29.378706,18.20281,3.044382,9.3603115,7.1279964,4.962665,21.398787,19.828657,3.460913,2.6401181,2.9473875,2.1039088,20.529509,28.260862,9.230846,10.008577,16.906982,7.0725985,1.9236442,4.0087357,2.1107678,1.4039173,3.707781,2.4607482,3.2740788,11.184935,9.717371,28.588385,134.90886,130.53099,25.821043,52.362194,61.66158,16.16238,5.159636,7.0041714,2.5400813,25.614885,45.402966,20.023785,2.4646904,5.3475614,3.2659972,22.275354,62.653214,42.532864,12.715729,45.20298,37.52106,6.8606067,22.873022,23.122482,5.1237273,14.984977,18.44505,5.6190925,30.539864,46.031803,16.832321,44.682373,83.037445,38.527313,35.422657,82.45007,47.62988,5.549747,15.895086,11.316002,6.086778,23.752966,20.6106,4.103905,15.117262,15.973239,5.274724,34.480015,44.363453,13.495459,43.470425,68.58525,26.495352,15.833967,30.828669,15.037067,11.193143,27.463194,16.649252,15.553664,49.038033,36.4332,4.33137,9.5517235,8.66564,7.3357134,43.268295,47.76085,11.392104,16.68469,22.350637,7.080112,2.9707756,4.780719,1.9560237,11.147304,22.846327,11.708518,3.1071656,8.050358,5.2422147,14.032726,47.08631,36.568733,4.9206166,11.099398,10.502141,2.6620708,12.213715,14.076418,4.239029,25.021053,35.23262,11.8309555,3.9315157,6.6565695,2.876245,17.194326,37.055405,19.93691,5.906596,16.14468,10.713783,3.8543754,13.471504,10.944207,4.151953,19.040636,18.830618,4.7304153,21.200571,25.554407,7.018541,16.955341,24.932777,8.871041,6.5402184,11.848724,5.356999,1.0502763,2.3702905,1.3679885,4.476298,12.951977,8.995734,1.428313,4.6913586,4.0135903,4.525504,23.78565,24.5808,5.21019,0.8452725,0.6391924,0.38612413,5.1743402,7.978739,3.0006065,3.7398198,7.1254735,3.4089613,11.733812,28.031668,16.577251,1.8892156,5.4681373,3.9756804,2.9302328,11.831017,10.494402,1.7829964,3.9330823,4.2328863,1.0008855,2.5301232,3.3244724,1.062043,5.9516416,9.602444,3.812768,13.429075,26.864899
2,0.022957865,0.032319058,0.12672488,0.8326038,0.99632025,0.5777083,6.9275093,20.611765,14.627282,1.305284,2.046189,3.3376317,1.4106934,2.4792867,12.108524,11.956924,2.3476756,4.934579,11.713736,6.9154463,0.45855516,3.858812,5.3002205,1.7408478,2.7139223,9.976852,8.2540245,1.128574,13.312169,25.894382,12.589971,3.9448762,25.927227,29.768856,7.944595,35.41439,101.846016,70.428444,5.751984,1.2385974,0.74903893,1.1943152,8.4643,39.576515,38.114796,7.1124854,9.630191,22.192688,12.740271,3.3570418,31.877857,42.65949,13.430163,7.2837834,25.402899,20.50209,2.6184726,11.206538,21.158306,9.993501,0.64773774,3.8943424,4.371952,1.9352884,24.805664,69.0989,46.544975,4.074645,34.90052,54.609787,20.9191,5.985764,26.279793,24.679064,4.3970637,8.65452,19.337404,10.817041,1.143537,9.918325,12.94172,3.9490888,5.407144,18.459915,14.514499,1.865173,33.618862,61.84155,28.37692,2.753759,15.938494,17.404451,4.0950036,9.276845,24.962261,16.387386,1.4980235,15.323232,23.329077,8.794801,11.400315,48.925426,44.80416,7.576397,13.363179,29.073624,15.795299,0.9892254,7.7062583,9.81179,2.9576316,8.466932,27.92024,21.40247,2.4262486,13.417669,24.015017,10.694912,0.40636623,1.7430379,1.8551879,0.7005248,10.399586,27.175186,17.374044,1.315547,11.04705,16.383764,5.9059467,3.5062914,14.36099,12.823045,2.0666025,9.572145,20.237791,10.729075,2.9928508,23.431194,29.04177,8.196266,1.4478469,3.8330157,2.8523824,0.39000884,7.1022415,12.378756,5.359969,3.011488,16.12596,16.751503,3.6453402,15.770977,39.96182,24.868336,1.4738878,7.7503085,11.212426,3.8932672,0.4284386,1.3243058,1.1506573,0.1763228,2.045741,4.2110033,2.1652067,0.020952802,0.09565856,0.118099906,0.12286435,1.459537,4.4898257,3.2710724,0.36728433,4.933911,8.359635,3.5084333,0.13502195,0.20977262,0.21506268,0.18813105,4.332871,10.64646,6.4499307,0.44869703,3.6512797,5.154557,1.8355124,5.778578,22.068653,18.730654,2.6971166,0.826441,1.3510616
2,5.2697196,7.1622305,7.751728,8.777859,9.275657,17.145895,15.304198,14.491174,14.028491,7.9804068,19.165342,28.697092,21.84566,21.109161,23.9649,11.659972,13.943146,20.89352,18.278873,8.114746,6.296372,16.099686,28.843744,20.907713,10.9583645,14.608877,22.638777,59.279114,93.37587,83.638275,55.43605,27.027836,19.04232,40.542675,36.272816,31.256922,31.024483,32.218193,26.599466,35.235058,37.045876,26.327112,29.416098,41.395718,29.94371,34.16659,39.158817,18.818062,15.355947,19.493174,22.62502,13.227385,6.169936,9.607833,12.853009,25.776917,65.2142,75.21508,51.25166,37.879944,27.874737,31.04614,38.32482,28.550985,37.079727,29.55395,15.712365,15.551738,17.863834,30.32979,54.51078,51.280994,39.291348,20.832378,31.323458,41.905617,28.976133,22.207457,23.523014,12.478646,13.2585745,14.630765,18.398623,21.471998,28.211826,30.29954,40.519505,41.24746,20.144754,23.491688,20.049412,33.378925,32.99356,35.51786,24.235285,23.070799,22.790787,25.834507,50.07926,44.69438,27.752747,20.46503,22.325432,23.430666,32.909344,36.862427,19.706001,20.607107,27.306559,18.480272,8.682845,7.1005783,9.153127,25.435694,21.94851,11.296405,11.993299,7.542985,24.756107,28.07084,27.273731,34.155216,15.319246,9.629399,20.078997,17.579575,23.186962,25.083784,10.218624,15.789885,18.607965,14.278878,22.847282,24.883512,28.835493,20.392141,10.142818,10.881648,13.384733,11.629588,11.47816,14.865697,16.968046,13.423049,13.727652,13.27077,19.074152,21.338718,24.737806,18.081465,9.086103,10.592842,14.937621,14.017929,9.482233,14.600143,10.830255,15.049487,12.800893,13.615881,17.78338,25.426462,17.550207,9.268489,16.104969,11.351139,12.669832,16.540764,8.654821,4.4933043,7.202234,10.510055,14.017917,13.269256,15.538307,17.107449,6.4604325,10.4843235,15.184011,13.721766,17.143877,17.972664,12.20359,6.737595,5.5498137,4.9251714,2.9003348,9.399675,12.944402,12.551696,16.180428,11.190605,10.142463
2,7.432411,7.2993455,7.1273384,11.262053,11.927035,10.391054,6.929328,4.460277,16.666965,21.513388,9.776326,9.423287,15.020016,19.885288,27.938059,22.813105,20.521013,26.935987,17.523151,11.749443,15.917112,11.819368,18.856888,24.086357,17.724316,9.694185,16.74659,19.50306,9.2241535,7.931071,11.955904,18.649559,21.992748,27.838911,92.10764,152.081,91.20755,36.249676,26.42163,27.324963,15.397404,11.473649,22.131702,15.880629,9.85314,12.7793865,22.892563,20.273369,21.44622,17.560614,14.350257,16.293705,28.941483,34.514156,24.61743,15.6565275,11.875534,17.580275,19.698854,16.821806,17.328379,13.360097,21.888529,27.321175,19.422466,8.570726,29.855946,53.74974,44.423786,68.39105,127.069176,109.44575,66.5547,46.10522,47.58141,23.311275,28.388735,26.714226,21.14885,22.517632,26.103579,25.154016,18.96073,13.461633,16.365564,19.16863,28.307024,34.459538,32.739094,24.310772,14.657174,15.810942,16.407097,16.224335,12.780023,19.290236,18.522156,14.9034605,19.476433,18.54272,14.411663,34.43487,40.989597,25.745663,36.6388,64.22849,60.98984,53.349323,40.443172,27.855297,23.684797,22.43213,14.789838,10.663343,14.495699,13.533967,11.46779,13.067724,15.008073,20.110317,13.33595,18.182262,17.508343,22.753933,20.770502,16.163916,15.597762,14.828026,17.552414,15.994536,13.947902,6.0708003,10.905577,15.4370365,13.850324,9.216299,17.138107,21.403246,21.422619,43.37528,45.62546,40.08726,40.124893,26.657772,21.943956,15.796457,18.331566,13.143088,10.642074,12.475152,15.283844,10.9750395,9.7212925,10.5096245,6.549805,4.583321,7.1156783,14.737765,21.904024,19.310312,17.138376,16.378954,16.828732,14.24061,12.23881,8.729255,12.319069,15.870033,12.656593,11.972129,8.249655,9.320284,14.350536,19.09526,28.730843,20.192816,18.061277,20.260838,13.174516,13.615966,15.111294,16.121141,21.86522,15.778712,8.483152,14.440969,14.419105,10.773338,10.119827,10.146585,14.162044,15.597175,18.728928
2,9.449719,11.1124,15.380584,15.504813,9.042393,9.703094,7.636753,6.55451,8.995145,5.6692834,12.846862,16.141428,20.596292,15.035972,7.920741,30.787449,38.577347,30.498154,20.811592,18.75296,29.449183,13.796349,8.695505,25.608501,21.706663,20.849607,29.600557,15.241465,33.459366,77.470055,126.48573,84.66655,26.536276,39.837345,24.899897,22.879625,20.2757,40.63431,35.288147,18.109627,16.126747,23.682264,26.711657,30.85215,29.48666,26.76977,28.047482,21.846601,25.11988,19.41308,28.779034,32.875557,18.43983,13.834635,13.4695,19.59908,26.499784,29.464571,52.35399,82.80123,89.9578,51.71349,11.9272585,16.275671,30.149523,25.630356,24.017561,31.552567,33.104683,22.019655,39.730446,46.885952,33.59803,17.307323,37.98071,45.164906,28.277063,29.507822,22.27638,16.305704,22.511658,36.40685,32.12914,16.502686,16.501734,7.5131483,5.178018,21.604324,37.907627,41.81831,66.36459,51.382015,27.820972,9.4421625,6.712975,18.59713,27.505577,20.584562,22.586897,24.457827,34.586517,70.69119,52.56224,22.54917,26.791595,36.065426,40.55863,41.138367,27.484482,11.0275,12.665564,13.9555855,17.021011,14.1396265,24.809027,20.13449,20.863613,21.528406,15.419984,19.740227,35.187683,23.545582,7.0718904,14.162511,17.914091,15.365859,21.15942,30.8577,25.989666,26.160122,25.930616,30.581625,23.75298,7.1084986,9.780651,11.690109,16.516613,21.937687,26.608015,32.662857,24.810396,19.422089,16.777937,15.284609,10.066447,14.599259,21.65991,14.438317,11.79312,15.577533,11.604445,3.9763236,5.3972096,4.026251,13.758124,20.820389,8.481834,7.672132,10.203719,20.913057,21.965162,16.240612,15.007684,15.007987,23.866264,17.946953,6.0227327,11.714457,14.61405,8.201018,7.7132797,15.114837,12.753207,7.556797,12.975471,14.287817,9.8197975,9.91378,9.049998,14.342368,13.899163,11.359306,17.477213,16.104631,14.793121,14.377488,22.453793,27.995878,12.24837,7.570331,10.695361,22.812744,24.002817
2,13.790645,21.238457,20.121986,14.295508,12.94046,13.030102,17.531921,19.976717,21.530819,25.326225,22.895256,27.418686,26.805027,30.27106,19.47405,14.051489,21.663162,22.061613,25.847128,22.60065,19.65987,16.093992,23.362822,22.598436,20.959948,72.05325,75.66462,58.141033,50.443657,31.148254,26.502821,20.370535,10.137215,20.09958,29.288486,23.910286,30.519152,49.78546,45.31102,26.932858,29.091251,38.700813,26.51763,23.433369,32.624004,39.031185,28.17912,31.531399,35.03711,28.17239,37.339687,41.862865,27.899904,32.778275,24.986109,28.877052,24.183956,31.137196,30.649862,36.595165,31.91066,27.24494,34.54719,55.22119,39.485554,48.358215,52.951046,43.84392,34.372757,33.664783,25.713432,24.297546,23.04557,27.492456,28.055964,27.799026,31.461634,23.478909,16.213491,16.940002,18.85514,33.997078,40.611767,40.109993,30.857363,25.367321,32.78041,25.076595,29.628044,34.810974,40.220547,42.860096,26.79866,27.298494,19.230112,23.060062,27.472162,31.532766,18.62084,16.162989,23.401548,28.923107,27.64593,22.587688,30.596083,16.507353,20.000587,21.09223,19.471216,26.927708,35.7638,40.487465,33.417416,18.39669,21.728355,19.993065,21.031847,20.242838,25.421843,21.490246,18.835491,19.06211,17.262262,19.605202,16.7681,14.39184,29.275406,29.100067,20.35747,22.57611,20.753437,13.914207,11.802996,12.921469,15.2681265,19.46933,23.434568,28.851336,21.424429,16.397312,19.504557,22.947708,16.941685,15.215552,18.68266,16.31524,17.497313,20.312916,26.110415,18.65638,14.432481,20.69054,19.98244,14.18626,18.733475,19.93748,22.561071,17.399998,7.975578,9.434184,12.953335,9.89978,15.648023,21.35882,16.85497,14.665653,16.604994,17.86538,10.972177,9.469368,9.357051,16.206238,21.695793,21.485695,19.886574,17.234365,16.910034,16.220879,9.239033,9.783328,9.571604,15.011737,21.45712,18.979212,15.102478,15.424055,10.495643,13.030213,8.897929,9.628456,11.230554,18.196096,21.066858
2,0.053396415,0.14824055,0.9753644,1.1986812,4.260397,12.967026,9.393176,3.1924949,5.249901,2.2183983,0.9466027,0.9685696,0.44133312,0.99744934,0.7897551,6.0346484,8.908073,10.757566,42.34122,37.590652,7.399177,9.557842,5.938778,26.026247,32.747597,10.372456,14.64798,11.187576,24.565361,44.504528,27.136465,108.865105,118.17455,42.783638,88.57998,58.40013,37.874638,58.340958,23.043736,31.945602,29.93184,8.676963,15.7708235,8.915451,9.015677,11.998291,3.9999304,5.2986255,4.2935457,41.076042,78.869514,37.91716,13.350929,15.3135805,7.663641,19.143251,13.376551,12.810371,20.876635,9.726489,23.24835,23.057358,4.858268,4.542564,8.709847,92.74322,130.46883,44.612904,36.29552,30.899405,5.043594,4.3357387,2.3087156,4.722795,5.729114,2.9164379,7.6422544,5.6487536,3.4668016,6.0173984,8.419661,43.499496,45.526627,23.28925,54.31431,34.452904,7.961657,11.5980425,11.764154,46.63076,42.161106,8.940976,12.019942,7.24151,25.893974,33.27324,23.364082,72.11448,56.27844,11.89999,18.172403,11.106271,45.228096,49.999153,11.8965025,3.132208,2.0351555,13.142824,20.729164,8.035371,2.966217,2.8298419,5.3085456,12.250931,8.383818,44.380394,60.126236,19.282888,7.8542128,6.33831,13.052941,25.551832,12.80233,17.486422,20.424221,6.401956,10.570611,7.5202355,2.2769492,3.7135785,6.804617,33.64013,33.974174,20.324877,47.586723,29.043375,8.782347,12.39161,5.8731136,15.837561,13.809894,9.575447,19.40857,10.131862,3.3636508,4.2828503,11.995615,38.393223,28.875605,9.735757,16.311367,7.2084656,3.332954,3.5808802,9.229151,24.401165,15.773924,1.5188602,1.7892845,1.7447045,7.052784,6.501856,8.333625,18.37715,10.183929,6.909716,9.022932,6.02916,18.516886,14.724152,8.316616,15.221108,7.6747246,16.917173,19.055973,4.7712865,2.8702765,2.0667374,13.912394,22.350927,9.827235,20.022034,19.482838,3.930681,3.033893,1.799371,3.2869492,4.5389833,1.5456834,1.7011424,1.424479,1.4877177,2.9410944
2,3.9210858,3.8065152,5.9203706,9.415847,11.916393,16.307821,9.896714,14.532993,30.642267,45.15204,23.202759,9.51249,7.070428,5.35281,4.1071777,3.4173214,3.7163098,20.573988,34.215694,21.913519,22.894384,22.397224,17.73766,22.18622,23.219738,16.770311,42.94309,60.042923,45.934326,42.006474,39.636047,36.215168,28.860422,20.710207,17.43596,24.698359,31.14791,33.416073,22.710386,16.56115,13.534978,8.626602,5.916181,7.4284725,6.849465,14.833631,25.779036,24.553297,20.95746,30.456528,28.566101,20.666733,17.743042,27.130705,36.195175,46.0973,35.91837,39.695724,46.747887,32.606194,22.128143,15.998853,24.208113,30.409056,26.741577,17.124937,20.999334,18.129461,12.561785,8.597401,9.957308,11.599482,8.945628,16.210974,17.585726,18.472086,27.114998,24.14186,16.729673,20.550573,26.674406,21.793236,27.818838,29.440605,33.00983,30.708384,25.523138,20.017544,22.300045,29.808615,22.224815,18.320538,18.594454,14.245639,16.854568,20.013735,13.18678,10.808117,12.32377,9.003664,6.2412615,5.494565,8.738206,11.674213,12.260165,11.435295,17.303751,18.735527,16.401655,21.293394,21.007008,19.804035,24.31323,25.353283,16.931475,18.386997,23.123922,17.659367,17.43975,13.193872,15.961601,17.0686,13.555147,11.141147,10.025544,9.927141,9.846652,11.323353,11.285983,15.445566,12.55427,9.09402,3.8960018,9.804133,14.4847555,12.05579,7.926154,14.973175,24.370716,18.783459,15.43825,11.703961,8.781791,14.826151,13.69504,10.655104,11.25036,16.420588,17.04441,13.137487,10.672666,4.7478967,3.853482,5.5892396,8.367818,9.457167,11.413814,11.087742,9.390809,5.9109087,5.5172825,11.300668,9.586007,4.6988115,6.3914804,10.613857,12.9887905,13.804637,10.829591,6.7289743,7.842713,8.922304,8.005414,8.305272,9.290318,11.3304205,13.195189,11.839662,7.8067346,8.733157,8.845925,8.129732,7.365594,6.1497235,8.448255,8.366751,7.9869723,6.8882356,7.6145725,6.988482,9.908652,9.915992,5.330767
2,3.9027545,7.211302,11.586621,12.007947,4.1873946,8.304085,7.8084073,6.3016353,5.504921,6.6233144,5.7972984,6.567038,9.647234,14.016784,16.697914,25.388063,31.184729,11.222859,9.510117,9.479248,10.747686,19.33117,16.643549,12.068433,7.3247766,6.324473,3.634454,1.6919656,13.549381,25.462822,24.622784,38.65558,42.8297,33.474663,22.969856,32.347958,31.450352,14.200451,9.176975,5.356455,2.508364,3.656594,7.3216534,6.943198,7.053948,6.936466,8.08741,27.192316,29.69847,25.203625,8.959166,8.766446,7.273913,5.2902718,7.2382026,12.9607935,9.689477,5.999601,14.267172,32.948406,22.148327,53.398117,80.99227,34.452114,10.648305,25.204012,43.464382,56.65451,31.800354,15.159529,18.042921,11.90464,8.346532,34.825493,43.2417,22.354015,13.332783,50.6576,57.24132,18.344772,11.832056,7.387408,3.4636383,8.023399,16.06136,10.889906,6.703091,9.207164,11.482989,12.1563425,13.173354,13.516856,10.99458,22.620588,27.215284,26.036503,17.504995,47.391953,39.48346,17.527828,10.202392,18.46432,13.933806,13.060157,20.796446,13.804097,7.3158073,6.356146,12.081197,18.643288,18.623365,14.407326,20.62353,46.994225,27.658705,7.846402,8.310951,4.7249107,2.1568131,2.557817,4.095344,5.222167,5.725929,14.866173,17.195892,8.029886,8.823203,7.918558,15.360881,24.232569,16.263775,8.925993,3.750496,6.361536,11.8229885,12.092253,9.798543,5.3670874,5.9157157,5.6168137,4.1025143,2.1970747,4.594131,9.116596,29.423664,35.47531,11.997961,13.532407,10.221654,3.3782165,4.1141434,4.517036,5.5716233,7.970014,10.616514,10.174576,13.557185,12.461024,10.990445,23.96009,14.438573,3.37462,4.597054,6.3295116,16.245459,13.811107,3.2764728,3.7923548,2.7622123,8.410098,11.931802,13.76816,20.11323,15.011118,14.797362,24.301933,16.569607,17.025105,15.549582,6.132797,9.1332,6.189188,2.5339718,1.4060519,1.1185688,3.5443583,3.3024464,2.21299,3.9547322,3.3672645,3.2500086,16.727036,32.867508
2,0.13657436,0.39817005,2.2423873,5.134585,5.4731417,8.432458,17.16901,23.19314,28.045858,10.919686,7.290552,9.580409,13.367255,15.454245,19.934963,14.726453,15.554525,21.932737,13.902486,8.743159,2.292353,7.416727,9.42259,3.36213,14.605057,21.135752,8.824839,10.735714,16.844013,13.457914,62.12437,116.637955,55.554195,6.921909,16.01993,42.54961,48.63806,12.725198,2.382105,12.804293,38.93425,28.314236,5.9511166,2.6738613,11.662065,22.181139,44.875534,47.322727,46.017834,29.600832,20.947506,11.469298,11.490195,13.344387,17.137678,11.512891,6.0264754,14.425515,11.225992,8.059642,25.720585,44.057194,69.37758,39.30597,32.561405,49.610806,62.20905,63.41403,15.273809,2.1762366,10.410455,29.895582,21.56189,10.167856,17.726044,13.968865,8.331239,31.81947,45.919113,68.42788,42.02158,32.32509,38.203014,27.210308,20.269934,5.5576873,1.5894454,2.7993822,7.891319,12.281697,17.119913,18.198559,20.847944,26.838621,19.761526,15.457907,10.703358,42.652046,45.429836,11.220441,22.79603,27.955639,15.141681,8.783851,4.881466,14.616242,15.603874,20.084862,38.176315,42.200306,49.57324,36.996696,36.812344,48.400673,45.70511,42.673122,17.100143,8.830177,4.956634,10.409491,11.261805,13.555619,16.948107,15.282415,13.598311,5.7935257,6.5040493,12.390246,18.667608,18.545177,9.836824,33.66675,38.78176,10.022021,9.15236,12.187522,6.7554903,10.922835,17.957968,34.229557,28.966887,14.4821005,6.877114,16.834393,33.57641,34.7105,34.467365,28.813725,16.50891,4.152164,1.8028951,2.1842792,3.0430741,4.2999897,6.495872,9.441047,11.297986,9.221811,1.7753059,4.8334594,16.764961,33.99187,24.59116,18.858309,6.442717,3.6489806,3.5033128,5.628902,12.698353,17.954128,14.478263,10.366648,2.2523096,3.7257361,14.359386,26.809744,20.835943,21.361004,29.59574,16.744928,4.94073,2.9396977,5.490052,7.000661,3.4442887,9.40019,14.0044155,6.374851,4.013653,4.797824,8.0937,18.507938,33.89404
2,4.174372,4.9229736,3.6143422,7.07831,12.150143,17.846594,15.548207,9.929276,16.12294,26.517824,19.138754,15.676604,17.082066,16.96179,12.379527,12.328853,9.798589,10.773082,13.765847,17.711143,19.187939,19.67303,26.225233,19.175518,7.6559844,19.507078,28.029581,22.581503,18.639986,23.39382,19.272627,15.364043,15.467157,20.007662,21.671644,19.961964,10.559873,13.575404,25.088068,17.789564,7.7988825,10.770983,17.83459,12.68738,6.8082957,10.258255,19.540833,25.01023,23.973793,18.485405,11.142363,18.18174,16.039375,17.594084,19.239872,23.701773,19.621971,26.046968,27.419382,16.219427,15.526305,13.0833235,17.613394,17.391333,12.889255,12.950354,18.951626,23.943537,22.094814,16.349867,13.652005,23.032892,28.551558,20.117172,11.534703,14.45201,18.597664,23.669037,27.526098,19.729332,20.650415,18.239897,8.35824,4.7214384,8.709439,9.722189,9.544243,8.543169,10.922178,21.913988,17.503262,8.527309,10.405194,16.333874,11.786421,16.240292,18.848646,16.94796,9.397681,5.7764897,4.697748,8.175488,10.52199,9.0564575,7.487013,8.116141,9.643291,9.06327,15.555736,16.59357,11.411707,9.808469,9.843634,15.329967,13.215663,11.004847,8.489633,8.497274,7.745332,9.142129,6.6094775,13.308728,15.635816,13.606198,10.972333,7.9516068,11.20224,10.130529,6.4282627,9.035255,13.41115,15.865245,12.348952,7.2714953,5.180562,11.370504,10.574755,6.0320683,10.184187,8.800986,5.5736666,7.18634,5.7219205,8.442905,15.461721,10.401502,9.775558,12.309054,8.554474,3.739262,6.274329,8.450884,9.308571,8.827311,4.284143,7.991728,10.341925,6.9895754,6.5986204,7.0570374,7.667718,8.522078,9.7572565,7.4469237,5.32647,3.4506273,4.040611,5.8342614,7.0144305,7.26159,4.1235104,8.138085,8.049843,6.5498886,8.447342,5.0809464,2.7918265,4.138545,3.9655955,6.766652,10.842016,7.653745,5.1288853,5.901829,3.3746824,4.530802,5.9159904,4.478465,3.6967492,4.789344,5.1449337,4.71537,3.4777308
2,0.20890488,0.41025987,4.018076,13.398882,10.40191,2.5262434,15.198836,17.864672,4.661093,8.876442,15.9780655,7.220058,6.4936624,19.16571,13.532557,1.3468341,3.7803419,4.0369,0.914665,0.83714616,1.3698233,0.7048719,8.2515335,21.64926,13.929477,6.0521812,28.838152,28.180626,5.5769763,19.353443,28.689995,11.030602,112.251465,263.3255,153.20438,5.7972527,7.5267735,6.7443614,5.203721,50.36967,68.065475,21.6647,23.466888,49.218094,25.945322,8.47897,30.321232,24.650265,4.025978,19.251135,23.666986,6.617947,2.8698976,5.260793,2.6388602,9.342374,29.335855,21.755266,6.724134,39.96311,44.8186,10.900078,11.690326,19.906448,9.690361,70.5361,196.26878,132.08278,13.682827,48.998413,50.17297,11.236369,70.61327,110.00929,41.948273,25.360903,62.521053,38.238113,5.3086915,22.21431,20.728512,3.7083921,8.712031,12.2956915,4.1701074,1.9795648,4.3130207,2.61366,9.087161,34.822136,29.654593,5.323516,27.975737,36.036,10.77023,5.7091646,11.315307,6.382476,33.06634,110.782616,85.89498,12.82685,55.106956,64.77017,16.931938,61.995678,111.875084,50.393806,18.433079,54.28102,38.327503,3.4639232,5.3433905,5.671776,1.2947806,3.947835,6.446279,2.6256661,7.3385773,19.275417,12.36144,3.2459347,15.075941,14.749964,3.3233757,24.265526,36.034744,12.955195,12.76611,29.937967,17.451181,12.4721,51.252274,45.674404,9.052551,51.601913,69.74215,22.202785,44.053368,92.67244,48.801327,7.6758866,27.419027,22.272755,3.7297182,17.755447,21.85845,6.105384,6.273107,11.837402,5.6343884,3.6919568,11.591536,8.581613,1.1307586,4.618943,5.171983,1.3660004,14.177526,24.377625,10.403398,11.561205,32.175323,21.652037,3.369226,15.312493,15.670643,3.819423,31.750153,49.491314,18.902607,24.190687,59.89316,36.613953,3.6412892,14.264839,13.30067,3.4213827,28.085524,39.794838,13.478303,15.767608,34.927124,19.344002,1.6387775,6.047739,5.1634064,1.982514,16.039663,20.676582,6.1746354,13.7028675,27.410719
2,0.3365782,1.2177235,6.804709,7.4174223,1.7497227,1.372443,2.69712,21.845804,27.802631,8.92676,11.100954,7.805657,6.7948513,10.159555,6.7778554,20.789078,17.246035,6.168261,10.1013365,5.2137523,13.136544,12.792446,24.462608,51.810783,27.52092,12.372454,14.218764,26.642136,68.033104,43.08833,46.153076,61.99458,41.31594,114.44291,85.19548,19.227585,26.995016,12.270647,24.745567,21.66054,3.4811964,1.9881164,6.2073355,32.231834,33.103443,8.590503,11.705989,7.5474315,28.152052,33.952854,9.365824,4.4671626,3.350452,18.23548,25.880554,8.791293,1.7763588,2.2419503,44.294727,74.33818,35.097397,71.15285,65.6901,44.494987,86.403824,43.230694,9.783774,10.6126795,27.415966,65.69665,39.207172,14.784425,18.678709,5.7488804,5.3916607,3.8648155,12.289338,18.436432,9.428952,24.153976,20.027254,5.398641,8.381049,5.5791993,20.172016,19.645184,16.839588,34.80921,18.674053,19.885494,22.892788,49.06766,125.50966,79.220535,29.911201,39.675133,14.122155,21.186123,15.73071,4.086635,5.9059644,4.0715227,13.299119,11.643828,3.5584178,5.7695255,3.1458607,8.565656,8.796694,4.951815,10.351416,6.1884394,16.076256,19.407827,12.520938,31.457298,20.980629,15.415915,21.834526,9.893359,22.731743,17.860003,8.070957,13.187665,15.5840025,63.36746,58.491222,15.2168455,22.608728,11.574183,13.430912,14.568175,9.797256,22.30202,13.283211,4.4648013,5.651708,1.677939,0.7658519,0.530635,0.23734562,0.35457078,0.6022063,2.170107,1.8452477,13.829507,24.581194,10.940414,6.60269,6.426471,4.64681,9.564672,7.027274,31.251448,35.733643,16.560492,36.191624,22.87198,15.690626,20.97567,9.16181,19.736748,14.703052,5.534225,8.441259,5.2021437,16.345398,14.300173,3.4379408,4.947992,3.0707288,10.720165,11.006894,3.334367,5.522308,3.217412,6.646193,8.022396,7.531336,19.760683,13.174103,5.8019066,8.192428,8.573479,27.806448,21.86073,12.254922,20.052425,8.8827,14.01294,12.9212,5.65927,10.340489
2,7.44953,7.939367,6.851231,7.4415064,5.254827,3.9558365,8.374742,8.655297,2.0764325,2.0629396,4.460223,4.930388,6.664859,4.290758,1.9281038,3.2510188,2.0848944,2.7232735,4.8157163,4.1095276,3.7854507,4.884142,9.259699,10.37693,9.411883,20.53785,24.907164,35.906925,22.929909,6.3242216,6.3618197,9.806373,11.65675,5.6983213,5.0829515,13.526779,14.271432,11.679332,11.752479,13.116451,11.56877,6.667755,11.937922,22.91661,13.733267,4.37451,4.265177,10.980991,16.021656,10.748792,15.122347,19.89705,16.257391,25.912903,22.87137,19.668732,14.117755,3.317118,5.196178,9.984229,6.6543946,5.324245,11.992125,15.791682,8.828937,10.994317,24.146656,24.208752,14.180714,18.271458,20.264372,15.3120985,7.059329,4.834718,6.113186,6.8159757,8.441193,5.8716507,10.6671295,22.667881,28.311062,24.278198,15.256296,6.135204,8.535533,7.7508984,15.268969,20.468477,15.953664,18.595066,14.564672,10.824802,20.789776,21.912954,11.819768,11.426365,14.177749,13.499504,7.806875,14.478744,13.879513,9.190513,7.403141,15.351327,22.392323,23.448101,10.757829,6.099607,9.775004,14.412531,10.84604,7.254542,7.8209195,15.721272,14.065555,10.950333,10.18258,15.533269,12.5897,11.712199,8.753788,17.189,24.183252,12.633246,11.443663,12.042694,5.103107,6.9441175,12.029983,13.431797,9.753251,7.652337,4.5441966,5.1574197,6.566922,7.328078,6.6044893,4.155983,3.3994071,11.929141,15.56004,10.1923895,6.1411796,9.977649,8.073698,10.515384,11.390658,8.930185,12.159325,15.466221,9.11814,11.210038,10.854278,7.1631575,9.519024,9.837558,6.556624,4.8243966,3.972816,2.5306172,5.1404295,10.268403,10.947516,5.4752703,3.102296,5.0719147,7.225522,3.4329042,2.8993046,5.442375,8.791278,7.1445866,6.4671183,7.075601,7.113196,5.1232486,4.0765457,4.149352,6.1470504,6.425716,6.4585824,9.445388,7.718964,7.22496,7.107405,4.461729,5.3476696,8.676646,6.6066036,6.7965117,4.5879836,2.9419065,3.5619328
2,1.511829,12.175705,23.15843,16.503784,7.2270613,6.5779824,10.061151,11.878091,12.575149,13.299809,21.310633,23.884615,14.909746,12.018147,4.8724885,16.461208,25.079123,31.37598,24.593304,16.85508,11.248262,8.792592,17.86297,20.44463,17.169388,10.357122,15.051868,16.568659,26.347305,57.36468,64.826355,42.1953,33.68154,19.327785,7.5730534,18.597757,24.44061,11.988749,25.455528,39.02014,42.94034,33.353355,15.470153,13.248182,30.459824,31.497084,51.878567,42.284595,22.25187,21.364674,27.159752,37.92129,27.97346,25.645966,16.635736,19.592556,16.607536,15.306465,7.470183,8.805135,10.664189,12.769192,17.899393,17.63898,17.178198,9.961276,14.248185,25.010857,46.425957,65.88602,55.026833,21.979181,8.341717,14.117239,21.875917,29.762054,59.43846,42.05892,15.762434,30.31818,24.296474,16.723837,20.838234,14.826311,18.454838,14.387971,18.388758,29.413113,21.268698,17.018982,9.596529,6.124294,10.451926,19.17007,19.747679,11.750145,25.327236,29.837135,19.790327,33.235775,28.363014,10.7668705,8.507166,7.7222,15.640862,30.080442,42.293377,25.190752,22.490854,36.168076,46.267254,25.222485,23.59856,16.21184,13.65204,21.566263,28.156351,16.615044,14.019431,17.466375,11.52514,10.656575,16.643213,16.612747,14.795917,23.788223,21.595919,10.86119,11.069889,9.091575,8.567558,16.3759,20.88458,12.11519,11.976919,26.899477,18.570608,21.475052,19.228062,20.879406,16.117489,16.723108,11.913294,8.113158,6.6749654,37.495438,48.779385,18.131136,10.007843,10.718679,11.01483,13.263516,10.275812,6.376261,6.792094,11.549123,14.3490505,12.231638,6.7459464,6.966938,14.141393,20.128117,17.00555,27.815638,17.698338,8.889169,13.32572,6.445513,5.224722,9.629297,8.992297,7.382274,10.089463,10.404185,18.288784,27.359701,22.193571,5.9033885,9.572007,17.94864,17.46786,9.195252,8.545595,6.972501,1.9742947,1.4068751,3.7954185,8.813407,6.342163,2.8179514,5.2211275,17.636974,31.011738
2,4.4502177,15.846177,17.519495,14.165486,14.732243,11.483206,2.6774552,4.5009165,9.647619,11.526047,23.75292,23.984816,12.70142,16.720997,20.634912,23.01526,15.626212,16.51647,16.1606,12.357578,24.05049,53.27703,39.6941,28.512585,19.196512,15.792141,8.815879,20.767193,25.984184,15.475245,22.722904,29.55769,62.995266,52.32324,22.638847,14.401982,16.271252,23.920555,24.081987,18.59117,6.078163,10.454758,19.763136,21.29528,24.675312,22.130028,22.30804,18.727463,15.366522,17.155884,37.919804,44.750603,27.401545,65.68415,65.71583,28.271944,31.192837,34.56355,22.667532,23.099424,38.540447,33.215973,28.161257,15.510734,21.450418,23.923117,16.298416,14.574145,16.065239,13.674094,16.654095,14.954267,9.113726,7.5214725,8.734589,13.972088,12.489721,28.567078,33.939106,30.780943,27.106018,22.68019,19.265835,17.39324,13.749595,34.701065,46.978054,24.395483,15.338122,19.23202,32.225777,27.57846,20.820107,13.861375,16.692184,9.919613,10.65517,9.353004,10.802491,16.777933,15.499297,19.695969,12.933432,24.424986,36.82298,22.270962,15.788844,15.424658,9.682201,11.947659,19.265818,15.299917,27.19892,23.773743,21.053257,17.460392,31.402416,22.774837,6.2786226,12.628332,17.996428,19.694046,24.481401,21.412455,8.205277,9.372209,6.2818837,3.2248034,7.9408536,11.57722,15.554525,20.986177,12.057157,8.632029,6.2155695,3.186627,5.9074492,12.899021,16.715595,12.0536995,16.047474,14.843602,15.635307,18.834839,19.533216,15.514306,12.069633,8.956649,8.162996,7.34951,11.59159,10.770743,3.2799616,2.7290564,8.622153,8.199886,12.219009,13.920712,16.10652,16.287098,8.067408,12.247105,15.653115,20.540377,20.700634,15.673372,13.444787,10.490375,11.824122,10.951659,8.8425665,5.4344254,3.736268,1.7690041,5.236558,7.4707446,7.5141273,7.604661,10.703687,14.123668,10.289254,9.858363,9.48916,8.4553,11.324858,9.592661,8.161888,8.417951,5.419306,4.6146145,5.317844,6.990318,7.218691
2,3.9118176,9.689266,10.068301,9.479766,24.76983,21.481781,3.5745492,2.6455731,22.589317,33.53582,13.293776,8.915965,10.826794,4.967325,3.120607,7.5579276,17.805262,32.407795,34.987663,13.837301,22.50037,22.36628,5.6622577,12.975892,12.867955,15.155552,50.75482,44.54478,19.47777,18.076242,16.620148,19.425383,36.60754,29.425613,22.136988,28.178104,18.018064,5.0728674,6.460522,6.281813,5.7681713,5.2756047,21.541403,23.374844,18.140198,14.504782,15.642959,19.58724,9.767848,24.85588,38.670387,18.058405,16.589481,22.650373,26.447683,17.804922,7.317617,17.533878,23.008263,24.128174,7.7779493,7.0879965,9.506096,13.015618,8.149598,7.940353,12.252635,7.5847254,11.837828,18.46753,8.691578,12.536924,19.067537,14.786158,33.058586,45.165627,31.26034,24.187881,20.490929,18.816284,16.97895,15.281727,8.442006,13.519585,15.212196,14.193184,8.397385,9.671111,15.7289715,7.16722,1.6275721,9.171175,31.377449,25.65105,8.155568,8.612173,7.9583354,12.676949,28.805687,21.156729,16.574186,29.555504,23.485672,19.281452,17.611773,13.160961,9.839729,7.7017345,27.072508,29.755724,27.611994,15.712614,10.697691,10.120094,7.1176853,10.234088,13.507036,5.70889,17.540567,23.689505,12.87375,8.036016,5.065945,2.5124218,9.876055,11.048365,5.849329,23.67201,24.00523,5.947365,10.846362,12.041162,11.992264,5.249269,3.908157,7.026259,12.177113,11.238933,9.319413,4.7556877,9.070439,11.474203,4.0980744,9.913413,12.836709,12.498115,7.6983047,3.5573509,2.9771016,13.919319,14.856182,10.832508,9.20951,7.981257,7.076058,10.641238,8.809428,4.1210356,5.44578,7.914469,9.976266,8.049955,6.2095137,4.680421,1.8122998,6.0560737,7.1870613,3.7776601,7.051382,7.3201303,2.0030656,5.565286,8.459788,12.166616,7.1562085,5.594839,8.594394,20.333183,16.809652,6.2642965,4.8570805,3.246612,0.76068217,1.1116072,1.7291127,2.1681736,2.2802582,1.4086248,6.0327406,13.379759,9.035532,5.586532,2.5136175
2,6.883321,7.163934,9.784078,9.399215,10.166858,6.9260864,5.944965,14.809851,17.509413,12.864839,19.782513,29.592596,30.457455,23.375479,14.040995,8.455131,9.90107,10.021112,5.715477,11.467292,19.827032,32.02624,25.416916,24.355785,34.930237,32.331657,36.265347,22.641386,9.135265,14.19885,20.884026,33.95878,35.44947,22.208204,31.957005,37.94381,33.06455,36.98886,26.992893,14.126648,16.45792,14.985283,16.211288,17.632957,20.654457,28.468569,31.117208,25.93592,18.641052,24.272429,20.307673,22.291216,34.528202,29.686234,25.283833,55.272694,49.52913,29.791553,32.108135,19.177242,18.431063,23.317366,20.816708,15.343973,22.454672,23.529617,29.740612,28.044619,18.107967,15.205083,13.519672,17.39653,16.52153,11.408276,13.783618,18.396755,23.472406,17.958138,33.770035,47.49939,32.96145,16.977142,29.118507,34.026283,13.930227,17.68725,29.736652,28.986748,14.488379,23.503008,50.275673,39.76075,27.255487,22.101048,17.657574,16.225595,10.474485,12.992164,19.846096,19.674612,17.07408,15.598778,15.110093,20.972239,21.209068,20.975178,24.472992,16.252413,18.025434,17.874704,29.423746,20.075275,16.316032,19.042347,16.841795,24.131226,24.54384,27.568655,17.47112,17.005468,14.343799,10.715392,10.678746,15.395185,16.744986,15.9428215,14.283103,14.281083,17.807594,14.063032,17.963566,15.545125,10.49269,8.982182,15.314747,17.033592,10.438509,14.114762,19.699442,13.488553,12.804653,13.077065,19.492277,27.168327,19.378138,21.88792,19.312698,8.717083,8.821163,13.552213,14.157221,7.359386,9.69903,9.853459,10.540207,8.847771,15.309606,15.311039,10.083661,10.016588,7.249303,15.044071,17.285202,12.072558,12.21178,9.319189,15.142711,15.618009,13.465077,16.20315,15.647562,9.970431,16.29569,15.267663,13.345717,20.310999,15.294014,15.857492,10.870049,11.279112,7.610277,9.570844,7.047601,9.997581,12.020946,10.854298,13.438333,12.816992,13.183498,10.346152,5.074768,7.8394585,12.484507
2,8.779474,11.155323,7.411369,6.015666,4.617283,7.92738,19.940237,28.289755,47.326836,59.334457,23.802948,10.648178,19.34185,10.846653,2.2488952,8.903828,31.860874,36.551674,28.78079,26.782505,36.35658,43.42345,17.673569,16.612934,39.48694,74.479805,91.55658,63.140118,37.226524,42.49215,25.71158,19.745968,41.11155,56.0038,27.972721,31.754503,28.504677,16.770311,30.296413,27.068201,13.065077,12.870244,25.283346,37.355373,30.789343,51.309868,29.352367,39.41595,34.52988,20.807676,15.628116,59.47152,65.28605,45.052696,59.19324,34.327442,33.847607,25.041222,36.35797,45.183434,32.194717,20.942884,34.522747,34.41513,15.447467,24.594883,37.159435,18.28244,7.196715,12.7889,24.724401,58.182137,50.658615,23.700733,8.886669,2.4153178,4.904122,8.601176,12.391244,32.529366,64.623795,41.8984,13.598696,7.8343678,29.159538,35.43326,28.01834,24.10277,31.48572,34.195698,15.589399,15.3297415,36.26997,23.767166,13.419763,14.974912,37.77763,51.540497,42.22071,20.384007,28.569971,26.988672,14.828534,9.469309,21.67339,42.273716,42.83552,27.393003,10.852886,13.335518,14.421806,13.688838,22.854204,29.524334,35.725647,23.23727,16.040195,21.369421,26.907343,21.6347,7.3402953,8.545796,26.904509,44.228775,26.469936,35.522923,20.999485,24.016575,25.179602,20.737165,16.26714,17.194313,18.571167,21.123465,32.090054,26.02543,24.735594,14.184951,18.552399,14.891328,9.235445,7.5814414,26.715229,37.535652,29.32701,13.634884,6.1029677,8.205528,8.366869,18.700115,18.832636,35.837627,33.912476,15.390089,3.353213,8.809805,14.098699,11.216707,12.851154,25.846296,24.037663,28.778526,21.236616,18.636927,17.68305,7.8029685,6.6403513,16.278599,27.468004,24.780533,19.094566,11.715767,18.357529,15.473741,7.233477,3.4467084,11.044033,15.053415,12.076053,6.9668913,8.077451,18.312824,23.291338,14.927128,7.3240013,21.130941,18.940325,5.148751,9.127218,22.311295,30.852304,17.083519,13.958509
2,3.5641537,9.545896,9.991629,4.8654723,20.211296,20.193151,6.6211777,20.940947,20.915766,6.839605,21.459953,24.344517,23.421251,18.520288,17.448797,19.00762,10.451759,7.372114,11.946333,17.91787,20.331995,22.768152,12.953555,7.7458286,14.062981,57.685184,57.558308,12.195653,13.088432,19.024008,27.946936,14.020863,11.431719,22.963797,23.839382,21.738504,13.766284,25.473173,29.445126,32.351013,30.896637,26.705801,8.375721,6.271493,10.051249,17.119162,9.222538,7.0483785,13.393228,27.261059,26.897686,9.706696,13.44414,29.153006,54.05222,68.95711,64.8052,29.920345,37.415386,38.16081,30.145037,14.664518,16.971981,34.345657,31.03024,37.18149,53.36747,30.962593,23.349571,33.589146,18.022957,9.982467,14.726026,12.72083,16.817213,26.79393,18.868313,18.412127,25.920422,29.654846,38.296413,54.410522,33.03189,22.490616,23.962948,12.775523,4.747743,2.384276,8.890603,10.19161,10.724167,16.094334,23.67308,36.86165,29.278803,26.749298,28.336315,19.087975,17.781443,24.272905,12.900496,4.5492954,2.836971,12.700059,17.753069,24.960354,18.574516,14.447471,8.712899,5.6327877,3.9676461,3.550679,15.821505,21.801783,30.500233,19.358875,12.515992,7.6595144,22.523727,23.941462,18.08238,19.968338,20.839577,21.61166,11.810922,5.698126,8.352719,31.570965,31.749569,10.765557,5.9330726,12.278599,23.39403,12.431931,19.306612,37.705936,20.311659,8.102013,8.794753,31.23209,31.294147,10.390971,12.393564,13.597144,14.462194,22.764732,23.722313,19.511026,15.973935,12.951048,2.6922202,3.1288798,12.362014,23.89693,12.121558,2.117406,1.4994493,2.342471,3.342433,5.8812504,16.334435,16.671213,8.865685,6.368335,5.1756754,3.9409244,5.302997,5.185931,3.4441283,8.1778345,9.470173,10.284767,6.054494,4.486061,6.0929785,3.3425999,7.3610525,14.627748,15.28119,14.597735,12.032684,19.60847,20.574907,16.66948,8.665512,12.543248,24.385784,13.202752,9.205837,16.113033,24.34407,23.345343,9.78917
2,3.4356382,4.146276,8.699515,11.365761,11.329303,16.827871,19.515371,13.807424,25.313986,39.802353,35.01342,23.301863,19.943521,16.162151,12.233787,19.15913,19.39306,14.950925,19.962017,31.516724,24.01874,24.825562,38.209507,26.233313,14.492497,13.810341,12.343446,21.440466,23.313633,9.080774,8.8091545,13.726607,11.815768,42.002636,56.165104,32.546577,26.287241,26.066586,24.767601,30.712013,39.84628,50.075703,72.981636,135.13802,102.22226,40.581856,49.65976,31.410168,22.003935,37.173462,31.873226,34.44294,34.141907,30.701567,29.928988,35.09303,25.033232,19.801764,22.353962,38.919098,34.26867,24.277487,39.48744,52.431698,57.271614,56.236565,41.07562,24.089418,25.798605,19.757343,25.09904,55.481873,46.911396,29.148972,19.346153,22.683458,23.07189,21.939573,33.607403,28.41339,19.918665,18.678799,37.976616,41.190536,45.74187,76.705475,60.645782,68.62831,49.809803,30.430285,64.198555,62.10191,28.020073,18.2428,27.747202,31.169453,21.060442,18.188969,18.55939,21.254204,22.086134,12.401192,15.89336,13.553583,23.066334,29.664398,53.122387,88.59397,58.685856,32.593517,22.070618,27.78383,35.150826,38.016174,24.411463,25.172947,21.318783,15.837874,15.888266,19.252728,18.2984,13.482027,14.77597,16.077766,8.697624,11.356838,15.894033,18.727142,21.999638,21.865736,17.634888,10.003668,8.223172,31.275438,42.711647,24.726555,11.105395,11.078052,20.462353,33.89208,24.276182,13.2266245,15.729033,9.928415,6.0509405,15.752025,23.719736,17.545755,14.605726,25.058123,56.803482,41.250103,18.04393,16.203066,9.950724,12.297748,14.730971,13.196506,14.104465,27.520658,36.828392,22.04204,14.30428,23.716105,21.832565,14.619398,10.273159,3.2857344,4.688682,7.359435,9.05866,8.960949,11.731122,17.904083,11.637722,7.9717093,6.555707,11.245948,13.548094,11.775082,17.014057,32.685234,26.888859,16.310404,10.525268,11.010057,10.555682,13.233214,15.0455265,16.376928,13.876313,16.914083,20.604832
2,2.3692594,6.3600097,9.560693,14.497201,13.719395,11.805809,3.8607826,3.172487,3.1927872,3.499886,7.62832,8.051581,6.252234,3.073869,4.1095214,8.221822,5.825869,11.137174,20.966858,18.85631,16.864826,13.265141,15.256028,20.395964,30.312357,16.12256,6.2644095,11.979492,56.21553,57.060146,23.605618,21.219221,19.671312,15.183357,22.644247,22.121302,11.428961,7.085149,17.095709,32.808285,16.402588,6.6317105,13.442695,15.153195,13.826886,4.7204585,8.664152,23.76001,44.374893,27.846313,18.575174,18.567293,56.49361,55.992874,11.552233,6.7399945,24.207924,46.71436,26.605616,24.383877,41.91576,21.43157,18.054878,34.786484,18.932114,18.851215,34.607826,17.865675,10.764646,19.816124,12.6313,18.753033,34.250362,17.703253,6.288752,8.561838,5.1491423,9.362884,17.826597,9.916634,14.581645,28.22586,24.709488,20.301989,4.4920053,6.0855327,6.4538827,6.5793643,23.81326,24.721392,17.116982,44.44328,45.18059,23.137527,11.451183,9.454351,17.496037,21.20868,21.467241,20.041622,32.477615,31.317589,10.267739,4.2109675,0.7764343,1.1174107,5.09681,5.9928308,7.2043886,16.881384,17.439548,12.4639225,30.33327,31.912922,23.479437,11.532535,6.5441847,12.859763,13.544423,12.067992,4.6975703,9.639988,17.704367,30.157827,16.34331,8.138313,10.007674,5.708002,8.397758,15.768087,8.58473,4.687582,6.2692504,3.3722873,6.185308,12.262483,11.761205,10.8790455,8.518333,9.853978,11.306749,13.930302,8.825804,5.979386,6.6631145,22.679708,22.586092,5.3347597,4.394091,6.7018127,10.692081,11.63196,10.769606,5.934406,2.834712,1.7488774,3.564809,5.8362045,6.3480263,6.526406,13.184167,12.896357,3.7661464,11.351322,11.30391,3.3947628,12.313281,12.583957,5.8056135,7.4616814,8.061021,8.064623,7.3192577,7.5702224,8.733054,5.8002267,5.077811,7.1318417,15.368942,15.234158,5.810095,4.961166,4.2613974,0.9273895,1.0695052,1.298061,1.9340938,5.99587,7.677581,9.874164,4.962289,12.063892,24.069963
2,0.5829744,4.005966,11.962697,9.373957,17.592237,18.021486,19.610926,28.004852,9.8490305,2.858899,7.4814334,23.906866,18.81862,27.656395,29.574793,11.346202,14.134001,7.0827575,10.777337,10.554752,30.50625,25.030766,40.8234,45.86517,16.82639,19.979168,7.9284415,2.2418456,3.6238723,12.682513,10.974519,21.501219,25.32651,6.695461,1.7234582,3.2764413,8.004853,6.8371167,19.308395,16.951395,12.819496,15.56799,7.0110345,9.855605,20.489862,53.069214,34.315613,9.056791,8.958301,36.010147,46.71783,33.411083,56.23173,30.332674,42.201878,30.864874,56.017467,53.882782,29.838339,38.455975,52.461414,100.45057,50.234894,26.340427,20.565563,42.111454,42.396667,21.186304,27.846556,18.409708,32.452366,17.46214,14.537313,11.140285,14.9439945,15.968104,33.85191,50.453583,22.674213,29.649036,16.900507,17.569641,13.789109,6.080978,6.522093,7.921653,12.314051,30.763384,70.38361,40.570705,11.523837,10.2743635,27.504948,31.8929,18.553549,27.4223,19.984068,40.089,25.967325,35.630684,30.696028,14.586156,16.955923,5.537938,5.358978,13.858584,35.47799,22.720182,11.810844,10.585109,2.6794133,2.6473987,6.5424185,11.913916,16.216492,41.871193,28.407534,25.753984,24.346972,6.502927,6.396643,28.658958,55.145054,26.694849,5.201021,3.6579034,1.6584495,2.131794,16.075327,22.596357,7.901062,4.4367137,4.477038,11.944113,9.474051,18.751183,19.490858,16.926453,24.287952,13.996763,23.419806,16.393406,34.567093,26.733917,15.339309,16.452892,12.051649,17.794155,11.214617,20.537655,12.4825115,16.979635,14.049434,20.828827,23.768368,16.79057,25.473433,11.780787,13.751209,8.622118,10.147324,8.625284,4.3946424,5.0682335,13.037452,22.185352,11.039993,14.929003,9.558398,8.442748,7.492844,4.24157,5.156206,13.7326,24.585516,11.475574,8.888832,7.2031064,18.483364,17.312563,15.565396,20.08188,12.612622,20.708586,12.624852,22.365997,15.728142,14.390918,13.991398,5.47834,6.668919,6.7574267,12.7459755
2,4.262962,10.253771,12.006422,12.488168,14.3414545,12.309105,11.709761,12.678742,9.68473,7.761003,8.151226,6.1034718,10.616109,18.606413,20.756765,29.90197,40.772602,27.82598,18.453514,12.778815,7.430932,13.945337,16.313065,12.624729,10.174015,13.303498,21.419899,20.438253,28.295122,29.539791,29.179184,45.48895,85.85146,107.519714,102.433235,60.856216,43.04807,39.704906,29.621891,18.943335,11.610384,13.298225,24.108717,23.306328,16.701439,12.668403,9.022187,18.25295,29.792572,42.994705,39.904266,29.714794,16.293644,19.062006,18.911171,14.524398,16.858904,25.284142,24.103117,19.673567,23.6359,29.106197,41.648853,36.890514,50.34909,80.917076,86.80389,73.868095,62.375534,36.074173,42.738873,24.641443,23.839872,24.973642,38.49218,25.360212,20.20442,32.97157,29.736204,18.34316,18.448942,38.740215,34.455395,21.575344,32.919266,25.443718,17.871965,17.043135,15.204301,11.087905,9.824498,8.562757,14.58474,20.556871,19.235714,23.290161,28.32121,46.437225,45.922554,52.331455,79.20705,41.9336,14.791255,20.06533,27.14794,17.157677,29.018187,26.667297,15.356537,14.435016,20.849388,23.483747,23.143,18.61089,24.69128,36.824066,33.76729,26.070108,12.831726,14.424784,13.444897,7.35234,7.69328,8.045655,7.6319084,17.32596,28.745333,28.754393,27.774437,24.11154,40.048374,41.597713,24.720156,27.290874,29.300625,23.419418,22.0159,29.052227,20.847712,16.526415,13.535285,14.052796,21.69855,33.35749,27.128263,23.3013,14.104761,15.110005,21.953823,18.76511,10.700406,8.997062,7.893624,13.373125,14.727826,11.950414,10.307158,9.670319,17.509535,21.265612,19.19039,17.130278,8.045969,9.77077,14.980559,15.933397,22.546831,24.360306,20.09023,23.368269,25.70781,12.512759,14.562099,15.551647,20.034575,20.737637,23.05592,24.689466,16.765516,18.220835,20.81095,22.00511,9.754626,15.554502,17.403967,9.809505,12.223326,9.915547,9.405681,7.660953,5.946376,15.586349,23.049526
2,0.9297156,2.5644708,3.0201285,2.900917,3.0492885,3.033649,3.1298926,10.32495,16.8041,28.366886,26.690363,26.385574,25.244078,21.71652,19.032354,5.5264173,19.560066,23.262817,7.135792,18.784252,27.73973,41.283318,30.931273,21.243721,7.156934,32.74889,42.913696,15.1650915,13.649958,16.953348,8.485174,68.53842,95.92287,40.956184,42.81598,55.987247,25.57663,42.17254,60.221336,23.120605,8.6129465,9.049228,4.963285,27.051336,43.601322,32.55905,25.218699,17.54152,8.325104,6.3735213,11.464459,31.0003,32.754494,33.21348,15.226562,5.0874853,8.296295,30.412748,32.5155,31.344759,41.691795,38.095684,11.566304,4.6063647,11.220074,24.730934,56.356884,56.969757,20.375072,77.45812,82.050674,24.425686,33.93603,36.400406,15.673768,13.2579775,15.231016,21.046196,13.010605,6.8917685,9.756436,12.182816,15.693574,23.222126,16.970997,11.687041,5.904526,13.04074,16.814909,12.26743,29.474094,41.402145,48.602577,37.25836,25.770378,17.556932,15.232511,16.373396,21.304977,22.086964,27.162516,43.745937,33.27703,25.944067,77.897575,60.92783,9.8868885,2.9455085,10.254444,16.937635,15.490394,11.649967,2.4569383,6.859769,7.1500077,7.723096,13.73962,17.692259,23.322565,11.909179,15.534261,26.864676,20.48871,16.862875,12.654122,13.82467,12.218859,2.8302577,7.553014,13.852448,24.01455,17.592285,13.040206,2.860994,3.7724383,21.453857,46.484886,26.326975,10.257151,16.331861,11.602457,12.280873,22.459486,15.659542,10.428856,8.073983,12.340012,15.563582,18.354778,22.987347,25.444136,13.019503,9.318715,8.64891,9.717689,11.199182,12.73157,8.78205,6.3839936,5.6415234,10.723427,19.175018,25.221714,11.5695915,10.067519,12.938655,14.4970875,10.594006,5.5389614,18.138008,17.071478,15.095044,9.184123,16.419783,25.48076,19.400795,15.491953,11.67252,7.8227663,6.211202,5.4177732,2.381195,6.8541102,12.54535,11.309085,10.501928,10.792499,19.010426,17.622555,4.599039,1.6831181,8.896033,17.783266
2,0.010200412,0.0137743745,0.07739032,0.2558264,0.22329077,0.6607734,4.561617,5.3580203,1.4146506,7.7746143,14.052554,6.3348656,7.2203436,21.332172,15.065217,2.1909297,10.09875,10.809304,2.4467838,4.396807,7.156235,3.261508,26.958971,70.74913,45.409176,6.26365,27.21182,26.570929,5.176097,10.788331,16.020733,5.763585,13.72,32.188698,18.726753,0.6752896,0.3889608,0.36137685,0.9500693,9.328871,12.612696,4.0092916,6.9200435,14.562351,7.8828053,16.758404,59.98449,48.736298,6.336669,2.0388284,2.149944,0.63246983,2.000391,3.8212519,2.5881965,22.552042,70.87085,52.466724,7.4932604,33.626568,37.676727,9.2379265,29.100664,50.04455,21.324205,17.358225,48.252766,32.610687,16.590391,85.81759,87.79491,18.35553,20.355398,31.574173,12.020482,3.6717405,8.973378,5.592238,9.588074,42.485012,39.685215,8.368446,54.362396,76.96445,26.0562,7.8384323,16.985971,9.436311,10.464985,40.05748,34.112656,5.710589,25.660156,33.04918,9.870068,12.26053,24.496677,12.239539,3.1416693,10.510007,8.158135,1.3620806,6.915665,8.122691,2.1206923,6.142544,11.089271,5.090463,14.82135,43.801197,30.91285,3.1187053,8.574579,9.186563,2.078545,4.9666753,8.115678,3.2746584,4.3924103,11.518923,7.436776,4.9962792,23.904577,23.383987,5.60323,46.449047,68.98045,24.804678,13.883134,32.28606,18.790161,3.657746,14.776097,13.165695,2.4974985,12.8844795,17.416607,5.538549,3.17737,6.6353264,3.5217104,3.925898,14.053035,11.420329,1.5742164,4.27842,5.2528076,1.5023409,29.73645,56.494167,26.80742,3.8229313,11.99441,8.87824,1.379986,6.6446586,7.4445586,1.8964171,14.915851,25.64726,10.929245,6.3783355,17.732895,11.943298,2.2139113,10.667821,10.906942,2.439237,13.867491,21.621447,8.236262,0.7014796,1.3610015,0.96506214,4.0060897,17.770906,16.58494,2.9618466,5.5553946,7.859526,2.6610794,7.313602,16.253536,8.99492,0.5960064,2.0979443,1.840111,2.2811265,19.682373,25.377089,7.5774817,3.18406,6.2455263
2,2.591477,7.8579345,12.253551,18.403873,24.3759,10.802257,3.7204785,6.0631976,10.8377285,9.330549,6.4627934,9.007234,5.357171,3.8711765,10.060629,14.210716,9.214392,9.056483,3.3081932,9.665774,22.533731,18.825024,7.1041536,5.370588,6.7936444,14.338873,20.366125,19.993628,28.513226,61.890347,71.18659,57.829624,108.60342,122.273125,89.14932,118.90273,83.98333,41.681774,29.745872,12.123632,11.3754425,13.766776,19.932058,22.102283,17.917418,16.945997,28.695343,22.880907,12.901253,9.698734,17.101288,31.10185,27.966337,27.31317,39.667862,33.479958,35.90928,24.502415,21.67312,27.149712,49.392666,49.83439,54.34247,106.5522,68.16042,49.95,82.4816,110.291176,124.04287,66.30587,53.788967,55.095703,26.6802,6.266487,14.44251,34.34259,26.317238,21.04198,15.78492,8.717832,9.264189,6.1974397,6.2010946,5.2563915,10.469252,11.864108,24.140099,36.803772,23.895948,21.7895,37.62779,29.87259,35.607357,29.981594,32.843246,49.882,44.05718,15.423984,27.39692,56.059544,55.623558,74.24811,65.00313,83.74975,47.236324,26.086855,22.06769,21.25548,28.9802,30.432568,23.322725,16.46004,17.35679,15.171236,10.75656,8.581848,12.379751,11.180329,11.644317,24.036207,24.2918,10.48795,12.112167,12.621758,25.061674,22.914896,22.191187,15.667385,20.302313,33.61422,46.14486,32.677216,46.06064,46.959625,18.600689,20.460989,48.386898,40.86974,12.760991,10.503526,9.699718,13.596669,11.929874,13.318228,5.952642,4.876983,16.755053,20.384205,12.839573,7.42196,7.0121255,6.091316,10.800948,18.212944,13.923634,18.908823,14.521718,26.200535,35.87986,22.773476,15.957903,14.293805,19.619225,26.147392,17.727146,12.111115,23.16852,22.019573,23.446634,20.613424,10.478268,10.789085,10.332461,11.764368,10.675749,10.41005,28.044325,20.951532,7.2624946,7.606199,11.348032,15.308469,7.226518,4.1685743,7.6779976,8.783822,12.634972,11.624967,6.3824615,7.44781,14.184064,24.14618,22.973177
2,0.114944145,0.38958576,1.6231396,7.0653877,6.777941,3.0332096,2.0853496,1.7826552,1.8160667,3.2607155,9.99837,12.61745,22.276093,13.27362,4.2697096,6.3937907,7.231103,8.400303,11.256624,19.412682,13.658181,12.932411,4.809522,31.544935,89.20279,61.070316,12.145999,9.778443,10.481574,7.7273693,6.650793,5.1561837,4.418364,6.541226,25.951176,32.50216,49.96443,39.775837,16.816416,19.193798,25.059433,15.742823,15.053754,21.300594,15.800895,9.882413,8.307493,12.1362295,35.18413,32.10979,8.469531,4.29668,1.5469961,8.810202,10.385738,3.6298754,4.81057,10.129013,31.289194,47.411278,49.181416,48.81086,13.059853,12.753966,22.678366,14.217759,12.633734,23.005219,22.01537,13.245489,17.386724,27.034277,12.532245,4.8903146,6.9206257,6.168915,5.1816535,3.5913277,3.0773096,2.2002964,3.742327,10.251606,16.012735,29.032269,25.635164,29.517225,13.359958,10.240628,14.302265,9.9210415,4.3142548,12.652721,16.242516,14.895942,21.233276,42.26467,27.417423,16.238,13.47772,13.333574,4.124394,3.121036,5.243311,2.877004,1.5622932,7.1245203,7.2522016,1.544264,3.531052,6.8820086,14.896549,19.276342,11.301429,8.900613,3.6445243,6.087562,9.81989,8.79105,11.291077,24.223879,22.662277,25.715368,17.0365,13.584919,5.0759263,1.2547513,2.963588,3.9951735,6.67302,3.9033883,3.0671737,5.8425803,5.819161,5.5302405,13.52077,23.11051,11.771143,7.0836115,2.226755,3.1392422,7.0974646,5.695753,6.111476,2.8135087,4.773597,14.628219,11.186485,2.646675,1.4232385,1.0219529,2.0831406,2.4825475,4.0272,2.9861755,2.7001653,12.844562,16.255308,8.260037,10.464892,20.99445,13.566531,7.433574,3.6911433,2.6571517,3.7140703,3.8972094,5.6465983,9.3961525,13.19868,9.9204445,9.209661,7.550795,6.2799773,6.8634562,3.4744382,1.5110351,2.0429273,2.8989654,5.8771296,5.053228,5.908172,9.33626,10.794144,7.141827,5.4028993,1.417404,2.3836284,3.673509,7.426106,7.793298,3.6016722,8.170021,15.602911
2,0.93284565,6.308785,9.329018,5.1744633,4.6987123,5.7124333,10.02826,21.429167,14.697618,12.993762,22.373154,27.127802,10.487669,7.5424647,9.858238,12.325896,20.784643,11.742437,7.8316727,2.8401673,1.8117322,5.677074,31.880627,74.87459,44.31394,9.451843,22.543049,28.862606,35.31869,31.929544,7.6359367,4.223265,4.6610126,32.452198,47.49553,41.102158,42.405037,41.206543,32.254387,8.444639,12.472906,19.940775,16.560204,18.082447,10.010462,8.002116,3.0778475,20.109266,40.117455,24.88903,22.022404,33.918385,35.590622,8.73596,7.9746556,17.776154,25.177315,39.31547,41.48768,49.422665,55.624172,50.39233,19.516731,17.994135,26.97207,17.780264,17.051195,6.28131,7.5059776,25.25737,24.464836,32.470585,19.45959,7.2582893,8.361759,9.725548,3.7114573,5.0584397,12.989547,15.331444,25.14535,27.772905,36.287094,17.41013,12.75442,3.0108879,14.106578,33.470505,19.724457,3.4885283,22.999859,28.77211,11.815681,8.015569,1.5967182,16.001608,32.080612,34.651653,44.554394,17.828978,9.238192,2.3729138,3.5146034,8.087228,10.917723,16.79408,10.4385605,10.466985,17.44894,17.831068,22.44261,15.330557,3.3641052,23.714025,34.481518,14.176361,8.725812,11.021891,11.997184,19.481028,22.77443,33.326572,16.316267,10.757253,8.498974,8.865596,14.029734,10.066914,5.9838862,10.895015,15.459937,13.538158,13.921924,13.920028,12.598819,15.5017395,9.815635,6.483661,7.9623437,9.452671,5.090396,4.2000294,3.827377,2.985687,3.373144,21.185516,30.724915,10.762817,2.7656941,9.119024,8.1936455,8.780215,6.590558,7.1397057,6.853908,7.786409,6.7089396,8.363761,16.805616,13.8166485,15.0893955,9.910568,9.305304,4.570316,3.5719798,2.7520406,2.1163573,0.57211614,13.043433,22.172186,9.647678,3.2996578,4.180586,4.059395,4.148864,3.2625773,3.3017416,5.6011605,7.8103333,5.820005,6.282614,10.107861,8.021338,1.1719257,2.397846,4.2144303,11.121167,13.897406,8.986233,7.6480646,4.62004,5.8846684,10.120764
2,3.8660305,8.495219,8.005062,4.1853905,9.261117,8.952292,8.114001,6.132526,7.0615172,11.3560295,16.873005,16.72605,20.61917,23.907076,20.969852,15.67659,15.669111,21.314579,16.63903,13.463829,11.109065,7.474963,4.245414,2.1273508,4.002991,3.6541991,3.2834175,14.418389,41.71695,32.73769,26.4907,41.97801,22.977846,25.584642,44.16345,38.828377,45.526505,49.3423,16.07349,8.167256,24.79678,43.46392,25.154104,25.571068,31.925053,13.336461,21.32381,26.294807,25.109407,12.448028,11.966029,22.093294,36.76045,41.21467,40.40851,19.123138,12.11673,8.381939,3.7851236,8.245909,17.223455,21.342339,8.385837,9.770336,14.867222,21.811508,24.78133,23.148651,23.09164,34.123447,22.883562,38.00312,74.53158,49.093052,31.01362,23.225676,35.11895,28.171488,19.590395,16.822142,9.260201,14.773661,26.046913,30.61305,27.487373,23.949492,24.173737,23.799267,22.564505,20.060486,25.966639,21.603928,11.694271,5.0275984,5.4314833,5.7316284,2.6456618,7.5418663,6.928213,11.429171,32.606403,23.821497,8.808702,4.3917384,14.972278,25.723385,36.416027,19.444588,30.319221,38.20597,12.250408,2.459572,2.1746547,5.858837,17.417976,14.861596,7.7285757,14.008193,39.62477,43.721054,10.709422,1.8379742,13.0574,22.344585,28.839579,24.994184,19.429527,9.037003,4.2148323,3.0708632,5.213577,6.5590234,13.567628,17.292818,10.382689,5.558994,6.532736,11.97565,12.198006,11.414354,11.159833,13.5287695,8.971564,3.4168851,2.839924,9.643095,9.065884,8.06696,18.776754,16.065958,12.015324,8.261408,9.136239,8.054711,6.8780823,19.315268,15.955307,9.756764,12.090641,10.0132065,7.8378286,7.329998,19.82246,16.479921,5.1643248,4.2787676,3.3245168,3.9016685,6.1719494,4.083553,3.736071,5.9065695,11.492935,8.994424,6.219787,7.9711256,6.9305196,7.099292,8.2380495,5.2254496,6.3135924,7.391047,2.8405392,2.8433578,3.2974277,3.352444,1.5542839,1.8051171,4.623243,10.283585,10.888396,12.1921015,14.716448
2,2.7700627,4.583549,9.42101,10.777944,17.6398,16.654573,9.997586,9.771821,17.881592,11.858454,12.39709,27.234756,41.976147,47.99296,23.476656,16.269695,9.94658,11.985641,18.118307,15.007795,17.835262,19.21063,13.183788,15.832587,25.49424,36.59093,45.628185,58.536858,34.126602,16.585934,9.604846,16.20978,21.66375,14.453775,19.055477,32.320354,34.40636,17.367678,7.937648,32.175926,53.8882,25.156887,12.888104,21.003433,27.37237,19.217503,13.43194,21.919771,18.103754,25.055283,23.414822,23.668293,44.92517,45.127617,34.753723,35.61824,38.70719,32.95102,17.28741,21.189512,31.439312,35.030193,37.88029,28.547525,36.005848,46.22446,40.502644,41.353752,29.190645,12.965429,19.63274,15.927886,17.79712,14.473186,12.659574,16.647884,21.842081,22.241648,21.84966,10.650258,13.070686,13.78457,14.28159,31.980078,39.17243,18.043524,20.337978,37.884186,41.132877,29.843996,21.067354,12.701677,14.616688,29.611101,39.576763,39.860638,30.10437,31.814005,21.359306,12.956781,11.285757,16.293655,24.334661,17.608038,12.73018,13.203685,27.17371,31.289646,15.283712,17.74369,26.24562,23.595564,17.486202,11.1439,19.421051,16.83151,14.553996,20.867393,23.709776,19.695028,26.125704,32.795193,32.838634,30.300522,20.541943,10.742574,12.548301,15.295739,13.293326,12.267554,10.421879,10.5899935,12.233742,13.484389,16.15062,14.97211,10.360634,8.011876,9.650541,7.2250786,7.7674294,8.906773,8.345733,14.791127,15.126022,14.467229,16.220263,13.46419,11.678065,18.414711,27.985035,24.732578,14.571253,11.644382,10.71743,7.3278184,18.31464,18.428337,10.433248,10.718948,13.7632675,15.781345,18.269533,13.264148,9.427814,9.927248,5.5613937,13.973612,14.01672,9.246651,16.152626,12.349384,9.138784,8.1343565,11.746045,12.935483,10.678338,6.4263573,8.458968,7.6863594,8.982958,9.276703,11.208983,13.41188,13.611534,12.29906,15.458485,18.36916,17.545341,9.681325,12.409548,8.51862,10.073311
2,0.093914025,0.13617001,0.38323745,3.4520118,12.797881,10.667048,1.536022,2.123376,21.0018,28.507898,9.12027,0.7726362,5.449595,12.539248,7.163259,0.24353866,0.68055147,3.0467324,2.877705,0.73161256,2.490209,38.617233,59.40786,22.279177,1.293582,4.0496836,10.792253,7.012049,1.5432379,9.508033,53.215137,56.54826,12.560584,1.9123703,31.97951,55.93917,24.319067,1.6084963,17.470787,54.6157,40.237812,4.0309687,1.1488004,5.9467154,7.1395783,1.9216176,0.2157302,1.7013696,3.3957741,1.7210757,0.80272377,7.424105,27.575895,22.979555,3.1699648,0.5570176,0.37244603,0.45073706,0.18427515,0.37100226,12.226006,28.135881,16.0719,2.1349316,15.687512,70.578156,66.427475,11.866499,2.0828662,15.042088,23.142488,8.693884,1.5255963,25.067776,66.84039,43.45081,2.832577,3.1128964,17.177309,18.245625,4.054568,0.81839705,20.206993,35.35576,15.369671,1.2234904,13.76344,43.021614,31.697536,3.1725643,0.7383102,2.8245113,3.3888562,0.9121068,0.1058315,7.2318892,14.461208,7.233523,0.13011265,1.021591,3.764948,3.1732774,1.218424,5.8853126,58.86846,79.89082,25.566513,2.1376882,4.474181,10.151316,5.808354,0.24613172,1.1138864,4.996147,4.703958,0.84119797,0.23519042,2.9889185,4.599856,1.7285212,0.37075484,6.167585,16.452852,10.690287,1.3293487,7.2976303,40.8424,43.395782,9.643661,1.283151,6.514473,11.352857,4.9605136,1.1451027,13.538628,42.29608,31.170292,3.1205058,1.5251204,10.242938,12.281048,3.3090205,0.36120602,14.8967495,29.802317,14.897288,0.4545993,4.194699,15.582557,12.982073,1.8397318,1.996044,19.638792,26.658218,8.527862,0.7220305,4.9468555,11.37376,6.507325,0.71327,5.2321987,23.55287,22.165867,3.9587471,0.613354,1.1974462,1.8071691,0.7026653,0.5811538,10.0827675,26.890741,17.47363,1.4514291,5.7953515,32.393715,34.422325,7.647074,1.0541599,10.794858,18.869102,8.205496,0.35967517,3.2227526,10.079714,7.4239736,0.7555999,0.70337605,4.9625463,5.957075,1.6033796,0.17371853,12.216556,24.435053
2,1.427543,2.511057,6.207778,10.383319,10.825261,5.3719134,9.72432,5.7609243,9.534017,10.523291,7.9624577,9.725646,11.935865,33.727562,29.356113,11.04691,4.7333198,3.729348,3.7843754,6.9449205,11.453021,12.3322525,5.6611905,4.6067476,5.8985825,7.691081,29.973572,74.1876,117.93919,78.5688,37.86446,13.930239,27.513214,36.858734,19.240711,36.242588,26.93799,16.346384,18.077991,13.559609,25.661077,19.268356,49.58012,51.43191,14.185963,13.926279,10.126325,5.130008,2.9121466,12.787491,19.51181,14.469663,29.847445,21.493093,29.872112,42.63986,44.834435,70.980286,47.667282,27.991499,45.752853,57.342747,28.883574,57.068386,38.719627,27.705097,32.917496,27.442331,43.71063,32.162426,50.31186,47.17396,11.9108515,7.915183,18.7185,21.95637,16.574518,7.0135684,3.5278382,5.173141,13.649174,21.825901,18.430187,5.882333,19.390516,41.870205,27.682865,17.436058,18.91859,18.867323,14.048857,25.22339,34.04749,26.235731,39.234577,59.047184,39.070496,31.104424,26.854591,25.516272,22.200243,6.8876076,10.31175,26.93837,23.310448,19.22244,20.34997,9.968343,19.301273,19.828693,16.897375,12.578744,7.518721,6.989765,4.6497335,9.847747,9.156684,6.477619,10.930517,13.322461,24.123905,23.92862,37.808155,47.022675,21.318296,36.60973,24.683556,15.28576,15.42398,6.4916453,7.356768,10.569709,7.550351,10.350178,14.113299,11.748276,10.817202,12.237895,20.761623,20.005028,5.196592,2.7263749,7.709852,17.25489,15.236923,10.265104,13.874341,12.523227,21.24863,15.523324,4.9747195,14.202987,25.803667,23.944708,16.239574,14.106023,12.408586,4.2737064,6.241446,4.7841563,8.014215,9.354915,8.039463,6.2296453,11.803516,19.002558,16.6239,13.238896,11.887826,5.272968,3.4737449,10.045331,8.816653,7.092899,8.801541,4.7486486,3.5686824,12.531988,16.000095,19.232641,21.745926,8.616988,4.794448,8.984225,9.571948,6.6177926,2.4654593,0.9770854,2.6330678,7.8032374,10.088272,10.713056,13.138703
2,1.0295595,7.54513,11.478093,10.933935,11.91805,12.052686,13.88292,25.358242,18.86203,17.865784,17.093739,21.73064,33.19217,35.606934,19.975029,15.202363,6.6804676,7.6304045,12.062004,8.150713,8.772278,15.0879755,21.928713,53.579662,42.64689,11.451049,42.380215,74.18578,36.78867,23.59329,27.978165,27.456322,10.625436,12.999273,25.54437,30.394138,45.05097,26.073523,24.54668,46.745743,45.12588,16.959166,11.715007,9.655976,19.237925,30.106268,12.144625,2.875819,11.294715,15.227338,33.001335,26.222483,25.009245,13.996342,8.666746,33.21576,39.932316,36.58752,34.667236,39.215576,26.956701,11.344351,25.715265,37.882282,23.315823,21.824308,20.77294,31.236944,70.2488,48.410877,30.476,21.159483,21.773603,7.8780823,3.2161958,7.859749,8.115874,12.230432,14.560359,23.230684,17.201569,19.932161,37.17904,38.99322,20.01582,17.137453,21.483387,16.26641,17.48947,10.127529,8.924032,12.016125,11.905784,2.9189284,20.862808,48.82665,38.252342,44.573875,20.228064,9.489183,19.566593,19.759249,16.348701,12.946639,12.00826,15.114372,22.319326,12.747272,11.278417,6.1557765,5.8379574,8.922107,8.063469,10.792495,9.378993,11.826306,4.7107935,2.0637872,7.0868697,6.748072,5.98982,13.806157,27.064678,26.151606,34.03519,12.809106,2.347577,1.9390343,8.03132,21.495255,14.433532,4.854708,6.534133,9.48104,19.93221,23.044989,29.314356,24.428905,3.5181322,3.1973834,5.90501,5.1548915,6.235264,6.0215354,6.278227,6.0608563,6.726382,11.820284,7.923133,5.907505,17.312992,23.444847,16.075462,14.8411255,6.4132247,5.791613,8.766434,6.2604647,6.5335703,17.325619,22.805685,22.237488,22.208532,24.603535,19.392918,14.911165,8.41798,1.9903185,12.469619,15.717659,5.5114856,3.0082755,1.4321752,6.2391543,13.402626,7.9887834,5.398953,2.2380533,4.3847647,18.97073,17.797846,10.503504,7.545284,5.4405713,10.214162,15.183205,8.626231,7.69209,5.236779,5.8615513,10.889857,18.847536,34.880127
2,6.329361,9.831385,10.887494,8.080908,2.9646568,2.3773005,4.412791,5.558798,4.052977,4.7009764,6.720772,8.158728,16.576914,23.915857,18.766632,7.500377,10.367159,13.986359,8.386743,8.355777,9.5863905,11.71028,14.542722,7.3742576,12.161774,30.67489,61.322056,73.597984,44.09988,95.91103,62.296383,78.26646,89.19723,26.709229,8.155282,13.794539,24.068493,21.217009,6.529523,6.7832084,12.080991,40.077595,35.350075,17.500923,10.768676,21.914719,30.463667,22.937298,18.805143,17.4816,11.385494,23.547272,36.239876,25.043612,21.643105,51.952755,76.91914,40.3425,40.72262,32.69169,51.11757,74.167336,49.179283,22.997835,25.46556,23.77843,16.605028,22.228134,24.430378,14.503711,16.570211,20.09765,20.763456,24.475327,29.540932,17.431635,8.207197,26.599028,36.999603,15.68826,14.0277605,41.609406,37.388245,12.599295,16.513636,20.632957,18.45373,62.716263,62.250916,15.399534,22.101107,53.325302,32.75982,3.6237855,2.4811363,8.804294,19.655321,29.511248,33.52574,31.474857,23.137573,9.185481,15.025324,9.799098,11.300329,21.442286,28.902443,27.230396,17.393597,22.189173,19.007156,12.615774,25.54662,44.209106,27.286942,11.043429,14.248249,23.10111,27.953257,28.584332,24.455097,14.972914,15.855814,22.092106,11.77493,7.980237,9.807089,22.030737,34.005825,38.131886,19.11756,7.7940297,4.854942,14.956426,19.097586,11.445699,9.935152,18.227785,20.356733,18.275032,13.804762,12.368889,25.96275,21.331003,14.674523,13.791498,16.741385,20.135258,21.747396,18.503613,13.092587,12.571041,18.257412,14.714353,15.22673,11.769656,7.723848,8.460977,6.570693,4.907807,7.7055626,9.4079895,8.241538,3.0150414,3.1619585,8.604555,8.897049,6.339308,6.9004054,12.139191,8.5388975,5.28112,9.180402,11.2435465,14.413273,22.440733,11.384424,5.063355,5.2371416,9.046957,13.686348,9.745016,5.7549133,4.739833,6.9886403,8.953901,8.488983,5.315415,6.3423314,7.9452286,7.0396404,3.9246833,6.779982
2,0.21821867,3.444806,6.014941,2.5693178,1.4647614,12.804332,16.885298,10.917124,11.036914,5.2441106,4.9691324,8.682302,7.6973424,3.9826398,6.16672,15.212992,13.36556,20.549429,14.279379,15.329965,10.968697,13.445949,6.931219,5.7550898,5.479923,7.000365,13.592291,15.706916,6.405303,5.8422604,11.837768,17.386429,46.701843,50.229023,97.08657,66.252846,7.0322833,15.842969,31.926449,18.314804,14.039789,7.105578,5.556068,12.792241,17.102448,12.487196,13.222882,3.5186777,3.9810429,16.706387,15.89322,17.558895,14.0221615,7.61851,9.283478,18.991915,16.691133,25.634653,14.700463,11.161569,5.4751706,3.6548488,16.787691,22.94839,12.474026,14.954641,49.35314,53.54015,60.74206,54.71393,10.002397,9.195742,25.352465,18.49847,12.91978,12.492366,20.456625,15.814225,20.892591,11.715748,11.001186,10.149633,13.354589,30.751411,37.376278,39.00077,40.188904,12.23683,9.525933,19.40008,15.773167,3.3543937,2.1338186,2.4231522,1.5592836,0.9725285,24.192081,44.965473,20.953947,4.6172853,30.571362,43.104195,31.719448,34.569164,10.360128,6.258058,21.711483,20.64821,11.644557,9.355827,6.0151706,9.360702,21.512115,15.074285,14.857104,16.973352,27.958447,13.374091,4.462013,24.326569,34.64433,21.442696,22.173334,6.6326632,3.2318578,10.831117,10.350983,2.58279,5.6760354,17.024519,16.889256,29.482948,18.788727,1.4626085,11.085879,21.193827,11.884973,10.15602,4.936071,4.1365933,14.600717,18.556662,18.823856,20.110432,9.85724,8.388211,3.5934417,3.5937755,7.487201,10.58446,23.775139,17.044437,17.003506,16.610325,26.215881,15.968012,16.024183,10.94989,12.831341,6.021199,5.0437775,1.6542264,0.850478,1.225594,5.228903,19.963842,17.400421,10.358983,8.961846,13.1365595,10.234466,12.5377655,7.160483,1.3211123,2.2139084,3.6185198,6.361884,9.186712,3.704759,2.373727,4.975844,5.6460233,3.8818545,6.4909987,21.473759,19.069622,13.634442,10.4293585,5.849316,5.593008,9.454311,14.685122,27.365627
2,0.18735258,0.32629004,1.7195178,11.825783,13.945699,3.7105997,8.05732,23.906775,16.972057,1.5443658,7.7603984,12.781623,5.2072673,1.7888674,8.704012,8.592857,1.6841966,3.695199,8.803066,5.189021,0.63035125,5.937941,8.183483,3.1851947,17.0083,62.55195,51.75798,7.039602,15.453525,29.866713,14.96,19.969404,131.19183,150.69072,38.02345,22.232864,62.48662,43.217968,6.3922024,99.47369,159.82187,63.080044,4.7118635,17.196825,16.52083,3.098585,5.3711767,12.423954,7.186113,5.863188,56.14163,75.150604,23.621094,15.783617,55.594093,44.841198,5.735183,30.130524,56.888733,26.88455,2.7618432,17.001524,19.04585,4.617902,4.0246854,11.149195,7.514607,3.252495,52.871407,82.7649,31.795776,27.726652,124.19807,116.618645,20.72798,17.894672,39.687546,22.195478,5.4783845,48.8302,63.66374,19.382391,13.581436,45.877125,36.099632,4.3318715,15.674618,28.795376,13.388723,12.283884,72.58955,79.285965,18.44699,18.183443,48.77056,32.00317,2.7144065,25.213865,38.410324,14.306173,13.303166,57.16766,52.338467,8.854651,4.7205334,9.775828,5.3170285,0.42377695,2.514474,3.3559237,3.8258028,40.80157,134.54518,103.14687,11.569762,24.378897,43.54467,19.387535,1.5783875,8.396299,8.931734,2.4276986,25.1406,65.68719,41.98859,2.5745516,6.766748,10.022616,3.7627504,8.579212,35.389343,31.604465,5.0708795,10.221481,21.590326,11.60772,10.663986,83.57354,103.576546,29.24656,5.2615128,13.658945,10.214866,1.1198233,9.565254,16.661009,7.21443,3.8678493,20.725767,21.51654,4.6375027,10.38945,26.23317,16.35031,2.5363982,29.379824,42.481876,14.762832,1.200345,2.3417602,2.0331895,0.36035708,25.309223,52.083885,26.784597,4.7465754,34.942177,42.21075,11.629259,20.30427,62.282692,45.370148,4.4094424,15.497554,26.205528,11.004881,3.9611907,20.21617,20.46021,4.251276,15.336276,37.604534,22.815323,2.9605,31.271605,44.06614,14.819878,7.6322217,28.917688,24.53482,3.5357265,10.142846,20.28927
2,4.5270786,6.8322186,10.5628195,6.0817723,2.1032853,1.6232358,1.1687794,3.2138598,2.7735157,2.0534387,8.494077,16.139519,30.984177,35.70905,19.379,7.23892,4.6513605,3.0852814,4.81264,10.463114,20.971073,14.45334,16.892746,33.466293,96.43349,74.65082,24.295267,46.352993,50.963127,35.951805,27.787413,19.443874,12.805806,37.86792,51.42831,32.717617,52.747643,77.2742,45.37154,33.01227,17.137667,6.9857516,16.160282,11.679535,12.605459,10.128368,8.480777,16.904678,21.77833,19.565125,12.211188,22.127274,31.599346,24.590889,18.723734,23.593904,40.34935,26.529217,45.99457,67.40254,50.639473,37.48623,22.154158,26.82764,46.834,42.967335,62.087456,58.204353,19.026493,18.877274,31.46251,37.13106,33.979603,19.077969,7.0938067,9.13212,17.385843,12.498277,5.109636,9.721692,25.697155,18.959751,16.30694,34.900078,28.473326,10.729556,7.894808,17.580019,25.920439,23.721462,35.280327,44.34194,26.659338,46.30763,53.50334,35.249706,45.003857,31.155155,18.513067,14.229195,17.069891,15.703233,23.193975,28.519178,20.051788,7.217386,6.44311,7.7195683,9.664115,9.748911,10.201983,6.559285,6.3513412,15.812837,30.473686,26.141685,15.486143,26.433088,34.06011,21.607529,27.334948,20.709482,7.0629873,7.0218983,15.491445,15.963914,31.49756,38.15146,21.696115,13.0525675,13.93575,19.037573,13.695956,14.70719,7.519138,9.221184,11.226901,8.991518,17.915443,12.488141,5.214093,4.5138,3.0789404,2.8992834,3.6540332,6.7941413,8.450609,12.1978445,14.327384,7.9830484,16.026701,23.540882,12.586535,13.704586,6.918193,4.212294,6.1204724,11.551285,10.033988,7.266869,15.244423,13.834012,9.831308,12.553849,10.711672,3.6638904,11.865396,15.252801,8.8921385,10.719686,6.536015,8.36503,6.70322,2.757179,0.76589227,2.4055274,4.777485,5.0006104,4.8731875,12.964425,17.074905,12.373047,12.134717,12.573185,16.621017,18.950329,5.2901187,2.4236913,3.4870026,2.5474262,10.503477,18.792866,12.521301
2,2.6829212,5.6526165,5.5723286,4.446699,7.6705008,5.2008457,6.709592,12.0063925,6.923212,12.011988,16.4586,11.810826,22.459856,23.411087,14.67997,20.981588,16.258047,6.39058,3.0526948,11.023142,11.378359,7.8072863,12.072395,8.629983,4.50751,12.318321,38.316467,39.42782,46.97065,104.578285,71.046555,25.54588,48.947914,24.665873,11.862456,17.085686,6.513731,3.8844194,5.1531672,8.68282,21.583921,40.155136,53.784897,52.457405,35.553375,20.873154,15.984028,20.102362,16.313904,9.519275,5.731185,15.6040325,16.924255,13.214759,7.7822404,30.46778,43.518734,50.703064,44.144745,32.95689,21.311932,52.097275,35.50771,18.914165,37.267048,18.763039,5.447298,10.407562,20.31549,43.417824,51.723083,47.96139,49.1839,36.910988,16.886229,32.653805,30.524044,25.500511,15.83082,12.338599,13.093557,13.677743,7.194452,8.459977,7.6430078,9.211486,27.872932,20.518568,7.8476167,14.052276,19.730043,17.268373,14.651555,37.050175,25.402073,7.6776385,13.858782,17.405302,41.887054,58.43409,25.13323,13.335913,15.269383,23.290764,38.06145,30.432056,13.90903,29.138712,28.867397,24.951374,14.664694,6.372831,1.6141679,10.303641,23.60474,15.164764,11.385215,15.860986,16.224932,11.783991,6.5526576,7.8620615,17.463938,16.199097,9.072627,16.223173,11.022079,15.003267,30.099,22.641619,17.57466,14.256017,6.8727055,14.788263,16.890425,14.072249,29.6319,30.182102,25.943956,12.976315,10.669415,11.210138,12.281263,13.747491,10.767226,10.67691,20.38204,11.906749,3.3551185,6.3045626,17.08541,13.512502,8.166339,10.306437,10.822822,8.807345,4.1516523,7.6847043,9.5182495,10.446617,10.498256,15.406372,12.735372,2.5670497,4.031129,20.630304,22.952946,10.3669815,10.010087,7.639983,5.5434895,12.122714,7.325138,4.073765,7.3446712,6.443287,10.044134,12.917811,12.384279,8.851915,8.711156,11.419144,7.918042,8.140262,8.2192745,2.7682245,4.7763577,4.5241146,4.9899654,12.932535,13.186509,12.887614,12.990153
2,0.0,3.5163897e-15,4.139533e-15,4.0519418e-15,3.4135493e-15,13.072792,26.145584,13.072792,3.644143e-15,5.8519097e-15,4.2915877e-15,21.014782,42.029564,21.014782,3.289466e-15,4.74669e-15,3.739979e-15,20.18826,40.37652,20.18826,3.7276124e-15,4.806458e-15,3.3526428e-15,8.723509,17.447018,8.723509,3.9442517e-15,4.6365207e-15,4.055337e-15,4.888642,9.777284,4.888642,2.83695e-15,5.002096e-15,4.1037052e-15,49.514202,99.028404,49.514202,5.328761e-15,5.268852e-15,4.23483e-15,32.59842,65.19684,32.59842,4.6702305e-15,5.043301e-15,3.362009e-15,6.0118313,12.023663,6.0118313,3.459496e-15,4.2803844e-15,4.944983e-15,45.834785,91.66957,45.834785,4.4057055e-15,4.9883303e-15,4.756779e-15,39.417034,78.83407,39.417034,5.1429456e-15,4.1027413e-15,4.1536056e-15,17.403156,34.806313,17.403156,2.787902e-15,5.6607834e-15,6.235953e-15,80.56839,161.13678,80.56839,6.5442104e-15,5.2549204e-15,3.5643375e-15,4.530978,9.061956,4.530978,6.805199e-15,6.371013e-15,5.01747e-15,11.007555,22.01511,11.007555,3.0418474e-15,4.398959e-15,3.0988196e-15,14.391036,28.782072,14.391036,4.9785225e-15,4.9813127e-15,4.095468e-15,15.34223,30.68446,15.34223,4.5459297e-15,4.3918387e-15,4.100028e-15,25.018953,50.037907,25.018953,4.156295e-15,4.7729527e-15,4.3120842e-15,16.42287,32.84574,16.42287,4.0967032e-15,4.6646846e-15,4.640949e-15,38.2238,76.4476,38.2238,6.025864e-15,4.624678e-15,4.93389e-15,1.9525597,3.9051194,1.9525597,2.7585767e-15,4.6777276e-15,3.9306738e-15,34.334705,68.66941,34.334705,4.229338e-15,4.9706307e-15,3.770162e-15,14.880638,29.761276,14.880638,3.660026e-15,5.1569623e-15,3.5363596e-15,1.5916829,3.1833658,1.5916829,3.6991737e-15,4.7697022e-15,3.897461e-15,11.86407,23.72814,11.86407,3.3918486e-15,4.6721406e-15,4.4570823e-15,2.3918858,4.7837715,2.3918858,3.5918225e-15,5.6952145e-15,3.986009e-15,27.762535,55.52507,27.762535,4.6843514e-15,5.5251146e-15,6.2936907e-15,13.033643,26.067286,13.033643,3.8989647e-15,4.1166547e-15,4.0740493e-15,19.598938,39.197876,19.598938,3.738362e-15,4.8634205e-15,4.0179618e-15,14.131434,28.262869,14.131434,4.390567e-15,5.1664415e-15,4.522531e-15,1.0149292,2.0298584,1.0149292,3.3292029e-15,4.3398e-15,4.2957204e-15,9.728484,19.456968,9.728484,5.142673e-15,4.829031e-15,4.1487394e-15,3.8636992,7.7273984
2,0.8351406,4.9016004,11.625286,14.570159,10.595182,6.3539557,5.4764967,6.464982,5.747197,4.6361704,7.165926,20.810625,25.73055,36.311226,31.797377,12.690396,10.8367405,8.430861,5.568888,4.7127404,8.512019,6.8817506,16.696827,28.924961,26.61569,46.075474,48.441204,31.860674,58.61052,84.45064,54.258587,80.98594,76.63384,41.26198,30.217157,26.857988,41.6974,41.110764,24.697111,36.092125,41.668846,32.439716,36.91207,44.488132,44.28133,45.61082,30.92244,30.186344,19.543196,12.791879,8.31523,9.38354,3.8727233,3.3536983,5.426601,15.96366,27.418085,35.0619,33.17722,26.37489,40.81833,41.75111,71.06847,64.906555,24.061161,22.80361,21.602993,28.848755,36.021114,30.665558,46.682358,29.844992,28.951647,21.393202,38.012787,53.78092,50.78964,30.161713,23.49118,18.120335,22.02829,12.983832,4.8113894,3.4011219,5.0002604,5.678845,13.694746,14.373551,13.36536,26.898882,24.305563,34.615864,30.106071,45.778976,40.482353,26.457748,28.631819,17.964972,7.940601,6.124316,13.519866,19.929949,9.309967,25.436865,41.894623,37.77955,23.37448,37.193558,40.627342,22.351896,9.059782,13.997007,18.6767,15.56042,7.90723,3.6301115,10.277743,23.897678,18.147383,30.39238,41.616486,29.639116,21.247942,24.605867,12.513035,10.500187,13.494761,8.479484,8.908931,6.022599,19.2183,23.106028,35.17058,35.02989,26.241682,24.856415,29.792566,27.457756,42.03453,29.811909,8.268893,6.485856,3.4901779,2.416697,6.8551145,10.708759,9.773851,12.250024,10.192678,12.559276,11.70885,22.178806,23.044348,9.158547,5.6908827,8.345444,8.582134,4.595346,11.101498,17.735798,13.29617,11.278181,18.779646,33.778618,25.624949,31.763067,22.958908,25.265818,16.203445,14.627582,13.371846,12.718028,9.114685,11.3292675,10.49922,18.974335,25.545914,14.923867,8.316416,12.844051,13.957127,5.73686,4.0266194,7.3774347,10.793965,14.312737,9.441605,7.7515864,19.345808,14.055398,7.403318,9.879888,18.248795
2,4.2596216,5.968159,11.727904,15.231347,13.90898,8.377896,10.16439,14.467881,18.245777,15.943737,17.383055,29.89503,32.659634,16.621555,9.078237,12.762515,12.631551,16.370935,15.175463,15.385651,17.945032,16.582552,18.613771,42.074444,41.025494,16.588402,30.672861,23.976542,8.196935,13.660901,12.610655,27.148273,43.372597,50.060738,51.6077,50.574837,44.295097,43.81934,41.03464,16.08849,12.603753,8.012635,13.766235,22.53321,19.119238,12.884351,11.598825,16.228907,15.161581,16.50048,15.038011,20.285215,16.373997,22.82249,28.344503,25.5753,25.203543,27.932846,29.980625,31.952375,37.161148,51.47145,25.477917,12.345666,14.144643,19.539488,51.197903,46.114067,34.715515,24.674036,21.823486,23.243378,40.582172,32.16511,18.750095,12.598785,21.74903,27.644361,22.51832,21.46859,13.724522,15.989686,9.326853,12.81808,18.491936,19.919916,20.986591,14.342448,9.746766,13.781598,24.205347,19.339209,22.007046,34.442642,21.929516,24.047243,25.282547,11.5635805,8.020526,12.543745,18.930567,31.65652,26.598133,22.334219,28.42464,27.916056,22.917555,15.465971,12.643106,20.036884,19.413622,6.622922,10.64021,13.490056,19.197634,18.7879,17.204279,24.117443,18.171175,7.1639137,13.6996355,15.222269,15.038476,14.231781,9.953614,8.616915,11.455006,28.470789,26.715925,22.220642,12.338746,8.420057,13.107856,15.640154,16.791752,10.978253,7.428408,15.121981,19.814945,19.497873,14.432312,9.655856,16.258596,18.300327,9.856763,5.591258,8.918851,9.461363,5.875434,6.551616,11.0556345,14.141343,14.118485,9.516653,16.471035,19.48149,14.19584,12.821509,10.490589,10.243656,9.270946,7.408668,11.307068,13.102771,7.2871766,14.194348,14.901494,12.066541,7.809188,7.164386,10.897162,10.044562,5.439106,6.231287,5.3344226,5.6368465,9.940346,8.538188,7.3952703,7.408736,5.6824284,9.895676,8.083794,2.9125555,3.668162,6.146316,9.257087,7.689277,12.209924,13.206572,7.6930423,7.1797104,6.762561
2,13.951229,12.505479,7.1899242,7.5999055,6.7686667,9.088173,12.559908,17.3293,19.28717,10.429416,6.027847,8.314593,7.81134,25.626417,25.834044,23.095686,33.37874,38.741837,18.491661,11.05157,15.321884,15.30008,11.368166,13.70836,12.006828,7.607957,6.029439,11.142778,17.42436,18.356327,31.12222,60.941605,63.448547,24.87408,36.68728,30.966244,40.17996,40.78697,34.57784,34.485603,18.247513,25.872202,40.384136,18.512754,10.770572,10.800108,17.477856,19.23779,25.249664,29.253944,33.67376,29.538572,13.357629,11.342982,13.7653475,10.833052,5.1033883,13.830242,27.587156,23.340298,17.3376,21.273855,32.67394,37.557564,22.073254,17.660484,35.41302,45.449123,40.226074,24.304214,16.126488,25.895155,20.385178,31.749378,30.787096,17.237612,25.804539,24.556074,23.005907,24.991459,31.553484,27.634237,25.828493,30.313293,27.186947,19.350065,15.49021,23.260723,33.47276,24.963814,21.57379,20.384602,21.354876,15.243237,29.259697,21.077524,9.939636,14.142975,15.150333,16.017164,29.463503,28.60405,32.688046,24.638823,11.372403,11.599418,21.344093,26.431112,22.243698,6.858765,28.789515,33.63699,15.202784,22.002777,13.136234,21.954672,23.616636,27.972565,18.755817,12.396784,11.474103,15.160084,24.098835,25.584078,16.765625,26.307117,30.580956,20.524887,27.738909,25.438469,21.648232,11.760245,5.6251173,5.791258,11.445613,15.58168,10.114273,24.427502,24.615147,14.891697,11.408594,13.643254,18.693687,16.095253,25.873804,30.643705,18.475,17.832478,20.08774,12.080376,7.7935505,14.66754,18.011185,10.202742,20.389416,28.676542,16.132816,13.619037,20.244915,17.296377,23.474596,32.655212,21.519218,8.045793,12.90489,12.883233,14.681793,7.316039,6.5314593,11.542044,10.595754,18.19366,15.598344,12.085272,19.226278,19.710085,14.638861,20.44991,24.821318,9.2213125,9.874724,19.00097,14.446573,7.9932942,7.9085693,6.6879897,14.608396,14.789551,6.8686833,12.099222,28.743074,26.379051,16.071796
2,6.793599,13.777075,15.69294,14.366768,8.459724,12.518165,11.914969,4.521419,3.4630675,9.936849,11.219355,6.099968,17.428642,25.318884,29.004469,16.637007,15.428808,13.0217495,7.4790177,13.925411,16.44162,15.681426,9.10482,5.774492,3.9961998,19.713326,48.836784,105.821396,94.49242,24.183418,9.9755945,36.09865,38.201958,10.387008,19.053165,15.468618,18.905775,36.27396,19.812809,10.211814,32.51771,74.826256,45.9667,2.7944314,2.3186119,3.067494,15.220516,18.092333,7.7840457,20.606453,17.342878,3.9321387,11.440632,47.994144,60.045067,61.723614,36.097,28.466728,43.57181,69.1195,37.989494,24.647669,28.469385,29.963678,43.752476,40.10234,21.170656,31.71759,66.10208,69.39399,16.564083,6.9622755,13.039343,16.712347,14.618633,12.30262,15.9802885,22.23386,27.843037,27.636675,27.148489,25.424335,12.5780325,13.993913,22.714481,34.592903,43.605625,45.837685,43.97691,23.98579,15.384986,11.261134,9.098476,12.620223,19.06613,24.290894,27.546833,24.975796,26.786423,35.052475,51.688274,30.452988,6.267516,5.9072905,5.6157546,22.66186,25.78158,8.541015,14.393659,23.830357,30.924437,32.27059,33.047462,32.099716,29.580137,26.565151,24.6806,21.109463,9.236297,8.286382,6.615544,5.5446024,8.6140585,9.92893,12.770065,18.808601,31.05916,37.780407,37.316265,27.212679,12.592296,8.985094,10.085211,4.1207333,2.3656394,10.512539,15.763489,13.23235,19.663568,18.781515,5.8217797,8.082899,16.772459,18.887234,6.649599,6.152538,12.961295,19.236988,23.302921,13.388133,10.357873,17.300026,14.177786,23.216295,25.342562,15.247264,35.981796,28.936108,4.171269,3.6875148,2.1407118,5.150619,8.067035,4.313824,2.7530632,6.2607307,12.121912,19.270575,19.45706,17.167141,10.637001,10.655254,16.298065,22.916025,26.041544,25.578201,21.669449,9.767435,15.017439,11.685121,5.632209,5.738508,4.6656833,17.573643,24.953386,8.7781725,3.0069945,6.565787,11.088985,14.568859,12.691576,9.473591,4.4465413
2,1.4791472,5.6201954,28.89403,30.068123,6.431726,2.7272806,2.9105945,15.997298,17.759058,16.612844,37.934147,22.166048,12.564305,14.966409,5.608902,9.98668,6.3225574,7.203337,9.218704,7.5972276,19.768204,13.370301,1.2321477,1.25349,9.709845,29.785278,22.268463,65.25476,96.35774,35.556713,28.770817,22.453272,7.6642127,11.507299,9.398922,30.753866,25.861763,40.819004,69.63789,30.134586,25.451653,22.883533,31.476833,57.709137,27.015684,19.411236,18.748337,6.487084,10.828079,5.4173255,1.3336993,1.3833225,7.6228647,16.531672,9.697296,23.931671,26.594904,8.783848,14.115695,9.235389,30.894659,36.824947,13.180732,22.186687,14.3293495,26.423323,33.805927,10.003108,1.9226635,4.9374166,50.50817,69.432175,27.068846,44.856598,32.62075,4.1693597,4.167577,3.5044453,10.794534,8.436954,1.9702733,2.695433,1.5656519,4.393779,3.752806,20.484299,35.110172,18.316048,43.66045,39.29686,19.803572,34.495594,19.203045,49.436813,47.75092,16.876883,28.472254,17.22975,52.98455,54.866837,13.495878,14.406433,7.7865725,1.9932928,2.2233267,9.360373,21.982025,12.841796,6.788963,8.121636,12.169004,30.748083,19.930544,39.58195,50.613758,19.86471,36.052513,24.52287,23.458519,32.12269,15.376067,34.189095,24.879091,3.8748157,4.5542955,7.924249,26.34508,20.627903,21.617119,34.11651,13.519176,8.066075,6.7597103,1.0492008,0.89773196,3.7608755,15.64836,14.08704,3.0239613,3.7489197,5.4547014,24.280884,23.440903,4.836313,3.9611032,2.2211637,5.2827554,5.477656,6.1273456,13.068113,7.0685253,1.4368826,1.5887498,3.4328046,8.010492,4.746042,5.411505,6.4657207,8.331583,20.94998,13.238946,10.73997,13.705321,13.697417,36.472145,24.81103,23.560736,32.26212,10.508336,0.89040786,0.3312029,0.85806984,1.2585862,1.1920315,3.7601583,2.9373646,2.8473577,4.5112658,2.345268,5.905563,4.95412,1.1066104,1.5485599,3.9922547,16.461842,14.815115,8.998681,15.970702,9.066436,24.360739,23.521374,18.00846,34.794598
2,3.6001887,4.68389,11.490068,12.428119,4.693417,2.2081215,5.52386,8.745089,7.616149,7.051103,7.9592733,7.077422,10.207953,8.591892,12.76357,15.081206,18.169746,30.853016,20.28092,9.677662,5.6303616,5.0843554,3.6646254,4.3517146,9.377679,11.012343,6.160949,7.594654,6.5593925,15.130092,22.22306,19.616926,19.811584,23.398512,47.60324,108.89943,167.34097,71.54892,40.693325,24.93381,5.2506633,6.4439583,15.1414385,16.912668,13.508768,14.363751,8.003698,6.077446,10.137535,14.5589285,19.364939,16.056469,23.778576,33.466373,29.836782,22.975452,21.652231,11.014908,16.279219,10.764925,15.101922,15.216114,12.511934,9.9177475,6.598641,24.337395,35.03545,39.551243,37.202835,55.931576,80.867386,87.078636,97.14937,49.221962,45.324986,26.204529,15.7813225,20.590342,17.187214,11.46316,14.1942425,12.383121,9.43585,7.419081,3.998359,6.5722885,9.680259,7.130488,11.645204,24.451208,24.345219,24.526554,21.268068,13.097757,13.298672,9.202574,15.863451,15.077216,17.49288,14.408212,16.7979,26.861954,32.174076,34.904842,35.68577,62.46326,76.23995,46.46168,43.600033,37.101414,24.258276,11.884439,21.14384,29.137486,17.929447,15.215107,13.483351,10.027592,13.195155,12.744726,12.259654,6.714842,10.225436,16.998203,10.372625,10.24938,12.185817,18.036617,14.110549,13.486726,15.649787,8.422393,4.39177,13.174605,24.450573,19.195873,23.540207,20.183788,15.065049,20.716003,28.202309,44.849228,44.893406,22.239296,36.153217,24.817875,8.019739,8.709823,19.514692,21.485601,17.007263,22.357624,13.089611,7.864459,8.709519,11.013191,10.524971,8.275443,8.892545,13.572784,10.500427,8.976073,15.938438,10.619298,5.2436094,7.9005933,7.6512275,7.0674877,12.623304,15.815787,22.150385,19.473845,18.929485,10.19878,4.171812,5.7364917,15.267828,25.474356,21.305902,16.243855,26.887854,14.831764,7.1674414,9.169874,11.612841,11.841199,20.338045,21.655355,9.352049,8.975508,9.59684,10.645312,11.014507
2,0.38962692,3.724139,9.811935,7.2116637,12.643946,10.751532,11.317877,12.06978,19.164062,25.710009,14.726831,21.550898,10.526778,10.853858,6.323458,4.134186,3.1246414,2.7487967,4.92002,30.581196,36.72264,21.17881,28.660645,11.803017,9.500451,5.648843,8.101017,13.146944,45.079292,37.657978,13.361504,13.046487,2.9934132,0.9564139,2.787744,4.827309,5.112941,10.653294,11.858766,31.586521,24.06874,26.647963,24.957294,5.632852,4.262919,3.524641,5.118133,20.207552,40.186615,20.128935,2.5113304,2.4862287,6.874083,6.780257,20.136639,21.368032,7.3768406,7.7695284,8.129553,13.588261,16.603577,35.528454,21.23364,18.719074,14.13702,13.838978,14.037289,41.270634,49.54589,31.982851,44.52047,16.814096,4.419454,2.6800673,4.1710453,6.842201,23.298388,19.40571,3.8340805,4.097695,28.272156,38.35762,12.294751,1.5000899,3.6539834,8.322803,5.778242,10.05778,9.924921,29.464806,27.731586,6.9800296,5.9214406,9.985683,15.127781,8.896641,13.5872965,9.759892,18.90316,12.4375925,6.7310038,5.638395,4.9555845,5.229093,7.422378,9.975803,3.6535106,3.0894046,9.898678,22.593208,13.112721,6.7185707,5.180193,6.8437943,6.425238,2.8903193,3.2662592,10.662752,16.364895,7.539471,8.910717,6.5906286,12.842792,8.365754,2.5218935,2.0908659,2.1324286,2.295414,4.465781,6.0173864,4.4347534,6.9512453,9.2304945,19.979298,11.496872,3.9207535,3.7389712,10.965694,10.371942,6.806649,7.8445044,3.1636052,3.5868502,5.655382,11.022402,7.481557,13.366656,9.772408,17.063148,14.32054,8.884094,9.188295,2.0450554,0.3134538,5.0029488,8.750035,4.0694375,3.4218369,1.9813728,1.1083597,0.8346468,0.8216046,1.6734984,10.858449,13.026611,6.448521,8.399418,7.72774,14.05855,7.679525,8.471311,5.526916,1.5601264,1.4076914,3.4192317,3.6244524,0.88207835,0.5156947,2.1796174,3.8018303,1.7073128,1.0268843,0.953779,2.3753421,3.3618546,12.880837,12.127329,3.0070083,2.5069869,3.5551174,5.351621,6.660513,12.650232
2,5.21653,13.988366,14.458658,3.9308455,10.103686,11.271981,10.701754,5.3599634,9.7271,19.397715,12.086992,28.88424,56.298725,39.161884,27.214764,6.276116,8.39116,21.198965,39.27024,22.44116,13.627454,17.046724,18.999134,17.475126,12.950452,54.01495,58.228077,44.773228,39.631462,34.75567,20.741072,16.601982,17.41436,22.57927,18.014454,15.821602,16.805834,47.971195,56.4804,61.503113,43.612965,31.723936,8.2969675,20.150877,20.142488,5.464771,3.3009934,3.0399723,3.6712787,11.88432,17.226696,25.96867,36.328297,35.755253,23.542189,17.908474,25.923655,43.548134,23.751898,15.844443,25.384817,19.095062,19.610207,27.872932,45.09266,45.026817,28.729824,29.844688,32.264835,37.62408,18.674082,12.894623,25.91024,19.470634,19.048477,25.308008,30.034874,27.501652,9.923185,30.737526,31.157146,14.472909,22.429056,23.648926,20.608685,10.138648,7.67319,16.513128,32.326885,42.640755,57.814964,32.74701,16.879879,15.900949,44.751987,50.37033,48.14695,34.506004,27.79135,23.331469,24.556257,29.76611,40.624645,26.347187,17.161896,7.299601,13.38119,34.647232,64.06952,33.02103,12.317546,17.980879,11.078512,12.748565,22.018927,15.148935,10.818806,6.3412232,7.8062735,15.444113,28.035738,32.919415,29.887247,7.2436604,10.121784,10.83518,9.626962,17.622896,18.44781,14.264506,6.9479704,3.5235503,10.453343,40.21885,40.212193,11.842283,33.130962,33.248474,11.748431,19.496695,19.457878,8.995802,6.2523484,6.3312225,9.3593645,21.064095,24.259989,25.66159,17.326786,12.211476,5.3350916,3.7485385,6.3160095,11.219389,7.133248,5.5424423,7.3285584,18.155943,19.039724,13.337947,9.136689,15.239612,27.698328,13.988419,2.0421333,2.9500544,13.38633,14.000474,8.903888,4.379714,7.0010157,13.992804,12.01481,20.273703,35.87004,24.122545,16.29111,7.942083,25.069613,25.817287,13.822688,9.31,12.164381,20.470976,14.981814,12.234847,12.137374,23.369865,23.75128,14.709469,7.9082303,13.6560955,26.280323
